chr	rs	ps	n_miss	allele1	allele0	af	beta	se	logl_H1	l_remle	l_mle	p_wald	p_lrt	p_score
1	1_44747	44747	1	C	G	0.265	-1.527120e+05	1.605581e+05	-5.225239e+02	1.000000e-05	1.000000e+05	3.484519e-01	2.822164e-01	2.939241e-01
1	1_44753	44753	2	G	A	0.273	-1.608753e+05	1.612248e+05	-5.223708e+02	1.000000e-05	1.000000e+05	3.256215e-01	2.265016e-01	2.398760e-01
1	1_44785	44785	2	G	A	0.152	-1.623142e+05	2.012851e+05	-5.228794e+02	1.000000e-05	1.000000e+05	4.257917e-01	5.045087e-01	5.104856e-01
1	1_47564	47564	0	G	A	0.400	2.666283e+05	1.367899e+05	-5.217656e+02	1.000000e-05	1.000000e+05	5.981580e-02	1.020594e-01	1.181938e-01
1	1_47575	47575	1	G	A	0.412	2.110320e+05	1.411864e+05	-5.226058e+02	1.000000e-05	1.000000e+05	1.444933e-01	3.190998e-01	3.297214e-01
1	1_47671	47671	2	G	A	0.455	1.151559e+05	1.449837e+05	-5.230886e+02	1.000000e-05	1.000000e+05	4.327145e-01	8.693558e-01	8.703839e-01
1	1_47684	47684	3	C	G	0.469	1.160781e+05	1.469238e+05	-5.230866e+02	1.000000e-05	1.000000e+05	4.351355e-01	8.600759e-01	8.611837e-01
1	1_47686	47686	3	A	G	0.469	1.160781e+05	1.469238e+05	-5.230866e+02	1.000000e-05	1.000000e+05	4.351355e-01	8.600759e-01	8.611837e-01
1	1_101060	101060	0	T	C	0.171	-1.422757e+05	1.861298e+05	-5.230634e+02	1.000000e-05	1.000000e+05	4.500666e-01	7.808395e-01	7.826924e-01
1	1_170985	170985	0	A	G	0.143	-1.301561e+05	2.009610e+05	-5.229838e+02	1.000000e-05	1.000000e+05	5.216803e-01	6.266986e-01	6.304888e-01
1	1_291990	291990	1	T	G	0.441	-8.456268e+04	2.933423e+05	-5.230843e+02	3.231803e-01	1.000000e+05	7.749406e-01	8.504041e-01	8.515965e-01
1	1_309593	309593	4	A	G	0.387	-1.993242e+05	1.504223e+05	-5.227268e+02	1.000000e-05	1.000000e+05	1.942412e-01	3.862749e-01	3.950343e-01
1	1_363954	363954	0	A	G	0.286	-1.450476e+05	1.546045e+05	-5.230836e+02	1.000000e-05	1.000000e+05	3.549658e-01	8.474680e-01	8.486863e-01
1	1_477160	477160	0	A	C	0.200	4.443264e+05	1.621256e+05	-5.207245e+02	9.746887e-02	1.000000e+05	9.820167e-03	2.920846e-02	4.264947e-02
1	1_606536	606536	0	A	G	0.143	-1.301561e+05	2.009610e+05	-5.229838e+02	1.000000e-05	1.000000e+05	5.216803e-01	6.266986e-01	6.304888e-01
1	1_743295	743295	0	T	C	0.143	-1.301561e+05	2.009610e+05	-5.229838e+02	1.000000e-05	1.000000e+05	5.216803e-01	6.266986e-01	6.304888e-01
1	1_807596	807596	0	T	C	0.171	-1.422757e+05	1.861298e+05	-5.230634e+02	1.000000e-05	1.000000e+05	4.500666e-01	7.808395e-01	7.826924e-01
1	1_927896	927896	1	C	T	0.265	-1.399471e+05	1.609164e+05	-5.229072e+02	1.000000e-05	1.000000e+05	3.907528e-01	5.323597e-01	5.377788e-01
1	1_927901	927901	1	C	A	0.265	-1.399471e+05	1.609164e+05	-5.229072e+02	1.000000e-05	1.000000e+05	3.907528e-01	5.323597e-01	5.377788e-01
1	1_944973	944973	0	G	C	0.429	-6.873423e+04	3.267381e+05	-5.231019e+02	4.499859e-01	1.000000e+05	8.346764e-01	9.827093e-01	9.828399e-01
1	1_971811	971811	4	G	T	0.129	-1.802115e+05	2.220930e+05	-5.209061e+02	1.000000e-05	1.000000e+05	4.229367e-01	3.610470e-02	5.030150e-02
1	1_975012	975012	0	C	T	0.086	-1.529838e+05	2.513802e+05	-5.230987e+02	1.000000e-05	1.000000e+05	5.469725e-01	9.339191e-01	9.344233e-01
1	1_975152	975152	4	T	C	0.290	1.012331e+05	1.647151e+05	-5.226816e+02	1.000000e-05	1.000000e+05	5.430368e-01	3.590879e-01	3.685793e-01
1	1_975212	975212	0	C	T	0.400	-9.569418e+04	1.434859e+05	-5.225047e+02	1.000000e-05	1.000000e+05	5.094575e-01	2.743352e-01	2.862785e-01
1	1_975397	975397	2	T	C	0.424	9.846133e+04	1.464597e+05	-5.230146e+02	1.000000e-05	1.000000e+05	5.060883e-01	6.756585e-01	6.787472e-01
1	1_975445	975445	2	T	C	0.303	1.770300e+05	1.555571e+05	-5.222781e+02	1.000000e-05	1.000000e+05	2.632997e-01	1.992153e-01	2.133808e-01
1	1_975457	975457	2	A	G	0.333	1.749038e+05	1.515710e+05	-5.229146e+02	1.000000e-05	1.000000e+05	2.568139e-01	5.402588e-01	5.455264e-01
1	1_975510	975510	2	T	C	0.152	-1.148258e+05	2.022737e+05	-5.230547e+02	1.000000e-05	1.000000e+05	5.740976e-01	7.580934e-01	7.601863e-01
1	1_1065714	1065714	0	G	A	0.286	-1.450476e+05	1.546045e+05	-5.230836e+02	1.000000e-05	1.000000e+05	3.549658e-01	8.474680e-01	8.486863e-01
1	1_1317098	1317098	0	T	C	0.543	9.973083e+04	1.409972e+05	-5.230631e+02	1.000000e-05	1.000000e+05	4.843301e-01	7.798289e-01	7.816922e-01
1	1_1354376	1354376	0	A	G	0.429	-6.873423e+04	3.267381e+05	-5.231019e+02	4.499859e-01	1.000000e+05	8.346764e-01	9.827093e-01	9.828399e-01
1	1_1471243	1471243	0	T	C	0.429	-6.873423e+04	3.267381e+05	-5.231019e+02	4.499859e-01	1.000000e+05	8.346764e-01	9.827093e-01	9.828399e-01
1	1_1509932	1509932	0	A	C	0.371	-1.596597e+05	1.438027e+05	-5.224211e+02	1.000000e-05	1.000000e+05	2.749082e-01	2.431764e-01	2.560544e-01
1	1_1509935	1509935	0	G	C	0.371	-1.596597e+05	1.438027e+05	-5.224211e+02	1.000000e-05	1.000000e+05	2.749082e-01	2.431764e-01	2.560544e-01
1	1_1509940	1509940	0	G	C	0.371	-1.596597e+05	1.438027e+05	-5.224211e+02	1.000000e-05	1.000000e+05	2.749082e-01	2.431764e-01	2.560544e-01
1	1_1581524	1581524	1	A	G	0.206	-1.453974e+05	1.757556e+05	-5.230441e+02	1.000000e-05	1.000000e+05	4.140261e-01	7.334248e-01	7.357939e-01
1	1_1583615	1583615	0	C	T	0.429	-6.873423e+04	3.267381e+05	-5.231019e+02	4.499859e-01	1.000000e+05	8.346764e-01	9.827093e-01	9.828399e-01
1	1_1943622	1943622	0	G	A	0.429	-6.873423e+04	3.267381e+05	-5.231019e+02	4.499859e-01	1.000000e+05	8.346764e-01	9.827093e-01	9.828399e-01
1	1_2108016	2108016	0	G	C	0.371	-1.596597e+05	1.438027e+05	-5.224211e+02	1.000000e-05	1.000000e+05	2.749082e-01	2.431764e-01	2.560544e-01
1	1_2194658	2194658	0	A	G	0.143	-1.301561e+05	2.009610e+05	-5.229838e+02	1.000000e-05	1.000000e+05	5.216803e-01	6.266986e-01	6.304888e-01
1	1_2205937	2205937	0	G	C	0.429	-6.873423e+04	3.267381e+05	-5.231019e+02	4.499859e-01	1.000000e+05	8.346764e-01	9.827093e-01	9.828399e-01
2	2_71426	71426	0	T	C	0.429	-6.873423e+04	3.267381e+05	-5.231019e+02	4.499859e-01	1.000000e+05	8.346764e-01	9.827093e-01	9.828399e-01
2	2_140257	140257	0	G	A	0.429	-6.873423e+04	3.267381e+05	-5.231019e+02	4.499859e-01	1.000000e+05	8.346764e-01	9.827093e-01	9.828399e-01
2	2_150696	150696	0	T	C	0.429	-6.873423e+04	3.267381e+05	-5.231019e+02	4.499859e-01	1.000000e+05	8.346764e-01	9.827093e-01	9.828399e-01
2	2_270700	270700	2	T	C	0.364	2.729442e+05	1.438570e+05	-5.221164e+02	1.000000e-05	1.000000e+05	6.656349e-02	1.602941e-01	1.754839e-01
2	2_270799	270799	6	A	G	0.138	-1.326424e+05	2.242679e+05	-5.221947e+02	1.000000e-05	1.000000e+05	5.582514e-01	1.779152e-01	1.926628e-01
2	2_270855	270855	2	G	A	0.485	-1.650374e+05	1.429663e+05	-5.227245e+02	1.000000e-05	1.000000e+05	2.566360e-01	3.848421e-01	3.936393e-01
2	2_270969	270969	1	T	G	0.412	-1.327933e+05	1.440440e+05	-5.229071e+02	1.000000e-05	1.000000e+05	3.632754e-01	5.322248e-01	5.376466e-01
2	2_270970	270970	1	T	A	0.412	-1.327933e+05	1.440440e+05	-5.229071e+02	1.000000e-05	1.000000e+05	3.632754e-01	5.322248e-01	5.376466e-01
2	2_270971	270971	1	C	A	0.412	-1.327933e+05	1.440440e+05	-5.229071e+02	1.000000e-05	1.000000e+05	3.632754e-01	5.322248e-01	5.376466e-01
2	2_270994	270994	1	A	G	0.500	-1.611501e+05	1.408308e+05	-5.227151e+02	1.000000e-05	1.000000e+05	2.607393e-01	3.789380e-01	3.878917e-01
2	2_294465	294465	1	G	A	0.147	-1.373400e+05	2.013124e+05	-5.228669e+02	1.000000e-05	1.000000e+05	4.998589e-01	4.928060e-01	4.990282e-01
2	2_508674	508674	0	G	A	0.429	-6.873423e+04	3.267381e+05	-5.231019e+02	4.499859e-01	1.000000e+05	8.346764e-01	9.827093e-01	9.828399e-01
2	2_595266	595266	0	A	G	0.429	-6.873423e+04	3.267381e+05	-5.231019e+02	4.499859e-01	1.000000e+05	8.346764e-01	9.827093e-01	9.828399e-01
2	2_697983	697983	0	A	G	0.514	1.270002e+05	1.398596e+05	-5.224694e+02	1.000000e-05	1.000000e+05	3.704333e-01	2.606178e-01	2.729725e-01
2	2_746031	746031	0	G	A	0.086	-8.980503e+04	2.523046e+05	-5.229898e+02	1.000000e-05	1.000000e+05	7.241517e-01	6.355562e-01	6.392128e-01
2	2_774357	774357	0	A	C	0.429	-6.873423e+04	3.267381e+05	-5.231019e+02	4.499859e-01	1.000000e+05	8.346764e-01	9.827093e-01	9.828399e-01
2	2_820645	820645	0	T	A	0.429	-6.873423e+04	3.267381e+05	-5.231019e+02	4.499859e-01	1.000000e+05	8.346764e-01	9.827093e-01	9.828399e-01
2	2_963693	963693	0	T	G	0.371	-1.596597e+05	1.438027e+05	-5.224211e+02	1.000000e-05	1.000000e+05	2.749082e-01	2.431764e-01	2.560544e-01
2	2_983795	983795	0	G	C	0.514	1.270002e+05	1.398596e+05	-5.224694e+02	1.000000e-05	1.000000e+05	3.704333e-01	2.606178e-01	2.729725e-01
2	2_1088064	1088064	0	T	C	0.143	-1.301561e+05	2.009610e+05	-5.229838e+02	1.000000e-05	1.000000e+05	5.216803e-01	6.266986e-01	6.304888e-01
2	2_1162362	1162362	0	G	C	0.429	-6.873423e+04	3.267381e+05	-5.231019e+02	4.499859e-01	1.000000e+05	8.346764e-01	9.827093e-01	9.828399e-01
2	2_1225303	1225303	0	A	G	0.514	1.270002e+05	1.398596e+05	-5.224694e+02	1.000000e-05	1.000000e+05	3.704333e-01	2.606178e-01	2.729725e-01
2	2_1406556	1406556	0	G	A	0.429	-6.873423e+04	3.267381e+05	-5.231019e+02	4.499859e-01	1.000000e+05	8.346764e-01	9.827093e-01	9.828399e-01
2	2_1519281	1519281	0	T	C	0.429	-6.873423e+04	3.267381e+05	-5.231019e+02	4.499859e-01	1.000000e+05	8.346764e-01	9.827093e-01	9.828399e-01
3	3_10892	10892	1	C	G	0.088	7.413287e+05	2.177711e+05	-5.171114e+02	1.000000e-05	1.000000e+05	1.758191e-03	5.373049e-04	3.153098e-03
3	3_61845	61845	0	G	T	0.429	-6.873423e+04	3.267381e+05	-5.231019e+02	4.499859e-01	1.000000e+05	8.346764e-01	9.827093e-01	9.828399e-01
3	3_83036	83036	0	T	C	0.429	-6.873423e+04	3.267381e+05	-5.231019e+02	4.499859e-01	1.000000e+05	8.346764e-01	9.827093e-01	9.828399e-01
3	3_84476	84476	0	T	C	0.400	-6.564319e+04	1.790948e+05	-5.229196e+02	5.088182e-02	1.000000e+05	7.163111e-01	5.457590e-01	5.509228e-01
3	3_97584	97584	0	G	T	0.143	-1.301561e+05	2.009610e+05	-5.229838e+02	1.000000e-05	1.000000e+05	5.216803e-01	6.266986e-01	6.304888e-01
3	3_189938	189938	0	T	C	0.143	-1.301561e+05	2.009610e+05	-5.229838e+02	1.000000e-05	1.000000e+05	5.216803e-01	6.266986e-01	6.304888e-01
3	3_207299	207299	1	A	G	0.147	-7.886041e+04	2.022615e+05	-5.230855e+02	1.000000e-05	1.000000e+05	6.991206e-01	8.552459e-01	8.563957e-01
3	3_288811	288811	0	T	C	0.143	-1.307737e+05	2.009455e+05	-5.231020e+02	1.000000e-05	1.000000e+05	5.196870e-01	9.886287e-01	9.887145e-01
3	3_296203	296203	0	G	A	0.286	-1.450476e+05	1.546045e+05	-5.230836e+02	1.000000e-05	1.000000e+05	3.549658e-01	8.474680e-01	8.486863e-01
3	3_354680	354680	0	C	T	0.429	-6.873423e+04	3.267381e+05	-5.231019e+02	4.499859e-01	1.000000e+05	8.346764e-01	9.827093e-01	9.828399e-01
3	3_401715	401715	0	T	C	0.429	-6.873423e+04	3.267381e+05	-5.231019e+02	4.499859e-01	1.000000e+05	8.346764e-01	9.827093e-01	9.828399e-01
3	3_449970	449970	0	T	C	0.371	-1.596597e+05	1.438027e+05	-5.224211e+02	1.000000e-05	1.000000e+05	2.749082e-01	2.431764e-01	2.560544e-01
3	3_485530	485530	0	T	C	0.286	-1.450476e+05	1.546045e+05	-5.230836e+02	1.000000e-05	1.000000e+05	3.549658e-01	8.474680e-01	8.486863e-01
3	3_493126	493126	0	C	T	0.457	-9.973083e+04	1.409972e+05	-5.230631e+02	1.000000e-05	1.000000e+05	4.843301e-01	7.798289e-01	7.816922e-01
3	3_741271	741271	0	T	C	0.143	-1.301561e+05	2.009610e+05	-5.229838e+02	1.000000e-05	1.000000e+05	5.216803e-01	6.266986e-01	6.304888e-01
3	3_750294	750294	0	T	G	0.257	-1.389648e+05	1.600960e+05	-5.216109e+02	1.000000e-05	1.000000e+05	3.916579e-01	8.417099e-02	1.002936e-01
3	3_860957	860957	0	A	T	0.457	-1.539155e+05	1.395044e+05	-5.229244e+02	1.000000e-05	1.000000e+05	2.778770e-01	5.509903e-01	5.560566e-01
3	3_862065	862065	0	G	A	0.229	-1.132194e+05	1.673681e+05	-5.228171e+02	1.000000e-05	1.000000e+05	5.034569e-01	4.502576e-01	4.574277e-01
3	3_862068	862068	0	G	A	0.229	-1.132194e+05	1.673681e+05	-5.228171e+02	1.000000e-05	1.000000e+05	5.034569e-01	4.502576e-01	4.574277e-01
3	3_862069	862069	4	A	G	0.258	-1.297249e+05	1.703512e+05	-5.226752e+02	1.000000e-05	1.000000e+05	4.517580e-01	3.554832e-01	3.650740e-01
3	3_968415	968415	1	G	C	0.441	-8.456268e+04	2.933423e+05	-5.230843e+02	3.231803e-01	1.000000e+05	7.749406e-01	8.504041e-01	8.515965e-01
3	3_1070130	1070130	0	G	A	0.400	-6.564319e+04	1.790948e+05	-5.229196e+02	5.088182e-02	1.000000e+05	7.163111e-01	5.457590e-01	5.509228e-01
3	3_1071924	1071924	0	G	A	0.343	-1.357816e+05	1.472000e+05	-5.230877e+02	1.000000e-05	1.000000e+05	3.630002e-01	8.649429e-01	8.660088e-01
3	3_1071929	1071929	0	C	T	0.343	-1.357816e+05	1.472000e+05	-5.230877e+02	1.000000e-05	1.000000e+05	3.630002e-01	8.649429e-01	8.660088e-01
3	3_1180025	1180025	0	C	T	0.429	-6.873423e+04	3.267381e+05	-5.231019e+02	4.499859e-01	1.000000e+05	8.346764e-01	9.827093e-01	9.828399e-01
3	3_1234218	1234218	0	G	A	0.314	-1.095699e+05	1.512382e+05	-5.222034e+02	1.000000e-05	1.000000e+05	4.738730e-01	1.800193e-01	1.947114e-01
3	3_1318833	1318833	0	T	C	0.429	-6.873423e+04	3.267381e+05	-5.231019e+02	4.499859e-01	1.000000e+05	8.346764e-01	9.827093e-01	9.828399e-01
3	3_1330004	1330004	0	T	C	0.143	-1.301561e+05	2.009610e+05	-5.229838e+02	1.000000e-05	1.000000e+05	5.216803e-01	6.266986e-01	6.304888e-01
3	3_1334793	1334793	0	C	T	0.143	-1.301561e+05	2.009610e+05	-5.229838e+02	1.000000e-05	1.000000e+05	5.216803e-01	6.266986e-01	6.304888e-01
4	4_53256	53256	0	T	C	0.143	-1.301561e+05	2.009610e+05	-5.229838e+02	1.000000e-05	1.000000e+05	5.216803e-01	6.266986e-01	6.304888e-01
4	4_106294	106294	0	C	T	0.343	-1.689168e+05	1.461646e+05	-5.226400e+02	1.000000e-05	1.000000e+05	2.561187e-01	3.363408e-01	3.464680e-01
4	4_577501	577501	0	G	A	0.429	-6.873423e+04	3.267381e+05	-5.231019e+02	4.499859e-01	1.000000e+05	8.346764e-01	9.827093e-01	9.828399e-01
4	4_666976	666976	0	T	G	0.114	7.627205e+05	1.804091e+05	-5.175789e+02	1.524183e-01	1.000000e+05	1.755057e-04	8.885937e-04	4.176689e-03
4	4_667433	667433	0	G	T	0.343	3.103543e+05	1.406534e+05	-5.210175e+02	4.760389e-02	1.000000e+05	3.441633e-02	4.116552e-02	5.579578e-02
4	4_667446	667446	0	G	A	0.371	2.950835e+05	1.405881e+05	-5.212592e+02	8.344061e-02	1.000000e+05	4.355586e-02	5.487494e-02	7.031843e-02
4	4_667490	667490	1	G	A	0.382	2.705458e+05	1.401530e+05	-5.220689e+02	7.760668e-03	1.000000e+05	6.219330e-02	1.505699e-01	1.659824e-01
4	4_679331	679331	0	T	A	0.429	-6.873423e+04	3.267381e+05	-5.231019e+02	4.499859e-01	1.000000e+05	8.346764e-01	9.827093e-01	9.828399e-01
4	4_901105	901105	1	G	A	0.441	-8.456268e+04	2.933423e+05	-5.230843e+02	3.231803e-01	1.000000e+05	7.749406e-01	8.504041e-01	8.515965e-01
4	4_995956	995956	3	A	G	0.250	-2.519136e+04	1.708591e+05	-5.230896e+02	1.000000e-05	1.000000e+05	8.836824e-01	8.742625e-01	8.752491e-01
4	4_1076446	1076446	0	G	A	0.286	-4.265548e+04	1.564710e+05	-5.226852e+02	1.000000e-05	1.000000e+05	7.868521e-01	3.611816e-01	3.706155e-01
4	4_1076465	1076465	0	G	A	0.371	-7.163618e+04	1.459244e+05	-5.229907e+02	1.000000e-05	1.000000e+05	6.267369e-01	6.368696e-01	6.405066e-01
5	5_7093	7093	0	G	A	0.400	-3.673087e+04	1.443084e+05	-5.228948e+02	1.000000e-05	1.000000e+05	8.006652e-01	5.196080e-01	5.252779e-01
5	5_168988	168988	0	G	A	0.171	-1.422757e+05	1.861298e+05	-5.230634e+02	1.000000e-05	1.000000e+05	4.500666e-01	7.808395e-01	7.826924e-01
5	5_276722	276722	0	A	G	0.514	1.270002e+05	1.398596e+05	-5.224694e+02	1.000000e-05	1.000000e+05	3.704333e-01	2.606178e-01	2.729725e-01
5	5_475470	475470	2	T	C	0.364	1.223509e+05	1.499956e+05	-5.223434e+02	1.000000e-05	1.000000e+05	4.205225e-01	2.179914e-01	2.316163e-01
5	5_476407	476407	0	T	A	0.486	-1.590493e+05	1.388557e+05	-5.222616e+02	1.000000e-05	1.000000e+05	2.602706e-01	1.947961e-01	2.090857e-01
5	5_500266	500266	1	G	A	0.412	-1.241739e+05	1.442768e+05	-5.223463e+02	1.000000e-05	1.000000e+05	3.956331e-01	2.188854e-01	2.324841e-01
5	5_676974	676974	0	A	C	0.457	-1.317715e+05	1.401897e+05	-5.222992e+02	1.000000e-05	1.000000e+05	3.540722e-01	2.050739e-01	2.190729e-01
5	5_773775	773775	0	C	T	0.171	-1.422757e+05	1.861298e+05	-5.230634e+02	1.000000e-05	1.000000e+05	4.500666e-01	7.808395e-01	7.826924e-01
5	5_835130	835130	1	A	G	0.324	-1.117984e+05	1.522352e+05	-5.229347e+02	1.000000e-05	1.000000e+05	4.679041e-01	5.628612e-01	5.677109e-01
5	5_835251	835251	2	G	C	0.303	2.070378e+05	1.544309e+05	-5.220786e+02	1.000000e-05	1.000000e+05	1.891906e-01	1.525045e-01	1.678741e-01
5	5_835261	835261	2	A	G	0.303	1.943656e+05	1.549288e+05	-5.224711e+02	1.000000e-05	1.000000e+05	2.184560e-01	2.612530e-01	2.735886e-01
5	5_836479	836479	1	G	A	0.382	-1.835470e+05	1.442504e+05	-5.225763e+02	1.000000e-05	1.000000e+05	2.121172e-01	3.051164e-01	3.161458e-01
5	5_836568	836568	0	A	G	0.400	-1.518947e+05	1.420091e+05	-5.230789e+02	1.000000e-05	1.000000e+05	2.925553e-01	8.294092e-01	8.307906e-01
5	5_836697	836697	0	A	G	0.514	-1.982032e+05	1.373208e+05	-5.225759e+02	1.000000e-05	1.000000e+05	1.583460e-01	3.049454e-01	3.159799e-01
5	5_836899	836899	1	G	A	0.206	3.271126e+05	1.699564e+05	-5.218417e+02	4.594554e-02	1.000000e+05	6.292587e-02	1.123560e-01	1.284112e-01
5	5_975686	975686	0	C	G	0.457	-9.973083e+04	1.409972e+05	-5.230631e+02	1.000000e-05	1.000000e+05	4.843301e-01	7.798289e-01	7.816922e-01
5	5_1037902	1037902	0	A	G	0.429	-6.873423e+04	3.267381e+05	-5.231019e+02	4.499859e-01	1.000000e+05	8.346764e-01	9.827093e-01	9.828399e-01
5	5_1099536	1099536	0	A	G	0.171	-1.422757e+05	1.861298e+05	-5.230634e+02	1.000000e-05	1.000000e+05	4.500666e-01	7.808395e-01	7.826924e-01
5	5_1166880	1166880	0	A	G	0.143	-1.301561e+05	2.009610e+05	-5.229838e+02	1.000000e-05	1.000000e+05	5.216803e-01	6.266986e-01	6.304888e-01
5	5_1210544	1210544	0	A	G	0.514	1.270002e+05	1.398596e+05	-5.224694e+02	1.000000e-05	1.000000e+05	3.704333e-01	2.606178e-01	2.729725e-01
5	5_1245074	1245074	0	G	A	0.457	1.363225e+05	1.400638e+05	-5.230070e+02	1.000000e-05	1.000000e+05	3.374905e-01	6.627486e-01	6.660136e-01
5	5_1405166	1405166	0	G	A	0.343	-1.689168e+05	1.461646e+05	-5.226400e+02	1.000000e-05	1.000000e+05	2.561187e-01	3.363408e-01	3.464680e-01
5	5_1597105	1597105	0	C	T	0.543	9.973083e+04	1.409972e+05	-5.230631e+02	1.000000e-05	1.000000e+05	4.843301e-01	7.798289e-01	7.816922e-01
5	5_1661241	1661241	0	G	A	0.143	-1.301561e+05	2.009610e+05	-5.229838e+02	1.000000e-05	1.000000e+05	5.216803e-01	6.266986e-01	6.304888e-01
5	5_1688982	1688982	0	A	G	0.314	-1.574865e+05	1.499578e+05	-5.231014e+02	1.000000e-05	1.000000e+05	3.012540e-01	9.699192e-01	9.701467e-01
5	5_1695239	1695239	0	C	T	0.143	-1.301561e+05	2.009610e+05	-5.229838e+02	1.000000e-05	1.000000e+05	5.216803e-01	6.266986e-01	6.304888e-01
5	5_1770892	1770892	0	G	A	0.429	1.897176e+05	1.391321e+05	-5.227439e+02	1.000000e-05	1.000000e+05	1.819304e-01	3.972969e-01	4.057688e-01
5	5_1773044	1773044	0	G	A	0.114	-7.414537e+04	2.220479e+05	-5.227682e+02	1.000000e-05	1.000000e+05	7.405556e-01	4.137684e-01	4.218212e-01
5	5_1773047	1773047	0	G	A	0.343	-1.433926e+05	1.469816e+05	-5.222147e+02	1.000000e-05	1.000000e+05	3.363695e-01	1.827741e-01	1.973927e-01
5	5_1781499	1781499	0	C	A	0.429	-6.873423e+04	3.267381e+05	-5.231019e+02	4.499859e-01	1.000000e+05	8.346764e-01	9.827093e-01	9.828399e-01
6	6_191358	191358	0	C	T	0.143	4.062652e+05	1.898600e+05	-5.204510e+02	4.353936e-02	1.000000e+05	3.985578e-02	2.129869e-02	3.354025e-02
6	6_211494	211494	1	G	A	0.118	1.100133e+05	2.268558e+05	-5.223641e+02	2.280901e-02	1.000000e+05	6.309167e-01	2.243947e-01	2.378314e-01
6	6_211509	211509	0	T	C	0.143	4.272139e+04	2.020942e+05	-5.227372e+02	1.000000e-05	1.000000e+05	8.338804e-01	3.929533e-01	4.015378e-01
6	6_220264	220264	1	G	A	0.324	1.677014e+05	1.506734e+05	-5.223816e+02	1.000000e-05	1.000000e+05	2.737450e-01	2.299563e-01	2.432285e-01
6	6_220267	220267	2	G	A	0.303	1.918384e+05	1.550260e+05	-5.222218e+02	1.000000e-05	1.000000e+05	2.246496e-01	1.845462e-01	1.991172e-01
6	6_221273	221273	3	A	G	0.406	2.380973e+05	1.448772e+05	-5.220284e+02	1.000000e-05	1.000000e+05	1.097871e-01	1.427981e-01	1.583748e-01
6	6_221275	221275	2	A	G	0.424	2.164730e+05	1.425632e+05	-5.222531e+02	1.000000e-05	1.000000e+05	1.384278e-01	1.925414e-01	2.068936e-01
6	6_221282	221282	1	A	C	0.471	1.786929e+05	1.404432e+05	-5.230252e+02	1.000000e-05	1.000000e+05	2.121416e-01	6.948016e-01	6.976397e-01
6	6_239210	239210	0	G	A	0.429	-6.873423e+04	3.267381e+05	-5.231019e+02	4.499859e-01	1.000000e+05	8.346764e-01	9.827093e-01	9.828399e-01
6	6_276397	276397	0	A	G	0.143	-1.301561e+05	2.009610e+05	-5.229838e+02	1.000000e-05	1.000000e+05	5.216803e-01	6.266986e-01	6.304888e-01
6	6_406899	406899	0	C	T	0.400	-6.564319e+04	1.790948e+05	-5.229196e+02	5.088182e-02	1.000000e+05	7.163111e-01	5.457590e-01	5.509228e-01
6	6_465434	465434	0	A	G	0.143	-1.301561e+05	2.009610e+05	-5.229838e+02	1.000000e-05	1.000000e+05	5.216803e-01	6.266986e-01	6.304888e-01
6	6_484890	484890	0	T	C	0.429	-6.873423e+04	3.267381e+05	-5.231019e+02	4.499859e-01	1.000000e+05	8.346764e-01	9.827093e-01	9.828399e-01
6	6_499210	499210	0	G	C	0.429	-6.873423e+04	3.267381e+05	-5.231019e+02	4.499859e-01	1.000000e+05	8.346764e-01	9.827093e-01	9.828399e-01
6	6_544412	544412	0	G	A	0.143	-1.301561e+05	2.009610e+05	-5.229838e+02	1.000000e-05	1.000000e+05	5.216803e-01	6.266986e-01	6.304888e-01
6	6_554477	554477	0	G	T	0.143	-1.301561e+05	2.009610e+05	-5.229838e+02	1.000000e-05	1.000000e+05	5.216803e-01	6.266986e-01	6.304888e-01
6	6_602467	602467	0	C	G	0.429	-6.873423e+04	3.267381e+05	-5.231019e+02	4.499859e-01	1.000000e+05	8.346764e-01	9.827093e-01	9.828399e-01
6	6_659075	659075	0	T	C	0.429	-6.873423e+04	3.267381e+05	-5.231019e+02	4.499859e-01	1.000000e+05	8.346764e-01	9.827093e-01	9.828399e-01
6	6_739933	739933	0	G	T	0.343	2.669703e+05	1.416573e+05	-5.224680e+02	1.000000e-05	1.000000e+05	6.831425e-02	2.600938e-01	2.724642e-01
6	6_761983	761983	0	T	C	0.171	-1.422757e+05	1.861298e+05	-5.230634e+02	1.000000e-05	1.000000e+05	4.500666e-01	7.808395e-01	7.826924e-01
6	6_936535	936535	0	T	A	0.086	-1.540910e+05	2.513623e+05	-5.230259e+02	1.000000e-05	1.000000e+05	5.440630e-01	6.962104e-01	6.990305e-01
6	6_960726	960726	0	A	G	0.143	-1.301561e+05	2.009610e+05	-5.229838e+02	1.000000e-05	1.000000e+05	5.216803e-01	6.266986e-01	6.304888e-01
6	6_988043	988043	2	T	C	0.273	-6.097478e+04	1.632945e+05	-5.230580e+02	1.000000e-05	1.000000e+05	7.112361e-01	7.664451e-01	7.684483e-01
6	6_988098	988098	2	A	G	0.364	-8.209785e+04	1.508253e+05	-5.231019e+02	1.000000e-05	1.000000e+05	5.898778e-01	9.828154e-01	9.829452e-01
6	6_988261	988261	4	A	G	0.226	4.662689e+03	1.798374e+05	-5.228057e+02	1.000000e-05	1.000000e+05	9.794715e-01	4.413557e-01	4.487352e-01
6	6_988405	988405	2	T	C	0.242	-2.999077e+04	1.699782e+05	-5.231012e+02	1.000000e-05	1.000000e+05	8.610275e-01	9.659934e-01	9.662508e-01
6	6_988465	988465	1	T	C	0.471	-1.133565e+05	1.424868e+05	-5.230980e+02	1.000000e-05	1.000000e+05	4.319743e-01	9.274458e-01	9.280005e-01
6	6_988478	988478	3	A	G	0.500	1.081420e+05	1.468155e+05	-5.228243e+02	1.000000e-05	1.000000e+05	4.665797e-01	4.560221e-01	4.630586e-01
6	6_988549	988549	2	A	G	0.273	1.065167e+04	1.636284e+05	-5.224294e+02	1.000000e-05	1.000000e+05	9.484898e-01	2.460704e-01	2.588616e-01
6	6_988553	988553	3	T	G	0.281	1.924153e+03	1.646060e+05	-5.226237e+02	1.000000e-05	1.000000e+05	9.907438e-01	3.279611e-01	3.383274e-01
6	6_988631	988631	3	G	A	0.312	-1.044447e+05	1.586301e+05	-5.219377e+02	1.000000e-05	1.000000e+05	5.148381e-01	1.269983e-01	1.428615e-01
6	6_988733	988733	1	A	G	0.441	-1.925077e+05	1.406649e+05	-5.210013e+02	1.000000e-05	1.000000e+05	1.803838e-01	4.038260e-02	5.495144e-02
6	6_988843	988843	3	A	G	0.406	-1.889819e+05	1.470546e+05	-5.225864e+02	1.000000e-05	1.000000e+05	2.076994e-01	3.098148e-01	3.207065e-01
6	6_988922	988922	5	A	G	0.300	-1.756322e+05	1.639700e+05	-5.219673e+02	1.000000e-05	1.000000e+05	2.918851e-01	1.319301e-01	1.477116e-01
6	6_988930	988930	2	G	A	0.242	-1.519527e+05	1.679886e+05	-5.221477e+02	1.000000e-05	1.000000e+05	3.722648e-01	1.670884e-01	1.821130e-01
6	6_988960	988960	4	T	G	0.290	-8.878280e+04	1.649326e+05	-5.228422e+02	1.000000e-05	1.000000e+05	5.939843e-01	4.708704e-01	4.775703e-01
6	6_989188	989188	0	T	C	0.429	-1.116535e+05	1.416714e+05	-5.230955e+02	1.000000e-05	1.000000e+05	4.362539e-01	9.083290e-01	9.090353e-01
6	6_989334	989334	3	G	C	0.406	1.992278e+04	1.506495e+05	-5.229309e+02	1.000000e-05	1.000000e+05	8.955928e-01	5.584201e-01	5.633501e-01
6	6_989453	989453	3	A	G	0.531	-2.384214e+05	1.423809e+05	-5.216616e+02	1.000000e-05	1.000000e+05	1.034793e-01	8.962317e-02	1.057731e-01
6	6_989490	989490	2	T	C	0.394	-1.922388e+05	1.453492e+05	-5.220382e+02	1.000000e-05	1.000000e+05	1.950619e-01	1.446388e-01	1.601778e-01
6	6_989528	989528	1	T	C	0.471	-1.715635e+05	1.407136e+05	-5.210439e+02	2.421099e-04	1.000000e+05	2.313971e-01	4.247020e-02	5.719864e-02
6	6_989732	989732	5	T	C	0.367	-1.442637e+05	1.566143e+05	-5.224000e+02	1.000000e-05	1.000000e+05	3.636626e-01	2.359959e-01	2.490884e-01
6	6_989861	989861	3	A	G	0.375	-1.576652e+05	1.503872e+05	-5.219616e+02	1.000000e-05	1.000000e+05	3.020747e-01	1.309632e-01	1.467612e-01
6	6_989960	989960	0	A	G	0.371	-1.721366e+05	1.433577e+05	-5.223137e+02	1.000000e-05	1.000000e+05	2.383970e-01	2.092224e-01	2.231022e-01
6	6_990258	990258	2	G	T	0.485	1.171104e+05	1.443918e+05	-5.226565e+02	1.000000e-05	1.000000e+05	4.231425e-01	3.451603e-01	3.550386e-01
6	6_990671	990671	6	G	A	0.483	-2.325256e+05	1.505989e+05	-5.215370e+02	2.064449e-02	1.000000e+05	1.321235e-01	7.685078e-02	9.289710e-02
6	6_990699	990699	2	G	A	0.455	-2.138445e+05	1.421682e+05	-5.216429e+02	2.278284e-02	1.000000e+05	1.420502e-01	8.757410e-02	1.037165e-01
6	6_990701	990701	1	A	G	0.471	-2.099716e+05	1.401736e+05	-5.221328e+02	2.761352e-02	1.000000e+05	1.436543e-01	1.638154e-01	1.789205e-01
6	6_990771	990771	4	T	C	0.419	2.080154e+05	1.489090e+05	-5.218265e+02	2.744707e-02	1.000000e+05	1.717587e-01	1.102131e-01	1.262889e-01
6	6_990777	990777	2	A	G	0.424	1.979779e+05	1.440442e+05	-5.211066e+02	2.484568e-02	1.000000e+05	1.785724e-01	4.574379e-02	6.069712e-02
6	6_990851	990851	1	T	C	0.265	-5.632779e+04	1.624484e+05	-5.230685e+02	1.000000e-05	1.000000e+05	7.309861e-01	7.954727e-01	7.971781e-01
6	6_990862	990862	2	G	T	0.212	-2.223395e+04	1.782277e+05	-5.231013e+02	1.000000e-05	1.000000e+05	9.014781e-01	9.682240e-01	9.684644e-01
6	6_990885	990885	4	A	G	0.226	3.911843e+04	1.797102e+05	-5.228378e+02	1.000000e-05	1.000000e+05	8.290226e-01	4.672055e-01	4.739875e-01
6	6_990992	990992	1	T	C	0.206	2.678534e+05	1.713369e+05	-5.216889e+02	1.000000e-05	1.000000e+05	1.275190e-01	9.271719e-02	1.088727e-01
6	6_991027	991027	1	T	C	0.265	3.054944e+05	1.543861e+05	-5.209858e+02	2.272229e-02	1.000000e+05	5.623754e-02	3.965399e-02	5.416390e-02
6	6_1031241	1031241	1	A	G	0.441	1.495049e+05	1.422462e+05	-5.230644e+02	1.000000e-05	1.000000e+05	3.008814e-01	7.834562e-01	7.852823e-01
6	6_1116760	1116760	0	G	A	0.429	-6.873423e+04	3.267381e+05	-5.231019e+02	4.499859e-01	1.000000e+05	8.346764e-01	9.827093e-01	9.828399e-01
6	6_1160524	1160524	0	A	G	0.400	-1.304980e+05	1.426527e+05	-5.228832e+02	1.000000e-05	1.000000e+05	3.669355e-01	5.082035e-01	5.141042e-01
6	6_1160528	1160528	0	A	G	0.400	-1.304980e+05	1.426527e+05	-5.228832e+02	1.000000e-05	1.000000e+05	3.669355e-01	5.082035e-01	5.141042e-01
6	6_1160532	1160532	0	A	G	0.400	-1.304980e+05	1.426527e+05	-5.228832e+02	1.000000e-05	1.000000e+05	3.669355e-01	5.082035e-01	5.141042e-01
6	6_1167676	1167676	0	C	G	0.429	-6.873423e+04	3.267381e+05	-5.231019e+02	4.499859e-01	1.000000e+05	8.346764e-01	9.827093e-01	9.828399e-01
6	6_1174733	1174733	0	G	C	0.143	-1.301561e+05	2.009610e+05	-5.229838e+02	1.000000e-05	1.000000e+05	5.216803e-01	6.266986e-01	6.304888e-01
6	6_1249810	1249810	0	G	A	0.286	-1.450476e+05	1.546045e+05	-5.230836e+02	1.000000e-05	1.000000e+05	3.549658e-01	8.474680e-01	8.486863e-01
6	6_1279254	1279254	0	C	T	0.429	-6.873423e+04	3.267381e+05	-5.231019e+02	4.499859e-01	1.000000e+05	8.346764e-01	9.827093e-01	9.828399e-01
7	7_11056	11056	1	A	C	0.265	-1.132336e+05	1.615461e+05	-5.230080e+02	1.000000e-05	1.000000e+05	4.882560e-01	6.644046e-01	6.676467e-01
7	7_14006	14006	2	A	G	0.212	-8.300406e+04	1.776830e+05	-5.231008e+02	1.000000e-05	1.000000e+05	6.434647e-01	9.586872e-01	9.590002e-01
7	7_36839	36839	0	G	A	0.114	-1.049365e+05	2.216718e+05	-5.229867e+02	1.000000e-05	1.000000e+05	6.390539e-01	6.309414e-01	6.346672e-01
7	7_37788	37788	0	C	T	0.429	-6.873423e+04	3.267381e+05	-5.231019e+02	4.499859e-01	1.000000e+05	8.346764e-01	9.827093e-01	9.828399e-01
7	7_49744	49744	0	G	A	0.229	-1.169551e+05	1.672907e+05	-5.224767e+02	1.000000e-05	1.000000e+05	4.893797e-01	2.633927e-01	2.756641e-01
7	7_164473	164473	2	G	A	0.364	1.828878e+05	1.481171e+05	-5.223973e+02	1.000000e-05	1.000000e+05	2.256429e-01	2.351226e-01	2.482411e-01
7	7_164511	164511	2	T	C	0.515	1.208975e+05	1.442973e+05	-5.226137e+02	1.000000e-05	1.000000e+05	4.081505e-01	3.229628e-01	3.334727e-01
7	7_164589	164589	2	C	T	0.394	-5.837205e+04	1.488050e+05	-5.230200e+02	1.000000e-05	1.000000e+05	6.973793e-01	6.852888e-01	6.882498e-01
7	7_164636	164636	2	A	G	0.485	9.657351e+04	1.448516e+05	-5.230535e+02	1.000000e-05	1.000000e+05	5.095945e-01	7.550375e-01	7.571638e-01
7	7_164887	164887	1	G	A	0.382	-9.541061e+04	1.468092e+05	-5.225808e+02	1.000000e-05	1.000000e+05	5.202587e-01	3.071846e-01	3.181533e-01
7	7_164926	164926	3	G	A	0.312	-8.969574e+04	1.589044e+05	-5.228658e+02	1.000000e-05	1.000000e+05	5.762556e-01	4.917889e-01	4.980328e-01
7	7_165027	165027	5	T	C	0.233	-1.374064e+05	1.791292e+05	-5.229313e+02	1.000000e-05	1.000000e+05	4.484874e-01	5.588905e-01	5.638119e-01
7	7_165292	165292	1	C	A	0.500	-1.659796e+05	1.406605e+05	-5.229888e+02	1.000000e-05	1.000000e+05	2.464363e-01	6.339439e-01	6.376246e-01
7	7_165637	165637	1	A	G	0.500	1.742050e+05	1.403590e+05	-5.230256e+02	1.000000e-05	1.000000e+05	2.233049e-01	6.956219e-01	6.984495e-01
7	7_165657	165657	3	A	G	0.438	2.142628e+05	1.444494e+05	-5.226336e+02	1.000000e-05	1.000000e+05	1.474815e-01	3.330269e-01	3.432483e-01
7	7_165680	165680	0	T	C	0.429	1.996122e+05	1.387118e+05	-5.226543e+02	1.000000e-05	1.000000e+05	1.595569e-01	3.439289e-01	3.538418e-01
7	7_165704	165704	2	A	G	0.394	-1.628056e+05	1.464338e+05	-5.231021e+02	1.000000e-05	1.000000e+05	2.742572e-01	9.901678e-01	9.902420e-01
7	7_165798	165798	3	C	T	0.469	2.599226e+05	1.412362e+05	-5.223000e+02	1.000000e-05	1.000000e+05	7.472663e-02	2.053145e-01	2.193066e-01
7	7_165854	165854	3	T	C	0.469	-2.170595e+05	1.443769e+05	-5.221336e+02	3.317813e-02	1.000000e+05	1.422410e-01	1.639859e-01	1.790868e-01
7	7_165873	165873	1	A	G	0.412	2.400761e+05	1.398476e+05	-5.221294e+02	1.543599e-02	1.000000e+05	9.540845e-02	1.630792e-01	1.782021e-01
7	7_165955	165955	3	T	C	0.500	-1.949716e+05	1.440730e+05	-5.219916e+02	1.000000e-05	1.000000e+05	1.851631e-01	1.361371e-01	1.518431e-01
7	7_166056	166056	2	C	A	0.485	1.428950e+05	1.436868e+05	-5.211480e+02	1.000000e-05	1.000000e+05	3.272213e-01	4.805052e-02	6.314544e-02
7	7_166309	166309	2	G	A	0.455	1.403378e+05	1.443096e+05	-5.218608e+02	1.000000e-05	1.000000e+05	3.378879e-01	1.151010e-01	1.311266e-01
7	7_166838	166838	0	T	A	0.143	3.968027e+05	1.900674e+05	-5.216428e+02	1.000000e-05	1.000000e+05	4.462359e-02	8.756141e-02	1.037037e-01
7	7_166992	166992	2	A	G	0.394	1.466046e+05	1.469514e+05	-5.228816e+02	1.000000e-05	1.000000e+05	3.257135e-01	5.066501e-01	5.125827e-01
7	7_167034	167034	2	T	C	0.364	1.632965e+05	1.488093e+05	-5.224457e+02	1.000000e-05	1.000000e+05	2.804296e-01	2.518717e-01	2.644890e-01
7	7_167035	167035	1	C	A	0.382	1.453690e+05	1.455622e+05	-5.223603e+02	1.000000e-05	1.000000e+05	3.252202e-01	2.232106e-01	2.366822e-01
7	7_167135	167135	3	A	G	0.500	-1.146144e+05	1.466660e+05	-5.229554e+02	1.000000e-05	1.000000e+05	4.400997e-01	5.879865e-01	5.923985e-01
7	7_167192	167192	2	C	T	0.455	-1.232867e+05	1.447811e+05	-5.230965e+02	1.000000e-05	1.000000e+05	4.006076e-01	9.158498e-01	9.164961e-01
7	7_167224	167224	5	T	A	0.467	-1.397138e+05	1.512695e+05	-5.227102e+02	1.000000e-05	1.000000e+05	3.623947e-01	3.759849e-01	3.850176e-01
7	7_167292	167292	3	A	G	0.438	-1.645432e+05	1.464114e+05	-5.218833e+02	1.000000e-05	1.000000e+05	2.691893e-01	1.184579e-01	1.344431e-01
7	7_167370	167370	1	A	G	0.353	1.930082e+05	1.464377e+05	-5.224219e+02	1.000000e-05	1.000000e+05	1.965726e-01	2.434591e-01	2.563286e-01
7	7_167655	167655	2	G	A	0.364	2.459010e+05	1.453269e+05	-5.220544e+02	1.000000e-05	1.000000e+05	1.000589e-01	1.477421e-01	1.632159e-01
7	7_167687	167687	1	A	C	0.176	3.505915e+05	1.781776e+05	-5.225572e+02	1.000000e-05	1.000000e+05	5.755960e-02	2.965003e-01	3.077836e-01
7	7_226969	226969	0	G	A	0.429	-6.873423e+04	3.267381e+05	-5.231019e+02	4.499859e-01	1.000000e+05	8.346764e-01	9.827093e-01	9.828399e-01
7	7_230511	230511	0	A	G	0.429	-6.873423e+04	3.267381e+05	-5.231019e+02	4.499859e-01	1.000000e+05	8.346764e-01	9.827093e-01	9.828399e-01
7	7_347542	347542	0	C	T	0.371	-1.596597e+05	1.438027e+05	-5.224211e+02	1.000000e-05	1.000000e+05	2.749082e-01	2.431764e-01	2.560544e-01
7	7_453828	453828	2	T	C	0.152	-8.812092e+04	2.026788e+05	-5.229223e+02	1.000000e-05	1.000000e+05	6.665514e-01	5.487409e-01	5.538489e-01
7	7_479542	479542	1	A	G	0.235	2.272529e+05	1.649706e+05	-5.224419e+02	1.614524e-02	1.000000e+05	1.776182e-01	2.505033e-01	2.631616e-01
7	7_508893	508893	0	G	C	0.429	-6.873423e+04	3.267381e+05	-5.231019e+02	4.499859e-01	1.000000e+05	8.346764e-01	9.827093e-01	9.828399e-01
7	7_672119	672119	0	G	A	0.343	1.391324e+05	1.471053e+05	-5.228453e+02	1.000000e-05	1.000000e+05	3.511243e-01	4.736025e-01	4.802416e-01
7	7_752860	752860	3	A	T	0.250	2.385275e+05	1.657947e+05	-5.202459e+02	1.000000e-05	1.000000e+05	1.596554e-01	1.684435e-02	2.817654e-02
7	7_752861	752861	0	A	T	0.114	-8.699541e+04	2.219067e+05	-5.230989e+02	1.000000e-05	1.000000e+05	6.975521e-01	9.364205e-01	9.369052e-01
7	7_813688	813688	1	C	T	0.441	-8.456268e+04	2.933423e+05	-5.230843e+02	3.231803e-01	1.000000e+05	7.749406e-01	8.504041e-01	8.515965e-01
7	7_819348	819348	0	A	C	0.429	-6.873423e+04	3.267381e+05	-5.231019e+02	4.499859e-01	1.000000e+05	8.346764e-01	9.827093e-01	9.828399e-01
7	7_831960	831960	0	T	G	0.343	-1.689168e+05	1.461646e+05	-5.226400e+02	1.000000e-05	1.000000e+05	2.561187e-01	3.363408e-01	3.464680e-01
7	7_908360	908360	4	C	A	0.194	3.782244e+05	1.784842e+05	-5.216453e+02	6.984987e-03	1.000000e+05	4.169456e-02	8.782911e-02	1.039726e-01
7	7_911043	911043	0	C	T	0.429	-6.873423e+04	3.267381e+05	-5.231019e+02	4.499859e-01	1.000000e+05	8.346764e-01	9.827093e-01	9.828399e-01
7	7_1008288	1008288	0	G	A	0.429	-6.873423e+04	3.267381e+05	-5.231019e+02	4.499859e-01	1.000000e+05	8.346764e-01	9.827093e-01	9.828399e-01
7	7_1024334	1024334	0	G	A	0.429	-6.873423e+04	3.267381e+05	-5.231019e+02	4.499859e-01	1.000000e+05	8.346764e-01	9.827093e-01	9.828399e-01
7	7_1024356	1024356	0	T	C	0.429	-6.873423e+04	3.267381e+05	-5.231019e+02	4.499859e-01	1.000000e+05	8.346764e-01	9.827093e-01	9.828399e-01
7	7_1171945	1171945	0	A	G	0.143	-1.301561e+05	2.009610e+05	-5.229838e+02	1.000000e-05	1.000000e+05	5.216803e-01	6.266986e-01	6.304888e-01
7	7_1191543	1191543	0	C	T	0.429	-6.873423e+04	3.267381e+05	-5.231019e+02	4.499859e-01	1.000000e+05	8.346764e-01	9.827093e-01	9.828399e-01
7	7_1192832	1192832	0	T	C	0.171	-1.422757e+05	1.861298e+05	-5.230634e+02	1.000000e-05	1.000000e+05	4.500666e-01	7.808395e-01	7.826924e-01
7	7_1193976	1193976	0	C	T	0.429	-6.873423e+04	3.267381e+05	-5.231019e+02	4.499859e-01	1.000000e+05	8.346764e-01	9.827093e-01	9.828399e-01
7	7_1196178	1196178	0	C	T	0.486	-1.404715e+05	1.394614e+05	-5.229640e+02	1.000000e-05	1.000000e+05	3.211469e-01	5.991523e-01	6.033785e-01
7	7_1205599	1205599	4	G	T	0.452	-9.170672e+04	1.502489e+05	-5.229123e+02	1.000000e-05	1.000000e+05	5.458008e-01	5.377825e-01	5.430973e-01
7	7_1205600	1205600	3	G	A	0.438	-9.322284e+04	1.483020e+05	-5.228311e+02	1.000000e-05	1.000000e+05	5.339371e-01	4.615970e-01	4.685059e-01
7	7_1205735	1205735	3	T	A	0.438	-6.773839e+04	1.487210e+05	-5.230595e+02	1.000000e-05	1.000000e+05	6.517520e-01	7.702815e-01	7.722441e-01
7	7_1227094	1227094	0	A	G	0.429	-6.873423e+04	3.267381e+05	-5.231019e+02	4.499859e-01	1.000000e+05	8.346764e-01	9.827093e-01	9.828399e-01
7	7_1240469	1240469	0	C	T	0.143	-1.301561e+05	2.009610e+05	-5.229838e+02	1.000000e-05	1.000000e+05	5.216803e-01	6.266986e-01	6.304888e-01
7	7_1263585	1263585	0	T	C	0.286	-1.286915e+05	1.559587e+05	-5.218692e+02	1.651031e-02	1.000000e+05	4.152039e-01	1.163465e-01	1.323576e-01
7	7_1263610	1263610	0	G	A	0.400	-9.148794e+04	1.435690e+05	-5.225893e+02	1.000000e-05	1.000000e+05	5.283650e-01	3.111906e-01	3.220422e-01
7	7_1266484	1266484	1	A	T	0.412	-1.737993e+05	1.432535e+05	-5.228108e+02	1.638177e-02	1.000000e+05	2.336554e-01	4.452908e-01	4.525773e-01
7	7_1276916	1276916	0	A	G	0.343	1.821684e+05	1.456740e+05	-5.229088e+02	1.000000e-05	1.000000e+05	2.199041e-01	5.340522e-01	5.394386e-01
7	7_1276919	1276919	0	G	A	0.314	2.056214e+05	1.481744e+05	-5.226587e+02	1.000000e-05	1.000000e+05	1.745286e-01	3.463480e-01	3.561930e-01
7	7_1341024	1341024	0	A	C	0.371	-9.131820e+04	1.455915e+05	-5.231015e+02	1.000000e-05	1.000000e+05	5.348297e-01	9.719183e-01	9.721306e-01
8	8_144493	144493	0	A	G	0.400	-6.564319e+04	1.790948e+05	-5.229196e+02	5.088182e-02	1.000000e+05	7.163111e-01	5.457590e-01	5.509228e-01
8	8_174475	174475	0	G	T	0.429	-6.873423e+04	3.267381e+05	-5.231019e+02	4.499859e-01	1.000000e+05	8.346764e-01	9.827093e-01	9.828399e-01
8	8_208859	208859	0	G	A	0.286	-1.450476e+05	1.546045e+05	-5.230836e+02	1.000000e-05	1.000000e+05	3.549658e-01	8.474680e-01	8.486863e-01
8	8_294928	294928	0	T	A	0.429	-6.873423e+04	3.267381e+05	-5.231019e+02	4.499859e-01	1.000000e+05	8.346764e-01	9.827093e-01	9.828399e-01
8	8_553155	553155	0	T	C	0.171	-1.422757e+05	1.861298e+05	-5.230634e+02	1.000000e-05	1.000000e+05	4.500666e-01	7.808395e-01	7.826924e-01
8	8_725537	725537	0	A	C	0.429	-6.873423e+04	3.267381e+05	-5.231019e+02	4.499859e-01	1.000000e+05	8.346764e-01	9.827093e-01	9.828399e-01
8	8_817562	817562	5	T	C	0.167	-9.091022e+04	2.044869e+05	-5.231010e+02	1.000000e-05	1.000000e+05	6.595275e-01	9.624628e-01	9.627470e-01
8	8_817567	817567	4	C	T	0.161	-9.039807e+04	2.038333e+05	-5.230973e+02	1.000000e-05	1.000000e+05	6.603054e-01	9.221282e-01	9.227248e-01
8	8_817674	817674	4	A	G	0.226	2.909745e+05	1.725577e+05	-5.208261e+02	1.000000e-05	1.000000e+05	1.011824e-01	3.287792e-02	4.674800e-02
8	8_818838	818838	5	G	A	0.433	1.045096e+05	1.531716e+05	-5.226421e+02	1.000000e-05	1.000000e+05	4.998085e-01	3.374657e-01	3.475610e-01
8	8_847517	847517	0	A	G	0.143	4.377525e+05	1.873234e+05	-5.206940e+02	1.000000e-05	1.000000e+05	2.566369e-02	2.819384e-02	4.150385e-02
8	8_874822	874822	2	G	A	0.091	-1.068649e+05	2.528255e+05	-5.211350e+02	1.000000e-05	1.000000e+05	6.752687e-01	4.731349e-02	6.236460e-02
8	8_874895	874895	4	T	C	0.161	5.116801e+05	1.840161e+05	-5.201578e+02	1.000000e-05	1.000000e+05	8.893828e-03	1.523798e-02	2.618371e-02
8	8_874992	874992	1	C	T	0.118	-1.094708e+05	2.220299e+05	-5.224968e+02	1.000000e-05	1.000000e+05	6.252455e-01	2.712152e-01	2.832519e-01
8	8_1083181	1083181	0	T	C	0.429	-6.873423e+04	3.267381e+05	-5.231019e+02	4.499859e-01	1.000000e+05	8.346764e-01	9.827093e-01	9.828399e-01
8	8_1161462	1161462	0	C	T	0.543	1.107367e+05	1.407479e+05	-5.229045e+02	1.000000e-05	1.000000e+05	4.370288e-01	5.295272e-01	5.350014e-01
8	8_1252135	1252135	1	T	C	0.353	-1.549080e+05	1.478030e+05	-5.222935e+02	1.000000e-05	1.000000e+05	3.022221e-01	2.034689e-01	2.175137e-01
8	8_1256218	1256218	0	G	A	0.429	-6.873423e+04	3.267381e+05	-5.231019e+02	4.499859e-01	1.000000e+05	8.346764e-01	9.827093e-01	9.828399e-01
8	8_1326133	1326133	0	A	G	0.257	-3.978923e+04	1.617657e+05	-5.230947e+02	1.000000e-05	1.000000e+05	8.072303e-01	9.028978e-01	9.036479e-01
8	8_1326140	1326140	0	G	A	0.229	-2.171819e+04	1.684835e+05	-5.230015e+02	1.000000e-05	1.000000e+05	8.982161e-01	6.536793e-01	6.570718e-01
8	8_1383765	1383765	0	A	G	0.400	-1.989581e+05	1.402363e+05	-5.222768e+02	1.000000e-05	1.000000e+05	1.653523e-01	1.988759e-01	2.130510e-01
9	9_5213	5213	3	G	C	0.281	-1.395150e+04	1.645898e+05	-5.230539e+02	1.000000e-05	1.000000e+05	9.329602e-01	7.561763e-01	7.582900e-01
9	9_6619	6619	1	C	T	0.324	-9.363509e+04	1.526064e+05	-5.230983e+02	1.000000e-05	1.000000e+05	5.437044e-01	9.307051e-01	9.312343e-01
9	9_7470	7470	1	A	G	0.353	-3.848742e+05	1.474840e+05	-5.198115e+02	1.533629e+03	1.000000e+05	1.352173e-02	1.030587e-02	1.978620e-02
9	9_7729	7729	3	C	T	0.469	2.034515e+05	1.440158e+05	-5.229002e+02	1.000000e-05	1.000000e+05	1.671054e-01	5.250922e-01	5.306533e-01
9	9_8171	8171	2	G	A	0.333	-1.850404e+05	1.520280e+05	-5.219853e+02	1.875936e-02	1.000000e+05	2.321812e-01	1.350254e-01	1.507518e-01
9	9_10033	10033	1	C	T	0.206	-1.091969e+05	1.765477e+05	-5.217465e+02	1.000000e-05	1.000000e+05	5.404838e-01	9.964311e-02	1.157880e-01
9	9_49163	49163	0	A	G	0.314	-1.574865e+05	1.499578e+05	-5.231014e+02	1.000000e-05	1.000000e+05	3.012540e-01	9.699192e-01	9.701467e-01
9	9_220237	220237	2	A	G	0.091	-1.116989e+05	2.527611e+05	-5.230967e+02	1.000000e-05	1.000000e+05	6.614333e-01	9.170057e-01	9.176428e-01
9	9_220963	220963	4	C	T	0.194	-1.498567e+05	1.885268e+05	-5.221587e+02	1.000000e-05	1.000000e+05	4.323617e-01	1.695609e-01	1.845236e-01
9	9_272607	272607	0	A	G	0.429	-6.873423e+04	3.267381e+05	-5.231019e+02	4.499859e-01	1.000000e+05	8.346764e-01	9.827093e-01	9.828399e-01
9	9_338278	338278	1	A	G	0.441	-8.456268e+04	2.933423e+05	-5.230843e+02	3.231803e-01	1.000000e+05	7.749406e-01	8.504041e-01	8.515965e-01
9	9_491535	491535	0	A	G	0.429	-6.873423e+04	3.267381e+05	-5.231019e+02	4.499859e-01	1.000000e+05	8.346764e-01	9.827093e-01	9.828399e-01
9	9_534468	534468	0	C	T	0.429	-6.873423e+04	3.267381e+05	-5.231019e+02	4.499859e-01	1.000000e+05	8.346764e-01	9.827093e-01	9.828399e-01
9	9_705343	705343	1	G	A	0.382	-8.730546e+04	1.469624e+05	-5.228663e+02	1.000000e-05	1.000000e+05	5.565184e-01	4.922585e-01	4.984924e-01
9	9_705571	705571	2	T	C	0.515	7.636534e+04	1.452167e+05	-5.230688e+02	1.000000e-05	1.000000e+05	6.024938e-01	7.963369e-01	7.980337e-01
9	9_706175	706175	2	G	A	0.364	-5.303723e+04	1.512184e+05	-5.230117e+02	1.000000e-05	1.000000e+05	7.280181e-01	6.705932e-01	6.737504e-01
9	9_741562	741562	0	T	C	0.314	-1.574865e+05	1.499578e+05	-5.231014e+02	1.000000e-05	1.000000e+05	3.012540e-01	9.699192e-01	9.701467e-01
9	9_942229	942229	0	A	G	0.371	-1.596597e+05	1.438027e+05	-5.224211e+02	1.000000e-05	1.000000e+05	2.749082e-01	2.431764e-01	2.560544e-01
9	9_981209	981209	0	G	A	0.143	-1.301561e+05	2.009610e+05	-5.229838e+02	1.000000e-05	1.000000e+05	5.216803e-01	6.266986e-01	6.304888e-01
9	9_1115286	1115286	0	G	A	0.457	1.071490e+05	1.408241e+05	-5.227789e+02	1.000000e-05	1.000000e+05	4.521369e-01	4.213575e-01	4.292214e-01
10	10_13558	13558	0	C	T	0.429	-6.873423e+04	3.267381e+05	-5.231019e+02	4.499859e-01	1.000000e+05	8.346764e-01	9.827093e-01	9.828399e-01
10	10_15220	15220	1	T	A	0.147	-4.296850e+04	2.025894e+05	-5.230608e+02	1.000000e-05	1.000000e+05	8.333363e-01	7.736624e-01	7.755896e-01
10	10_15251	15251	2	G	A	0.121	-7.733244e+04	2.228921e+05	-5.230573e+02	1.000000e-05	1.000000e+05	7.308317e-01	7.646453e-01	7.666677e-01
10	10_15279	15279	1	A	G	0.265	-1.242520e+05	1.613003e+05	-5.227828e+02	1.000000e-05	1.000000e+05	4.465931e-01	4.241925e-01	4.319865e-01
10	10_15288	15288	4	C	T	0.194	-7.879360e+04	1.898281e+05	-5.229319e+02	1.000000e-05	1.000000e+05	6.807707e-01	5.595448e-01	5.644543e-01
10	10_15302	15302	2	T	C	0.273	-1.438467e+05	1.617116e+05	-5.223633e+02	1.000000e-05	1.000000e+05	3.801591e-01	2.241472e-01	2.375912e-01
10	10_15428	15428	2	C	G	0.121	-8.245022e+04	2.228360e+05	-5.228732e+02	1.000000e-05	1.000000e+05	7.137436e-01	4.986589e-01	5.047576e-01
10	10_15438	15438	1	G	A	0.118	-7.705950e+04	2.224421e+05	-5.228878e+02	1.000000e-05	1.000000e+05	7.312226e-01	5.126121e-01	5.184229e-01
10	10_15441	15441	2	A	G	0.121	-8.245022e+04	2.228360e+05	-5.228732e+02	1.000000e-05	1.000000e+05	7.137436e-01	4.986589e-01	5.047576e-01
10	10_15449	15449	2	C	T	0.091	-4.919025e+04	2.533635e+05	-5.230460e+02	1.000000e-05	1.000000e+05	8.472495e-01	7.375976e-01	7.399187e-01
10	10_15455	15455	1	C	T	0.088	-4.415157e+04	2.530194e+05	-5.230527e+02	1.000000e-05	1.000000e+05	8.625397e-01	7.531344e-01	7.552814e-01
10	10_15458	15458	1	G	A	0.088	-4.415157e+04	2.530194e+05	-5.230527e+02	1.000000e-05	1.000000e+05	8.625397e-01	7.531344e-01	7.552814e-01
10	10_15461	15461	1	T	C	0.088	-4.415157e+04	2.530194e+05	-5.230527e+02	1.000000e-05	1.000000e+05	8.625397e-01	7.531344e-01	7.552814e-01
10	10_15463	15463	1	A	T	0.088	-4.415157e+04	2.530194e+05	-5.230527e+02	1.000000e-05	1.000000e+05	8.625397e-01	7.531344e-01	7.552814e-01
10	10_15473	15473	1	C	T	0.088	-4.415157e+04	2.530194e+05	-5.230527e+02	1.000000e-05	1.000000e+05	8.625397e-01	7.531344e-01	7.552814e-01
10	10_17879	17879	0	T	C	0.314	2.804164e+05	1.444092e+05	-5.205472e+02	1.000000e-05	1.000000e+05	6.073628e-02	2.379061e-02	3.645835e-02
10	10_17897	17897	0	A	G	0.371	2.392070e+05	1.404117e+05	-5.219556e+02	1.000000e-05	1.000000e+05	9.785493e-02	1.299458e-01	1.457610e-01
10	10_18004	18004	1	A	G	0.088	-1.569522e+05	2.516602e+05	-5.228037e+02	1.000000e-05	1.000000e+05	5.371336e-01	4.397589e-01	4.471764e-01
10	10_18092	18092	3	A	G	0.438	-5.815370e+04	1.488430e+05	-5.229608e+02	1.000000e-05	1.000000e+05	6.985262e-01	5.949278e-01	5.992237e-01
10	10_18647	18647	3	C	T	0.406	-7.696017e+04	1.500963e+05	-5.231006e+02	1.000000e-05	1.000000e+05	6.115495e-01	9.563453e-01	9.566763e-01
10	10_18785	18785	1	G	A	0.412	-6.605114e+04	1.454373e+05	-5.230650e+02	1.000000e-05	1.000000e+05	6.526900e-01	7.853020e-01	7.871093e-01
10	10_18869	18869	0	A	G	0.514	8.909085e+04	1.407406e+05	-5.230170e+02	1.000000e-05	1.000000e+05	5.310868e-01	6.799480e-01	6.829795e-01
10	10_18908	18908	0	G	A	0.200	-1.607968e+05	1.807590e+05	-5.228961e+02	4.846936e-02	1.000000e+05	3.801389e-01	5.208933e-01	5.265376e-01
10	10_18915	18915	0	T	C	0.200	-1.607968e+05	1.807590e+05	-5.228961e+02	4.846936e-02	1.000000e+05	3.801389e-01	5.208933e-01	5.265376e-01
10	10_18933	18933	0	A	G	0.200	-1.641747e+05	1.809771e+05	-5.225765e+02	5.172732e-02	1.000000e+05	3.709005e-01	3.052232e-01	3.162495e-01
10	10_18941	18941	2	T	C	0.212	-1.895850e+05	1.844328e+05	-5.225523e+02	7.227182e-02	1.000000e+05	3.114561e-01	2.943309e-01	3.056784e-01
10	10_18943	18943	1	G	A	0.235	-1.959004e+05	1.765850e+05	-5.228042e+02	8.358613e-02	1.000000e+05	2.752844e-01	4.401356e-01	4.475441e-01
10	10_18983	18983	2	C	T	0.333	-5.474945e+04	1.543114e+05	-5.229647e+02	1.000000e-05	1.000000e+05	7.249981e-01	6.000380e-01	6.042498e-01
10	10_18988	18988	4	A	G	0.097	-2.066469e+04	2.543056e+05	-5.230846e+02	1.000000e-05	1.000000e+05	9.357266e-01	8.514174e-01	8.526009e-01
10	10_18997	18997	2	G	A	0.091	-9.491750e+03	2.535037e+05	-5.231011e+02	1.000000e-05	1.000000e+05	9.703580e-01	9.635399e-01	9.638160e-01
10	10_19002	19002	0	C	T	0.486	9.848604e+04	1.405536e+05	-5.231000e+02	1.000000e-05	1.000000e+05	4.884012e-01	9.485297e-01	9.489207e-01
10	10_19004	19004	0	A	G	0.486	9.848604e+04	1.405536e+05	-5.231000e+02	1.000000e-05	1.000000e+05	4.884012e-01	9.485297e-01	9.489207e-01
10	10_19008	19008	0	T	C	0.400	-8.307173e+04	1.437319e+05	-5.230747e+02	1.000000e-05	1.000000e+05	5.672123e-01	8.146888e-01	8.162077e-01
10	10_19015	19015	0	G	A	0.486	9.848604e+04	1.405536e+05	-5.231000e+02	1.000000e-05	1.000000e+05	4.884012e-01	9.485297e-01	9.489207e-01
10	10_19031	19031	0	A	G	0.514	9.632956e+04	1.405994e+05	-5.230705e+02	1.000000e-05	1.000000e+05	4.980435e-01	8.014006e-01	8.030475e-01
10	10_19062	19062	1	A	G	0.412	-7.506751e+04	1.939972e+05	-5.230829e+02	7.241848e-02	1.000000e+05	7.012763e-01	8.446370e-01	8.458805e-01
10	10_19067	19067	1	T	A	0.500	1.121722e+05	1.422706e+05	-5.228938e+02	1.000000e-05	1.000000e+05	4.360658e-01	5.185866e-01	5.242769e-01
10	10_19151	19151	2	G	A	0.364	-1.640994e+05	1.487892e+05	-5.226743e+02	1.000000e-05	1.000000e+05	2.780497e-01	3.549720e-01	3.645770e-01
10	10_318276	318276	0	G	A	0.286	-1.416438e+05	1.546937e+05	-5.229858e+02	1.000000e-05	1.000000e+05	3.664983e-01	6.294910e-01	6.332388e-01
10	10_381155	381155	0	G	A	0.371	-1.596597e+05	1.438027e+05	-5.224211e+02	1.000000e-05	1.000000e+05	2.749082e-01	2.431764e-01	2.560544e-01
10	10_387430	387430	1	A	G	0.500	1.317381e+05	1.417617e+05	-5.223093e+02	1.000000e-05	1.000000e+05	3.594860e-01	2.079477e-01	2.218643e-01
10	10_474627	474627	0	A	G	0.429	-6.873423e+04	3.267381e+05	-5.231019e+02	4.499859e-01	1.000000e+05	8.346764e-01	9.827093e-01	9.828399e-01
10	10_583208	583208	1	A	G	0.265	-2.472010e+05	1.759017e+05	-5.210380e+02	2.248437e-01	1.000000e+05	1.692663e-01	4.217035e-02	5.687668e-02
10	10_584652	584652	0	G	T	0.314	-1.246016e+05	1.521461e+05	-5.223376e+02	1.987842e-02	1.000000e+05	4.186842e-01	2.162564e-01	2.299320e-01
10	10_612064	612064	0	A	G	0.286	-1.450476e+05	1.546045e+05	-5.230836e+02	1.000000e-05	1.000000e+05	3.549658e-01	8.474680e-01	8.486863e-01
10	10_724149	724149	0	G	A	0.171	-5.127413e+04	1.875531e+05	-5.230821e+02	1.000000e-05	1.000000e+05	7.862614e-01	8.413619e-01	8.426347e-01
10	10_724150	724150	0	A	G	0.171	-5.127413e+04	1.875531e+05	-5.230821e+02	1.000000e-05	1.000000e+05	7.862614e-01	8.413619e-01	8.426347e-01
10	10_969715	969715	0	T	C	0.371	-1.596597e+05	1.438027e+05	-5.224211e+02	1.000000e-05	1.000000e+05	2.749082e-01	2.431764e-01	2.560544e-01
10	10_989095	989095	0	G	A	0.429	-6.873423e+04	3.267381e+05	-5.231019e+02	4.499859e-01	1.000000e+05	8.346764e-01	9.827093e-01	9.828399e-01
11	11_9749	9749	1	A	G	0.118	-1.023898e+05	2.221321e+05	-5.229587e+02	1.000000e-05	1.000000e+05	6.478645e-01	5.922578e-01	5.965981e-01
11	11_10019	10019	4	G	C	0.355	-1.772960e+05	1.540935e+05	-5.212812e+02	1.000000e-05	1.000000e+05	2.581770e-01	5.634427e-02	7.185062e-02
11	11_10896	10896	0	C	G	0.143	4.192906e+05	1.897770e+05	-5.212881e+02	7.805089e-02	1.000000e+05	3.419810e-02	5.681298e-02	7.233857e-02
11	11_10931	10931	1	T	A	0.176	3.256839e+05	1.795288e+05	-5.214503e+02	1.959363e-02	1.000000e+05	7.876316e-02	6.912698e-02	8.503413e-02
11	11_10934	10934	1	G	T	0.206	2.602750e+05	1.716903e+05	-5.224930e+02	1.000000e-05	1.000000e+05	1.390518e-01	2.697016e-01	2.817837e-01
11	11_104630	104630	0	A	G	0.200	2.904761e+05	1.695339e+05	-5.206838e+02	1.000000e-05	1.000000e+05	9.602357e-02	2.786096e-02	4.112671e-02
11	11_104688	104688	1	G	A	0.147	-7.882854e+04	2.022625e+05	-5.230944e+02	1.000000e-05	1.000000e+05	6.992374e-01	9.010196e-01	9.017849e-01
11	11_152800	152800	0	C	T	0.429	-6.873423e+04	3.267381e+05	-5.231019e+02	4.499859e-01	1.000000e+05	8.346764e-01	9.827093e-01	9.828399e-01
11	11_153063	153063	0	A	G	0.429	-6.873423e+04	3.267381e+05	-5.231019e+02	4.499859e-01	1.000000e+05	8.346764e-01	9.827093e-01	9.828399e-01
11	11_159356	159356	0	A	C	0.286	-1.450476e+05	1.546045e+05	-5.230836e+02	1.000000e-05	1.000000e+05	3.549658e-01	8.474680e-01	8.486863e-01
11	11_165295	165295	0	A	G	0.543	9.973083e+04	1.409972e+05	-5.230631e+02	1.000000e-05	1.000000e+05	4.843301e-01	7.798289e-01	7.816922e-01
11	11_236388	236388	0	A	G	0.429	-6.873423e+04	3.267381e+05	-5.231019e+02	4.499859e-01	1.000000e+05	8.346764e-01	9.827093e-01	9.828399e-01
11	11_384025	384025	0	T	C	0.171	-1.234083e+05	1.865324e+05	-5.230975e+02	1.000000e-05	1.000000e+05	5.128264e-01	9.230692e-01	9.236584e-01
11	11_393213	393213	0	G	A	0.429	-6.873423e+04	3.267381e+05	-5.231019e+02	4.499859e-01	1.000000e+05	8.346764e-01	9.827093e-01	9.828399e-01
11	11_433361	433361	0	G	A	0.429	-6.873423e+04	3.267381e+05	-5.231019e+02	4.499859e-01	1.000000e+05	8.346764e-01	9.827093e-01	9.828399e-01
11	11_547884	547884	0	T	C	0.514	1.270002e+05	1.398596e+05	-5.224694e+02	1.000000e-05	1.000000e+05	3.704333e-01	2.606178e-01	2.729725e-01
11	11_548586	548586	0	C	T	0.429	-6.873423e+04	3.267381e+05	-5.231019e+02	4.499859e-01	1.000000e+05	8.346764e-01	9.827093e-01	9.828399e-01
11	11_621705	621705	0	A	C	0.429	-6.873423e+04	3.267381e+05	-5.231019e+02	4.499859e-01	1.000000e+05	8.346764e-01	9.827093e-01	9.828399e-01
11	11_674162	674162	0	C	A	0.429	-6.873423e+04	3.267381e+05	-5.231019e+02	4.499859e-01	1.000000e+05	8.346764e-01	9.827093e-01	9.828399e-01
11	11_804706	804706	2	A	G	0.394	-1.329560e+05	1.473446e+05	-5.209855e+02	1.000000e-05	1.000000e+05	3.734116e-01	3.963889e-02	5.414756e-02
11	11_804710	804710	6	C	T	0.379	-1.667052e+05	1.575724e+05	-5.210715e+02	1.000000e-05	1.000000e+05	2.977572e-01	4.388001e-02	5.870893e-02
11	11_804742	804742	3	G	A	0.312	2.143128e+05	1.552494e+05	-5.219082e+02	1.000000e-05	1.000000e+05	1.767305e-01	1.222784e-01	1.382123e-01
11	11_804763	804763	4	C	T	0.161	-9.721414e+04	2.037380e+05	-5.229124e+02	1.000000e-05	1.000000e+05	6.363984e-01	5.379478e-01	5.432594e-01
11	11_966513	966513	1	T	A	0.147	-1.050782e+05	2.019002e+05	-5.224873e+02	1.000000e-05	1.000000e+05	6.062271e-01	2.674656e-01	2.796148e-01
11	11_966516	966516	2	C	T	0.121	-9.413970e+04	2.226956e+05	-5.222771e+02	1.000000e-05	1.000000e+05	6.752355e-01	1.989570e-01	2.131298e-01
11	11_966519	966519	0	C	T	0.143	-1.026876e+05	2.014378e+05	-5.218376e+02	1.000000e-05	1.000000e+05	6.136029e-01	1.117741e-01	1.278351e-01
11	11_966569	966569	2	C	G	0.152	-1.049397e+05	2.024364e+05	-5.228460e+02	1.000000e-05	1.000000e+05	6.076495e-01	4.741991e-01	4.808250e-01
11	11_966644	966644	4	C	A	0.226	-1.227753e+05	1.785641e+05	-5.230886e+02	1.000000e-05	1.000000e+05	4.965280e-01	8.694301e-01	8.704576e-01
11	11_966669	966669	3	C	T	0.344	-1.164107e+05	1.544973e+05	-5.230848e+02	1.000000e-05	1.000000e+05	4.565038e-01	8.524936e-01	8.536675e-01
11	11_966684	966684	3	C	T	0.500	1.641861e+05	1.452312e+05	-5.226831e+02	1.000000e-05	1.000000e+05	2.664092e-01	3.599706e-01	3.694377e-01
11	11_966699	966699	2	T	C	0.242	-2.025525e+03	1.700580e+05	-5.230630e+02	1.000000e-05	1.000000e+05	9.905685e-01	7.796547e-01	7.815198e-01
11	11_966700	966700	3	G	A	0.250	9.085760e+04	1.701817e+05	-5.227877e+02	1.000000e-05	1.000000e+05	5.969989e-01	4.277702e-01	4.354767e-01
11	11_966735	966735	2	A	C	0.152	-9.615791e+04	2.025686e+05	-5.223738e+02	1.000000e-05	1.000000e+05	6.381322e-01	2.274547e-01	2.408010e-01
11	11_966738	966738	3	T	A	0.188	-7.951913e+04	1.891073e+05	-5.231020e+02	1.000000e-05	1.000000e+05	6.768479e-01	9.861789e-01	9.862832e-01
11	11_966756	966756	0	A	G	0.171	-1.184627e+05	1.866295e+05	-5.230640e+02	1.000000e-05	1.000000e+05	5.299693e-01	7.825163e-01	7.843521e-01
11	11_966757	966757	0	T	C	0.171	-1.184627e+05	1.866295e+05	-5.230640e+02	1.000000e-05	1.000000e+05	5.299693e-01	7.825163e-01	7.843521e-01
11	11_966771	966771	1	T	C	0.176	-1.015125e+05	1.875085e+05	-5.230972e+02	1.000000e-05	1.000000e+05	5.918854e-01	9.207235e-01	9.213312e-01
11	11_966787	966787	1	T	C	0.088	-8.871379e+04	2.526665e+05	-5.230038e+02	1.000000e-05	1.000000e+05	7.277375e-01	6.575086e-01	6.608469e-01
11	11_966792	966792	1	T	C	0.088	-8.871379e+04	2.526665e+05	-5.230038e+02	1.000000e-05	1.000000e+05	7.277375e-01	6.575086e-01	6.608469e-01
11	11_1272894	1272894	0	A	G	0.343	-1.689168e+05	1.461646e+05	-5.226400e+02	1.000000e-05	1.000000e+05	2.561187e-01	3.363408e-01	3.464680e-01
11	11_1301130	1301130	0	T	C	0.171	-1.422757e+05	1.861298e+05	-5.230634e+02	1.000000e-05	1.000000e+05	4.500666e-01	7.808395e-01	7.826924e-01
11	11_1314578	1314578	0	G	C	0.429	-6.873423e+04	3.267381e+05	-5.231019e+02	4.499859e-01	1.000000e+05	8.346764e-01	9.827093e-01	9.828399e-01
11	11_1478119	1478119	0	A	G	0.429	-8.620462e+04	1.422092e+05	-5.231013e+02	1.000000e-05	1.000000e+05	5.485415e-01	9.676209e-01	9.678659e-01
11	11_1501898	1501898	0	G	T	0.343	-1.689168e+05	1.461646e+05	-5.226400e+02	1.000000e-05	1.000000e+05	2.561187e-01	3.363408e-01	3.464680e-01
11	11_1538971	1538971	0	T	C	0.400	8.016186e+05	2.447387e+05	-5.180444e+02	4.162116e+00	1.000000e+05	2.483480e-03	1.470323e-03	5.601841e-03
12	12_11092	11092	0	A	G	0.314	-2.382278e+05	1.745059e+05	-5.223999e+02	1.971360e-01	1.000000e+05	1.814392e-01	2.359850e-01	2.490778e-01
12	12_11094	11094	0	A	G	0.229	-1.535691e+05	1.771771e+05	-5.231018e+02	6.283193e-02	1.000000e+05	3.923352e-01	9.790625e-01	9.792206e-01
12	12_11122	11122	1	C	G	0.382	-2.595218e+05	1.795781e+05	-5.223996e+02	2.702148e-01	1.000000e+05	1.578386e-01	2.358931e-01	2.489886e-01
12	12_11170	11170	0	T	C	0.343	-2.070316e+05	1.639673e+05	-5.226191e+02	1.422741e-01	1.000000e+05	2.155684e-01	3.256885e-01	3.361200e-01
12	12_11223	11223	0	G	C	0.143	-1.317101e+05	2.031148e+05	-5.230970e+02	1.464468e-02	1.000000e+05	5.211800e-01	9.195263e-01	9.201435e-01
12	12_11400	11400	0	A	C	0.229	-1.084588e+05	1.751005e+05	-5.230638e+02	3.997607e-02	1.000000e+05	5.399003e-01	7.818479e-01	7.836905e-01
12	12_11406	11406	0	A	G	0.229	-1.084588e+05	1.751005e+05	-5.230638e+02	3.997607e-02	1.000000e+05	5.399003e-01	7.818479e-01	7.836905e-01
12	12_11407	11407	0	C	A	0.229	-1.084588e+05	1.751005e+05	-5.230638e+02	3.997607e-02	1.000000e+05	5.399003e-01	7.818479e-01	7.836905e-01
12	12_11410	11410	0	C	T	0.229	-1.084588e+05	1.751005e+05	-5.230638e+02	3.997607e-02	1.000000e+05	5.399003e-01	7.818479e-01	7.836905e-01
12	12_11413	11413	1	T	G	0.235	-1.208368e+05	1.776872e+05	-5.230766e+02	4.998301e-02	1.000000e+05	5.012139e-01	8.213140e-01	8.227705e-01
12	12_13625	13625	0	G	A	0.543	9.973083e+04	1.409972e+05	-5.230631e+02	1.000000e-05	1.000000e+05	4.843301e-01	7.798289e-01	7.816922e-01
12	12_13643	13643	0	G	A	0.543	9.973083e+04	1.409972e+05	-5.230631e+02	1.000000e-05	1.000000e+05	4.843301e-01	7.798289e-01	7.816922e-01
12	12_13645	13645	0	A	G	0.543	9.973083e+04	1.409972e+05	-5.230631e+02	1.000000e-05	1.000000e+05	4.843301e-01	7.798289e-01	7.816922e-01
12	12_13857	13857	3	A	G	0.219	-1.222345e+05	1.777585e+05	-5.229610e+02	1.000000e-05	1.000000e+05	4.964822e-01	5.951766e-01	5.994684e-01
12	12_13936	13936	1	C	T	0.294	-1.213488e+05	1.561558e+05	-5.231021e+02	1.000000e-05	1.000000e+05	4.426346e-01	9.929191e-01	9.929726e-01
12	12_13979	13979	3	T	C	0.312	-1.377842e+05	1.578589e+05	-5.230971e+02	1.000000e-05	1.000000e+05	3.890621e-01	9.203588e-01	9.209693e-01
12	12_14009	14009	1	C	T	0.412	-1.807758e+05	1.424544e+05	-5.226715e+02	1.000000e-05	1.000000e+05	2.133162e-01	3.533654e-01	3.630148e-01
12	12_14035	14035	1	C	T	0.441	-1.569141e+05	1.419990e+05	-5.230009e+02	1.000000e-05	1.000000e+05	2.771356e-01	6.527187e-01	6.561249e-01
12	12_14096	14096	4	C	T	0.323	-2.933179e+04	1.607722e+05	-5.225646e+02	1.000000e-05	1.000000e+05	8.563511e-01	2.998014e-01	3.109872e-01
12	12_14104	14104	4	C	T	0.258	1.221956e+04	1.718296e+05	-5.231021e+02	1.000000e-05	1.000000e+05	9.437359e-01	9.955122e-01	9.955461e-01
12	12_14114	14114	4	T	C	0.226	3.277752e+04	1.797485e+05	-5.230354e+02	1.000000e-05	1.000000e+05	8.564220e-01	7.148029e-01	7.173922e-01
12	12_14125	14125	1	A	G	0.147	-6.178593e+04	2.024431e+05	-5.231009e+02	1.000000e-05	1.000000e+05	7.621295e-01	9.610795e-01	9.613743e-01
12	12_14197	14197	0	G	A	0.143	-8.285687e+04	2.017149e+05	-5.227712e+02	1.000000e-05	1.000000e+05	6.839019e-01	4.158726e-01	4.238728e-01
12	12_14202	14202	0	A	G	0.143	-8.285687e+04	2.017149e+05	-5.227712e+02	1.000000e-05	1.000000e+05	6.839019e-01	4.158726e-01	4.238728e-01
12	12_14301	14301	2	G	A	0.455	-1.474458e+05	1.440950e+05	-5.229975e+02	1.000000e-05	1.000000e+05	3.136308e-01	6.473782e-01	6.508611e-01
12	12_14318	14318	0	A	G	0.229	-1.010455e+05	1.676045e+05	-5.231021e+02	1.000000e-05	1.000000e+05	5.507091e-01	9.995741e-01	9.995773e-01
12	12_14599	14599	1	G	A	0.118	-1.206615e+05	2.218573e+05	-5.230524e+02	1.000000e-05	1.000000e+05	5.901869e-01	7.526049e-01	7.547578e-01
12	12_14635	14635	0	G	A	0.286	-4.250646e+04	1.564747e+05	-5.230812e+02	1.000000e-05	1.000000e+05	7.875829e-01	8.377851e-01	8.390901e-01
12	12_14741	14741	1	C	G	0.324	2.096294e+05	1.490737e+05	-5.215240e+02	1.000000e-05	1.000000e+05	1.690078e-01	7.563690e-02	9.166563e-02
12	12_14783	14783	2	A	G	0.182	4.045432e+05	1.753404e+05	-5.205962e+02	1.000000e-05	1.000000e+05	2.745866e-02	2.517447e-02	3.805806e-02
12	12_15014	15014	2	A	G	0.394	-4.238211e+04	1.489685e+05	-5.230997e+02	1.000000e-05	1.000000e+05	7.778021e-01	9.438977e-01	9.443244e-01
12	12_19728	19728	0	A	G	0.200	-1.471258e+05	1.750512e+05	-5.228137e+02	1.000000e-05	1.000000e+05	4.066920e-01	4.475860e-01	4.548185e-01
12	12_19741	19741	0	C	T	0.343	1.767813e+05	1.465504e+05	-5.214256e+02	2.487566e-02	1.000000e+05	2.362854e-01	6.708389e-02	8.294256e-02
12	12_22806	22806	0	T	C	0.314	-1.574865e+05	1.499578e+05	-5.231014e+02	1.000000e-05	1.000000e+05	3.012540e-01	9.699192e-01	9.701467e-01
12	12_259454	259454	0	A	G	0.143	-1.275572e+05	2.010079e+05	-5.227715e+02	1.000000e-05	1.000000e+05	5.300724e-01	4.160979e-01	4.240923e-01
12	12_315987	315987	0	T	C	0.429	-6.873423e+04	3.267381e+05	-5.231019e+02	4.499859e-01	1.000000e+05	8.346764e-01	9.827093e-01	9.828399e-01
12	12_495113	495113	0	T	C	0.143	-1.301561e+05	2.009610e+05	-5.229838e+02	1.000000e-05	1.000000e+05	5.216803e-01	6.266986e-01	6.304888e-01
12	12_502808	502808	2	A	G	0.424	2.202362e+05	1.423883e+05	-5.207206e+02	1.000000e-05	1.000000e+05	1.314659e-01	2.907781e-02	4.250227e-02
12	12_502864	502864	4	T	C	0.419	-1.631387e+05	1.497107e+05	-5.219650e+02	1.000000e-05	1.000000e+05	2.837422e-01	1.315421e-01	1.473303e-01
12	12_502865	502865	3	G	T	0.438	-1.680583e+05	1.462904e+05	-5.216527e+02	1.000000e-05	1.000000e+05	2.588979e-01	8.864344e-02	1.047901e-01
12	12_502882	502882	4	G	A	0.419	-1.858723e+05	1.489056e+05	-5.223965e+02	1.000000e-05	1.000000e+05	2.207215e-01	2.348435e-01	2.479703e-01
12	12_502888	502888	1	G	A	0.471	-1.812365e+05	1.403441e+05	-5.225847e+02	1.000000e-05	1.000000e+05	2.055474e-01	3.090412e-01	3.199556e-01
12	12_502890	502890	4	G	A	0.419	-2.017885e+05	1.482764e+05	-5.220809e+02	1.000000e-05	1.000000e+05	1.827693e-01	1.529647e-01	1.683240e-01
12	12_502909	502909	1	C	T	0.412	-7.052307e+04	1.453697e+05	-5.228177e+02	1.000000e-05	1.000000e+05	6.307900e-01	4.507250e-01	4.578841e-01
12	12_502926	502926	3	G	C	0.406	-1.233201e+05	1.491525e+05	-5.213198e+02	1.000000e-05	1.000000e+05	4.142859e-01	5.902327e-02	7.463441e-02
12	12_502937	502937	5	C	T	0.433	2.919989e+04	1.541649e+05	-5.229198e+02	1.000000e-05	1.000000e+05	8.509342e-01	5.459776e-01	5.511372e-01
12	12_502942	502942	3	T	C	0.406	2.340548e+05	1.450767e+05	-5.222264e+02	1.000000e-05	1.000000e+05	1.161989e-01	1.856817e-01	2.002220e-01
12	12_502956	502956	2	A	G	0.333	3.038174e+04	1.545080e+05	-5.229787e+02	1.000000e-05	1.000000e+05	8.453189e-01	6.192711e-01	6.231759e-01
12	12_503049	503049	2	C	G	0.152	-7.767253e+04	2.028084e+05	-5.230964e+02	1.000000e-05	1.000000e+05	7.041870e-01	9.147027e-01	9.153581e-01
12	12_503112	503112	6	G	A	0.172	-5.225331e+04	2.056081e+05	-5.230586e+02	1.000000e-05	1.000000e+05	8.009641e-01	7.680816e-01	7.700675e-01
12	12_503171	503171	4	G	A	0.194	-1.449198e+05	1.886438e+05	-5.230287e+02	1.000000e-05	1.000000e+05	4.478199e-01	7.016343e-01	7.043859e-01
12	12_503254	503254	1	G	C	0.500	1.503348e+05	1.411938e+05	-5.223693e+02	1.000000e-05	1.000000e+05	2.947224e-01	2.260277e-01	2.394162e-01
12	12_503293	503293	2	A	C	0.455	1.141271e+05	1.450084e+05	-5.230763e+02	1.000000e-05	1.000000e+05	4.368760e-01	8.201145e-01	8.215822e-01
12	12_503311	503311	3	C	A	0.469	-1.002652e+05	1.472764e+05	-5.228757e+02	1.000000e-05	1.000000e+05	5.007498e-01	5.009899e-01	5.070399e-01
12	12_503313	503313	3	T	A	0.469	-9.773008e+04	1.473279e+05	-5.230496e+02	1.000000e-05	1.000000e+05	5.117135e-01	7.457529e-01	7.479818e-01
12	12_503321	503321	3	C	T	0.438	4.915012e+04	1.489415e+05	-5.226874e+02	1.000000e-05	1.000000e+05	7.434886e-01	3.624337e-01	3.718333e-01
12	12_503327	503327	3	A	C	0.406	5.935921e+04	1.503346e+05	-5.226982e+02	1.000000e-05	1.000000e+05	6.954963e-01	3.687666e-01	3.779937e-01
12	12_503356	503356	4	A	C	0.355	-1.689811e+04	1.571267e+05	-5.230971e+02	1.000000e-05	1.000000e+05	9.150082e-01	9.203424e-01	9.209531e-01
12	12_503357	503357	3	T	G	0.375	7.718244e+04	1.522798e+05	-5.226228e+02	1.000000e-05	1.000000e+05	6.156328e-01	3.275292e-01	3.379079e-01
12	12_503364	503364	4	T	C	0.355	7.886144e+04	1.565534e+05	-5.230397e+02	1.000000e-05	1.000000e+05	6.177940e-01	7.238905e-01	7.263710e-01
12	12_503366	503366	4	C	T	0.355	7.551945e+04	1.566034e+05	-5.230077e+02	1.000000e-05	1.000000e+05	6.328230e-01	6.637936e-01	6.670441e-01
12	12_503401	503401	1	A	G	0.324	2.426117e+04	1.534164e+05	-5.230971e+02	1.000000e-05	1.000000e+05	8.753108e-01	9.200737e-01	9.206866e-01
12	12_503416	503416	0	G	A	0.200	-6.928659e+04	1.765023e+05	-5.227656e+02	1.000000e-05	1.000000e+05	6.971735e-01	4.119824e-01	4.200799e-01
12	12_503422	503422	0	T	G	0.171	-7.425373e+04	1.873201e+05	-5.227989e+02	1.000000e-05	1.000000e+05	6.943614e-01	4.361210e-01	4.436255e-01
12	12_503453	503453	0	T	C	0.171	-8.131617e+04	1.872317e+05	-5.229517e+02	1.000000e-05	1.000000e+05	6.668917e-01	5.833046e-01	5.877960e-01
12	12_537923	537923	0	G	A	0.429	7.061255e+04	1.424685e+05	-5.225001e+02	1.000000e-05	1.000000e+05	6.234359e-01	2.725129e-01	2.845107e-01
12	12_704606	704606	0	A	G	0.343	-1.689168e+05	1.461646e+05	-5.226400e+02	1.000000e-05	1.000000e+05	2.561187e-01	3.363408e-01	3.464680e-01
13	13_11108	11108	0	C	T	0.171	3.524949e+05	1.774559e+05	-5.211525e+02	1.000000e-05	1.000000e+05	5.534780e-02	4.830527e-02	6.341503e-02
13	13_11118	11118	0	T	C	0.257	2.147972e+05	1.575365e+05	-5.225283e+02	1.000000e-05	1.000000e+05	1.819625e-01	2.840414e-01	2.956946e-01
13	13_11130	11130	1	A	G	0.294	1.454143e+05	1.555295e+05	-5.228395e+02	1.000000e-05	1.000000e+05	3.565991e-01	4.686162e-01	4.753665e-01
13	13_52884	52884	0	A	G	0.143	-1.667551e+05	2.001356e+05	-5.229629e+02	1.000000e-05	1.000000e+05	4.107163e-01	5.977744e-01	6.020233e-01
13	13_111766	111766	0	G	A	0.429	-6.873423e+04	3.267381e+05	-5.231019e+02	4.499859e-01	1.000000e+05	8.346764e-01	9.827093e-01	9.828399e-01
13	13_128625	128625	6	A	G	0.448	1.707283e+05	1.534720e+05	-5.224666e+02	1.000000e-05	1.000000e+05	2.739878e-01	2.595597e-01	2.719461e-01
13	13_128715	128715	3	G	A	0.375	1.436355e+05	1.508123e+05	-5.229692e+02	1.000000e-05	1.000000e+05	3.478121e-01	6.060933e-01	6.102067e-01
13	13_128729	128729	3	G	A	0.312	1.822513e+05	1.564848e+05	-5.228482e+02	1.000000e-05	1.000000e+05	2.525081e-01	4.760616e-01	4.826463e-01
13	13_162462	162462	0	A	G	0.171	3.903372e+04	1.876425e+05	-5.229133e+02	1.000000e-05	1.000000e+05	8.364906e-01	5.388477e-01	5.441421e-01
13	13_219021	219021	3	C	T	0.156	-3.521722e+04	2.037359e+05	-5.230812e+02	1.000000e-05	1.000000e+05	8.638195e-01	8.379115e-01	8.392154e-01
13	13_219311	219311	0	A	T	0.229	5.453390e+04	1.682575e+05	-5.229277e+02	1.000000e-05	1.000000e+05	7.479003e-01	5.547587e-01	5.597555e-01
13	13_219312	219312	0	A	G	0.200	5.132931e+04	1.766884e+05	-5.230377e+02	1.000000e-05	1.000000e+05	7.732459e-01	7.197212e-01	7.222513e-01
13	13_365348	365348	0	T	C	0.543	9.973083e+04	1.409972e+05	-5.230631e+02	1.000000e-05	1.000000e+05	4.843301e-01	7.798289e-01	7.816922e-01
13	13_436539	436539	0	G	A	0.429	-6.873423e+04	3.267381e+05	-5.231019e+02	4.499859e-01	1.000000e+05	8.346764e-01	9.827093e-01	9.828399e-01
13	13_436551	436551	0	C	G	0.429	-6.873423e+04	3.267381e+05	-5.231019e+02	4.499859e-01	1.000000e+05	8.346764e-01	9.827093e-01	9.828399e-01
13	13_436554	436554	0	T	C	0.429	-6.873423e+04	3.267381e+05	-5.231019e+02	4.499859e-01	1.000000e+05	8.346764e-01	9.827093e-01	9.828399e-01
13	13_511459	511459	0	T	C	0.429	-6.873423e+04	3.267381e+05	-5.231019e+02	4.499859e-01	1.000000e+05	8.346764e-01	9.827093e-01	9.828399e-01
13	13_548791	548791	0	T	C	0.143	-1.301561e+05	2.009610e+05	-5.229838e+02	1.000000e-05	1.000000e+05	5.216803e-01	6.266986e-01	6.304888e-01
13	13_655915	655915	0	A	G	0.429	-1.166545e+05	1.415486e+05	-5.228994e+02	1.000000e-05	1.000000e+05	4.157826e-01	5.242771e-01	5.298543e-01
13	13_723038	723038	0	G	A	0.371	-1.596597e+05	1.438027e+05	-5.224211e+02	1.000000e-05	1.000000e+05	2.749082e-01	2.431764e-01	2.560544e-01
13	13_742766	742766	5	G	A	0.200	-1.506787e+05	1.892801e+05	-5.223245e+02	1.000000e-05	1.000000e+05	4.316857e-01	2.123680e-01	2.261568e-01
13	13_742771	742771	1	C	A	0.235	-1.268560e+05	1.678171e+05	-5.228250e+02	1.000000e-05	1.000000e+05	4.550607e-01	4.566133e-01	4.636362e-01
13	13_746053	746053	0	G	A	0.114	4.635836e+04	2.222783e+05	-5.228853e+02	1.000000e-05	1.000000e+05	8.360737e-01	5.101548e-01	5.160156e-01
13	13_747478	747478	0	G	A	0.086	-1.523254e+05	2.513949e+05	-5.230196e+02	1.000000e-05	1.000000e+05	5.487126e-01	6.845415e-01	6.875123e-01
13	13_748576	748576	0	C	G	0.429	-6.873423e+04	3.267381e+05	-5.231019e+02	4.499859e-01	1.000000e+05	8.346764e-01	9.827093e-01	9.828399e-01
14	14_23327	23327	0	C	T	0.429	-6.873423e+04	3.267381e+05	-5.231019e+02	4.499859e-01	1.000000e+05	8.346764e-01	9.827093e-01	9.828399e-01
14	14_68046	68046	0	A	G	0.429	-6.873423e+04	3.267381e+05	-5.231019e+02	4.499859e-01	1.000000e+05	8.346764e-01	9.827093e-01	9.828399e-01
14	14_149196	149196	0	A	G	0.171	-1.422757e+05	1.861298e+05	-5.230634e+02	1.000000e-05	1.000000e+05	4.500666e-01	7.808395e-01	7.826924e-01
14	14_155590	155590	0	T	C	0.200	2.841302e+05	1.698592e+05	-5.221413e+02	1.000000e-05	1.000000e+05	1.038345e-01	1.656853e-01	1.807445e-01
14	14_231768	231768	0	A	G	0.143	-1.301561e+05	2.009610e+05	-5.229838e+02	1.000000e-05	1.000000e+05	5.216803e-01	6.266986e-01	6.304888e-01
14	14_271762	271762	0	T	C	0.429	-6.873423e+04	3.267381e+05	-5.231019e+02	4.499859e-01	1.000000e+05	8.346764e-01	9.827093e-01	9.828399e-01
14	14_342562	342562	0	T	G	0.486	-9.597617e+04	1.406001e+05	-5.231003e+02	1.000000e-05	1.000000e+05	4.996123e-01	9.514766e-01	9.518449e-01
14	14_351837	351837	0	G	T	0.200	-1.203136e+05	1.756735e+05	-5.227378e+02	1.000000e-05	1.000000e+05	4.982082e-01	3.933042e-01	4.018796e-01
14	14_383626	383626	0	A	G	0.514	1.270002e+05	1.398596e+05	-5.224694e+02	1.000000e-05	1.000000e+05	3.704333e-01	2.606178e-01	2.729725e-01
14	14_555698	555698	0	G	A	0.429	-6.873423e+04	3.267381e+05	-5.231019e+02	4.499859e-01	1.000000e+05	8.346764e-01	9.827093e-01	9.828399e-01
14	14_558889	558889	0	T	C	0.400	-6.564319e+04	1.790948e+05	-5.229196e+02	5.088182e-02	1.000000e+05	7.163111e-01	5.457590e-01	5.509228e-01
14	14_612687	612687	0	T	C	0.371	-1.596597e+05	1.438027e+05	-5.224211e+02	1.000000e-05	1.000000e+05	2.749082e-01	2.431764e-01	2.560544e-01
14	14_618816	618816	0	G	T	0.429	-6.873423e+04	3.267381e+05	-5.231019e+02	4.499859e-01	1.000000e+05	8.346764e-01	9.827093e-01	9.828399e-01
14	14_716719	716719	0	T	C	0.429	-6.873423e+04	3.267381e+05	-5.231019e+02	4.499859e-01	1.000000e+05	8.346764e-01	9.827093e-01	9.828399e-01
14	14_773166	773166	0	T	C	0.286	-1.450476e+05	1.546045e+05	-5.230836e+02	1.000000e-05	1.000000e+05	3.549658e-01	8.474680e-01	8.486863e-01
14	14_852745	852745	0	T	G	0.514	1.270002e+05	1.398596e+05	-5.224694e+02	1.000000e-05	1.000000e+05	3.704333e-01	2.606178e-01	2.729725e-01
14	14_908850	908850	0	A	G	0.543	8.022620e+04	1.413658e+05	-5.226477e+02	1.000000e-05	1.000000e+05	5.742101e-01	3.404232e-01	3.504348e-01
14	14_908994	908994	1	C	T	0.147	-7.104628e+04	2.023495e+05	-5.230539e+02	1.000000e-05	1.000000e+05	7.277400e-01	7.560454e-01	7.581606e-01
14	14_909011	909011	1	T	C	0.176	-8.642029e+04	1.877379e+05	-5.230109e+02	1.000000e-05	1.000000e+05	6.483025e-01	6.692705e-01	6.724457e-01
14	14_909450	909450	0	G	T	0.171	-1.315479e+05	1.863733e+05	-5.216453e+02	1.874901e-04	1.000000e+05	4.852469e-01	8.782858e-02	1.039721e-01
14	14_909472	909472	1	G	T	0.235	-2.581609e+04	1.692046e+05	-5.230972e+02	1.000000e-05	1.000000e+05	8.796639e-01	9.211284e-01	9.217329e-01
14	14_909504	909504	2	T	G	0.212	-1.511715e+05	1.775137e+05	-5.227508e+02	1.443773e-02	1.000000e+05	4.005714e-01	4.018901e-01	4.102438e-01
14	14_909638	909638	2	T	C	0.515	-1.074215e+05	1.463925e+05	-5.230049e+02	1.990414e-02	1.000000e+05	4.682577e-01	6.592530e-01	6.625668e-01
14	14_909661	909661	1	A	G	0.529	-9.330684e+04	1.443786e+05	-5.227736e+02	1.529942e-02	1.000000e+05	5.225770e-01	4.176367e-01	4.255928e-01
14	14_909704	909704	0	A	G	0.486	-1.725915e+05	1.394022e+05	-5.225689e+02	2.323989e-02	1.000000e+05	2.244213e-01	3.017352e-01	3.128640e-01
14	14_910040	910040	2	A	G	0.364	1.441893e+05	1.494064e+05	-5.211132e+02	1.000000e-05	1.000000e+05	3.415236e-01	4.610014e-02	6.107621e-02
14	14_910103	910103	1	A	G	0.412	-1.369897e+05	1.439249e+05	-5.230995e+02	1.000000e-05	1.000000e+05	3.481112e-01	9.422676e-01	9.427069e-01
14	14_910152	910152	1	A	G	0.353	-1.360804e+05	1.483637e+05	-5.228809e+02	1.000000e-05	1.000000e+05	3.656885e-01	5.059329e-01	5.118804e-01
14	14_910181	910181	1	G	A	0.412	-1.651574e+05	1.430264e+05	-5.228170e+02	1.000000e-05	1.000000e+05	2.564929e-01	4.501248e-01	4.572980e-01
14	14_910258	910258	1	G	T	0.471	-7.717188e+04	1.432182e+05	-5.212920e+02	1.000000e-05	1.000000e+05	5.936132e-01	5.708310e-02	7.261960e-02
14	14_910323	910323	1	T	C	0.471	1.729724e+05	1.406600e+05	-5.230593e+02	1.000000e-05	1.000000e+05	2.274975e-01	7.697906e-01	7.717585e-01
14	14_910328	910328	1	G	A	0.471	1.758991e+05	1.405498e+05	-5.226919e+02	1.000000e-05	1.000000e+05	2.195487e-01	3.650433e-01	3.743716e-01
14	14_910510	910510	1	A	G	0.412	-1.115867e+05	1.445880e+05	-5.226515e+02	1.000000e-05	1.000000e+05	4.457506e-01	3.424300e-01	3.523851e-01
14	14_910555	910555	2	C	T	0.394	-8.708798e+04	1.483787e+05	-5.225340e+02	1.000000e-05	1.000000e+05	5.612447e-01	2.864645e-01	2.980456e-01
14	14_910742	910742	0	A	G	0.343	1.909533e+05	1.453327e+05	-5.225972e+02	1.000000e-05	1.000000e+05	1.979394e-01	3.149537e-01	3.256956e-01
14	14_910822	910822	1	G	A	0.294	1.785544e+05	1.544800e+05	-5.229080e+02	1.000000e-05	1.000000e+05	2.560460e-01	5.331878e-01	5.385909e-01
14	14_910834	910834	1	T	A	0.235	2.526495e+05	1.635498e+05	-5.229195e+02	6.018686e-03	1.000000e+05	1.319348e-01	5.455477e-01	5.507154e-01
14	14_910926	910926	4	G	A	0.452	1.530930e+05	1.487256e+05	-5.229075e+02	1.000000e-05	1.000000e+05	3.107940e-01	5.326417e-01	5.380554e-01
14	14_910939	910939	5	C	A	0.500	-1.153563e+05	1.515464e+05	-5.230592e+02	1.000000e-05	1.000000e+05	4.519462e-01	7.694634e-01	7.714347e-01
14	14_910964	910964	1	G	A	0.471	-9.269452e+04	1.429389e+05	-5.221964e+02	1.000000e-05	1.000000e+05	5.211551e-01	1.783448e-01	1.930810e-01
14	14_910966	910966	0	T	C	0.457	-8.324758e+04	1.413131e+05	-5.225326e+02	1.000000e-05	1.000000e+05	5.598054e-01	2.858583e-01	2.974575e-01
14	14_910979	910979	3	A	G	0.469	-2.231272e+05	1.431304e+05	-5.227582e+02	1.000000e-05	1.000000e+05	1.285580e-01	4.068743e-01	4.151009e-01
14	14_911099	911099	2	A	G	0.485	-1.015560e+05	1.447484e+05	-5.223999e+02	1.000000e-05	1.000000e+05	4.878452e-01	2.359914e-01	2.490840e-01
14	14_911129	911129	2	T	C	0.485	-1.009547e+05	1.447612e+05	-5.230158e+02	1.000000e-05	1.000000e+05	4.904447e-01	6.776795e-01	6.807411e-01
14	14_911206	911206	1	G	A	0.471	2.574756e+04	1.437774e+05	-5.230857e+02	1.000000e-05	1.000000e+05	8.589705e-01	8.562596e-01	8.574006e-01
14	14_911262	911262	5	A	C	0.433	9.941872e+04	1.787161e+05	-5.229100e+02	1.037703e-01	1.000000e+05	5.817626e-01	5.352835e-01	5.406462e-01
14	14_911292	911292	4	A	G	0.355	-7.259785e+04	1.566471e+05	-5.228128e+02	1.000000e-05	1.000000e+05	6.460853e-01	4.468161e-01	4.540667e-01
14	14_911297	911297	6	A	C	0.379	4.325605e+04	1.600469e+05	-5.230745e+02	1.000000e-05	1.000000e+05	7.886348e-01	8.140374e-01	8.155625e-01
14	14_911308	911308	3	C	T	0.281	8.858905e+04	1.659961e+05	-5.227729e+02	1.495959e-02	1.000000e+05	5.971387e-01	4.170841e-01	4.250540e-01
14	14_911314	911314	0	A	G	0.143	-8.611069e+04	2.016733e+05	-5.231003e+02	1.000000e-05	1.000000e+05	6.721661e-01	9.517361e-01	9.521024e-01
14	14_911321	911321	6	G	A	0.276	-1.629097e+05	1.716143e+05	-5.230934e+02	1.000000e-05	1.000000e+05	3.493799e-01	8.947304e-01	8.955469e-01
14	14_911352	911352	6	G	A	0.414	-1.898677e+04	1.578139e+05	-5.228690e+02	1.000000e-05	1.000000e+05	9.049662e-01	4.947257e-01	5.009072e-01
14	14_911375	911375	5	G	A	0.333	-4.494522e+04	1.619562e+05	-5.229482e+02	1.000000e-05	1.000000e+05	7.831161e-01	5.790309e-01	5.835958e-01
14	14_911385	911385	3	G	A	0.375	7.026565e+04	1.523814e+05	-5.216628e+02	1.000000e-05	1.000000e+05	6.477396e-01	8.976092e-02	1.059112e-01
14	14_911414	911414	5	G	A	0.233	-1.065474e+05	1.797650e+05	-5.231003e+02	1.000000e-05	1.000000e+05	5.574195e-01	9.515154e-01	9.518835e-01
14	14_924025	924025	0	T	C	0.400	1.418017e+05	1.423286e+05	-5.230944e+02	1.000000e-05	1.000000e+05	3.263551e-01	9.011055e-01	9.018701e-01
14	14_924047	924047	1	C	A	0.471	1.257829e+05	1.421741e+05	-5.225220e+02	1.000000e-05	1.000000e+05	3.827137e-01	2.813921e-01	2.931244e-01
14	14_924049	924049	1	T	A	0.471	1.257829e+05	1.421741e+05	-5.225220e+02	1.000000e-05	1.000000e+05	3.827137e-01	2.813921e-01	2.931244e-01
14	14_924050	924050	1	C	G	0.471	1.257829e+05	1.421741e+05	-5.225220e+02	1.000000e-05	1.000000e+05	3.827137e-01	2.813921e-01	2.931244e-01
14	14_924059	924059	0	T	C	0.486	-1.082526e+05	1.403337e+05	-5.229603e+02	1.000000e-05	1.000000e+05	4.459623e-01	5.943118e-01	5.986180e-01
14	14_924128	924128	0	G	A	0.400	-1.544339e+05	1.419314e+05	-5.223499e+02	1.000000e-05	1.000000e+05	2.844392e-01	2.199905e-01	2.335568e-01
14	14_924776	924776	0	A	G	0.429	-8.097141e+04	1.423073e+05	-5.230751e+02	1.000000e-05	1.000000e+05	5.732154e-01	8.162078e-01	8.177123e-01
14	14_924866	924866	0	G	A	0.257	-2.051391e+05	1.657020e+05	-5.219943e+02	8.412401e-02	1.000000e+05	2.244517e-01	1.366203e-01	1.523173e-01
14	14_925085	925085	0	G	A	0.143	-1.365825e+05	2.008280e+05	-5.230640e+02	1.000000e-05	1.000000e+05	5.011868e-01	7.823659e-01	7.842032e-01
