chr	rs	ps	n_miss	allele1	allele0	af	beta	se	logl_H1	l_remle	l_mle	p_wald	p_lrt	p_score
1	1_44747	44747	0	C	G	0.250	1.024806e+01	5.370829e+00	-1.058532e+02	2.414676e-02	1.000000e+05	6.951424e-02	5.763354e-02	8.092990e-02
1	1_44753	44753	1	G	A	0.261	1.008861e+01	5.422342e+00	-1.059794e+02	1.306263e-02	1.000000e+05	7.622594e-02	6.713549e-02	9.081396e-02
1	1_44785	44785	1	G	A	0.174	-2.547467e+00	6.730127e+00	-1.075433e+02	1.000000e-05	1.000000e+05	7.086748e-01	6.359877e-01	6.414247e-01
1	1_47564	47564	0	G	A	0.417	-4.535529e+00	4.988947e+00	-1.074558e+02	1.000000e-05	1.000000e+05	3.731417e-01	5.276539e-01	5.358417e-01
1	1_47575	47575	1	G	A	0.435	-4.963365e+00	5.052983e+00	-1.072298e+02	1.000000e-05	1.000000e+05	3.366493e-01	3.562853e-01	3.704462e-01
1	1_47671	47671	2	G	A	0.409	-5.214328e+00	5.204837e+00	-1.073607e+02	1.000000e-05	1.000000e+05	3.273213e-01	4.427253e-01	4.536193e-01
1	1_47684	47684	2	C	G	0.455	-5.656523e+00	5.115041e+00	-1.071847e+02	1.000000e-05	1.000000e+05	2.807337e-01	3.319817e-01	3.471455e-01
1	1_47686	47686	2	A	G	0.455	-5.656523e+00	5.115041e+00	-1.071847e+02	1.000000e-05	1.000000e+05	2.807337e-01	3.319817e-01	3.471455e-01
1	1_101060	101060	0	T	C	0.083	-2.631886e+00	9.047434e+00	-1.076141e+02	1.000000e-05	1.000000e+05	7.738537e-01	7.741245e-01	7.769960e-01
1	1_170985	170985	0	A	G	0.083	-2.631886e+00	9.047434e+00	-1.076141e+02	1.000000e-05	1.000000e+05	7.738537e-01	7.741245e-01	7.769960e-01
1	1_291990	291990	1	T	G	0.348	-3.904483e+00	5.308723e+00	-1.074285e+02	1.000000e-05	1.000000e+05	4.698135e-01	5.006706e-01	5.096635e-01
1	1_309593	309593	2	A	G	0.364	-4.148668e+00	5.367346e+00	-1.074170e+02	1.000000e-05	1.000000e+05	4.477799e-01	4.899688e-01	4.992951e-01
1	1_363954	363954	0	A	G	0.208	-2.430961e+00	6.147396e+00	-1.076473e+02	1.000000e-05	1.000000e+05	6.963225e-01	8.992575e-01	9.004239e-01
1	1_477160	477160	0	A	C	0.167	-3.857419e+00	6.672115e+00	-1.076515e+02	1.000000e-05	1.000000e+05	5.690407e-01	9.310719e-01	9.318596e-01
1	1_606536	606536	0	A	G	0.083	-2.631886e+00	9.047434e+00	-1.076141e+02	1.000000e-05	1.000000e+05	7.738537e-01	7.741245e-01	7.769960e-01
1	1_743295	743295	0	T	C	0.083	-2.631886e+00	9.047434e+00	-1.076141e+02	1.000000e-05	1.000000e+05	7.738537e-01	7.741245e-01	7.769960e-01
1	1_807596	807596	0	T	C	0.083	-2.631886e+00	9.047434e+00	-1.076141e+02	1.000000e-05	1.000000e+05	7.738537e-01	7.741245e-01	7.769960e-01
1	1_927896	927896	0	C	T	0.208	-2.430961e+00	6.147396e+00	-1.076473e+02	1.000000e-05	1.000000e+05	6.963225e-01	8.992575e-01	9.004239e-01
1	1_927901	927901	0	C	A	0.208	-2.430961e+00	6.147396e+00	-1.076473e+02	1.000000e-05	1.000000e+05	6.963225e-01	8.992575e-01	9.004239e-01
1	1_944973	944973	0	G	C	0.333	-3.706721e+00	5.255781e+00	-1.076544e+02	1.000000e-05	1.000000e+05	4.880457e-01	9.667847e-01	9.671609e-01
1	1_971811	971811	1	G	T	0.087	-4.196002e+00	9.038524e+00	-1.076086e+02	1.000000e-05	1.000000e+05	6.470403e-01	7.599708e-01	7.630659e-01
1	1_975012	975012	0	C	T	0.125	-2.438843e+00	7.557621e+00	-1.075878e+02	1.000000e-05	1.000000e+05	7.499695e-01	7.133301e-01	7.172201e-01
1	1_975152	975152	3	T	C	0.333	-5.518806e+00	5.558446e+00	-1.068185e+02	1.000000e-05	1.000000e+05	3.315696e-01	1.957794e-01	2.168498e-01
1	1_975212	975212	0	C	T	0.375	-4.411257e+00	5.088868e+00	-1.070772e+02	1.000000e-05	1.000000e+05	3.953836e-01	2.822437e-01	2.995464e-01
1	1_975397	975397	2	T	C	0.409	7.849263e+00	5.052294e+00	-1.063588e+02	1.000000e-05	1.000000e+05	1.345476e-01	1.073384e-01	1.312134e-01
1	1_975445	975445	2	T	C	0.273	1.038323e+01	5.457720e+00	-1.054683e+02	2.206185e-02	1.000000e+05	7.027864e-02	3.649037e-02	5.803608e-02
1	1_975457	975457	2	A	G	0.318	8.710222e+00	5.302342e+00	-1.062339e+02	1.000000e-05	1.000000e+05	1.146603e-01	9.178446e-02	1.157850e-01
1	1_975510	975510	1	T	C	0.130	-3.661842e+00	7.558910e+00	-1.072281e+02	1.000000e-05	1.000000e+05	6.328614e-01	3.553157e-01	3.695160e-01
1	1_1065714	1065714	0	G	A	0.208	-2.430961e+00	6.147396e+00	-1.076473e+02	1.000000e-05	1.000000e+05	6.963225e-01	8.992575e-01	9.004239e-01
1	1_1317098	1317098	0	T	C	0.625	3.822198e+00	5.110653e+00	-1.070353e+02	1.000000e-05	1.000000e+05	4.624478e-01	2.654812e-01	2.835218e-01
1	1_1354376	1354376	0	A	G	0.333	-3.706721e+00	5.255781e+00	-1.076544e+02	1.000000e-05	1.000000e+05	4.880457e-01	9.667847e-01	9.671609e-01
1	1_1471243	1471243	0	T	C	0.333	-3.706721e+00	5.255781e+00	-1.076544e+02	1.000000e-05	1.000000e+05	4.880457e-01	9.667847e-01	9.671609e-01
1	1_1509932	1509932	0	A	C	0.292	-3.246534e+00	5.468528e+00	-1.075418e+02	1.000000e-05	1.000000e+05	5.587841e-01	6.337124e-01	6.391998e-01
1	1_1509935	1509935	0	G	C	0.292	-3.246534e+00	5.468528e+00	-1.075418e+02	1.000000e-05	1.000000e+05	5.587841e-01	6.337124e-01	6.391998e-01
1	1_1509940	1509940	0	G	C	0.292	-3.246534e+00	5.468528e+00	-1.075418e+02	1.000000e-05	1.000000e+05	5.587841e-01	6.337124e-01	6.391998e-01
1	1_1581524	1581524	1	A	G	0.217	-1.816946e+00	6.192579e+00	-1.072438e+02	1.000000e-05	1.000000e+05	7.719611e-01	3.643194e-01	3.781561e-01
1	1_1583615	1583615	0	C	T	0.333	-3.706721e+00	5.255781e+00	-1.076544e+02	1.000000e-05	1.000000e+05	4.880457e-01	9.667847e-01	9.671609e-01
1	1_1943622	1943622	0	G	A	0.333	-3.706721e+00	5.255781e+00	-1.076544e+02	1.000000e-05	1.000000e+05	4.880457e-01	9.667847e-01	9.671609e-01
1	1_2108016	2108016	0	G	C	0.292	-3.246534e+00	5.468528e+00	-1.075418e+02	1.000000e-05	1.000000e+05	5.587841e-01	6.337124e-01	6.391998e-01
1	1_2194658	2194658	0	A	G	0.083	-2.631886e+00	9.047434e+00	-1.076141e+02	1.000000e-05	1.000000e+05	7.738537e-01	7.741245e-01	7.769960e-01
1	1_2205937	2205937	0	G	C	0.333	-3.706721e+00	5.255781e+00	-1.076544e+02	1.000000e-05	1.000000e+05	4.880457e-01	9.667847e-01	9.671609e-01
2	2_71426	71426	0	T	C	0.333	-3.706721e+00	5.255781e+00	-1.076544e+02	1.000000e-05	1.000000e+05	4.880457e-01	9.667847e-01	9.671609e-01
2	2_140257	140257	0	G	A	0.333	-3.706721e+00	5.255781e+00	-1.076544e+02	1.000000e-05	1.000000e+05	4.880457e-01	9.667847e-01	9.671609e-01
2	2_150696	150696	0	T	C	0.333	-3.706721e+00	5.255781e+00	-1.076544e+02	1.000000e-05	1.000000e+05	4.880457e-01	9.667847e-01	9.671609e-01
2	2_270700	270700	2	T	C	0.364	-4.798559e+00	5.342662e+00	-1.071679e+02	1.000000e-05	1.000000e+05	3.788258e-01	3.234888e-01	3.390104e-01
2	2_270799	270799	4	A	G	0.150	-4.267187e+00	7.632076e+00	-1.074104e+02	1.000000e-05	1.000000e+05	5.817327e-01	4.839927e-01	4.935085e-01
2	2_270855	270855	0	G	A	0.458	5.606637e+00	4.884059e+00	-1.073186e+02	1.000000e-05	1.000000e+05	2.633208e-01	4.119122e-01	4.239131e-01
2	2_270969	270969	1	T	G	0.435	6.482553e+00	4.974156e+00	-1.073128e+02	1.000000e-05	1.000000e+05	2.059657e-01	4.078742e-01	4.200251e-01
2	2_270970	270970	1	T	A	0.435	6.482553e+00	4.974156e+00	-1.073128e+02	1.000000e-05	1.000000e+05	2.059657e-01	4.078742e-01	4.200251e-01
2	2_270971	270971	1	C	A	0.435	6.482553e+00	4.974156e+00	-1.073128e+02	1.000000e-05	1.000000e+05	2.059657e-01	4.078742e-01	4.200251e-01
2	2_270994	270994	0	A	G	0.458	5.801158e+00	4.873727e+00	-1.075243e+02	1.000000e-05	1.000000e+05	2.466179e-01	6.087610e-01	6.148206e-01
2	2_294465	294465	1	G	A	0.174	-3.141091e+00	6.718710e+00	-1.074160e+02	1.000000e-05	1.000000e+05	6.447299e-01	4.890554e-01	4.984104e-01
2	2_508674	508674	0	G	A	0.333	-3.706721e+00	5.255781e+00	-1.076544e+02	1.000000e-05	1.000000e+05	4.880457e-01	9.667847e-01	9.671609e-01
2	2_595266	595266	0	A	G	0.333	-3.706721e+00	5.255781e+00	-1.076544e+02	1.000000e-05	1.000000e+05	4.880457e-01	9.667847e-01	9.671609e-01
2	2_697983	697983	0	A	G	0.583	4.055809e+00	5.007829e+00	-1.075895e+02	1.000000e-05	1.000000e+05	4.266751e-01	7.167562e-01	7.205845e-01
2	2_774357	774357	0	A	C	0.333	-3.706721e+00	5.255781e+00	-1.076544e+02	1.000000e-05	1.000000e+05	4.880457e-01	9.667847e-01	9.671609e-01
2	2_820645	820645	0	T	A	0.333	-3.706721e+00	5.255781e+00	-1.076544e+02	1.000000e-05	1.000000e+05	4.880457e-01	9.667847e-01	9.671609e-01
2	2_963693	963693	0	T	G	0.292	-3.246534e+00	5.468528e+00	-1.075418e+02	1.000000e-05	1.000000e+05	5.587841e-01	6.337124e-01	6.391998e-01
2	2_983795	983795	0	G	C	0.583	4.055809e+00	5.007829e+00	-1.075895e+02	1.000000e-05	1.000000e+05	4.266751e-01	7.167562e-01	7.205845e-01
2	2_1088064	1088064	0	T	C	0.083	-2.631886e+00	9.047434e+00	-1.076141e+02	1.000000e-05	1.000000e+05	7.738537e-01	7.741245e-01	7.769960e-01
2	2_1162362	1162362	0	G	C	0.333	-3.706721e+00	5.255781e+00	-1.076544e+02	1.000000e-05	1.000000e+05	4.880457e-01	9.667847e-01	9.671609e-01
2	2_1225303	1225303	0	A	G	0.583	4.055809e+00	5.007829e+00	-1.075895e+02	1.000000e-05	1.000000e+05	4.266751e-01	7.167562e-01	7.205845e-01
2	2_1406556	1406556	0	G	A	0.333	-3.706721e+00	5.255781e+00	-1.076544e+02	1.000000e-05	1.000000e+05	4.880457e-01	9.667847e-01	9.671609e-01
2	2_1519281	1519281	0	T	C	0.333	-3.706721e+00	5.255781e+00	-1.076544e+02	1.000000e-05	1.000000e+05	4.880457e-01	9.667847e-01	9.671609e-01
3	3_61845	61845	0	G	T	0.333	-3.706721e+00	5.255781e+00	-1.076544e+02	1.000000e-05	1.000000e+05	4.880457e-01	9.667847e-01	9.671609e-01
3	3_83036	83036	0	T	C	0.333	-3.706721e+00	5.255781e+00	-1.076544e+02	1.000000e-05	1.000000e+05	4.880457e-01	9.667847e-01	9.671609e-01
3	3_84476	84476	0	T	C	0.333	-3.706721e+00	5.255781e+00	-1.076544e+02	1.000000e-05	1.000000e+05	4.880457e-01	9.667847e-01	9.671609e-01
3	3_97584	97584	0	G	T	0.083	-2.631886e+00	9.047434e+00	-1.076141e+02	1.000000e-05	1.000000e+05	7.738537e-01	7.741245e-01	7.769960e-01
3	3_189938	189938	0	T	C	0.083	-2.631886e+00	9.047434e+00	-1.076141e+02	1.000000e-05	1.000000e+05	7.738537e-01	7.741245e-01	7.769960e-01
3	3_207299	207299	1	A	G	0.130	-3.179907e+00	7.568820e+00	-1.076320e+02	1.000000e-05	1.000000e+05	6.784637e-01	8.291531e-01	8.312218e-01
3	3_288811	288811	0	T	C	0.125	-2.977637e+00	7.548861e+00	-1.076114e+02	1.000000e-05	1.000000e+05	6.970477e-01	7.670935e-01	7.700751e-01
3	3_296203	296203	0	G	A	0.208	-2.430961e+00	6.147396e+00	-1.076473e+02	1.000000e-05	1.000000e+05	6.963225e-01	8.992575e-01	9.004239e-01
3	3_354680	354680	0	C	T	0.333	-3.706721e+00	5.255781e+00	-1.076544e+02	1.000000e-05	1.000000e+05	4.880457e-01	9.667847e-01	9.671609e-01
3	3_401715	401715	0	T	C	0.333	-3.706721e+00	5.255781e+00	-1.076544e+02	1.000000e-05	1.000000e+05	4.880457e-01	9.667847e-01	9.671609e-01
3	3_449970	449970	0	T	C	0.292	-3.246534e+00	5.468528e+00	-1.075418e+02	1.000000e-05	1.000000e+05	5.587841e-01	6.337124e-01	6.391998e-01
3	3_485530	485530	0	T	C	0.208	-2.430961e+00	6.147396e+00	-1.076473e+02	1.000000e-05	1.000000e+05	6.963225e-01	8.992575e-01	9.004239e-01
3	3_493126	493126	0	C	T	0.375	-3.822198e+00	5.110653e+00	-1.070353e+02	1.000000e-05	1.000000e+05	4.624478e-01	2.654812e-01	2.835218e-01
3	3_741271	741271	0	T	C	0.083	-2.631886e+00	9.047434e+00	-1.076141e+02	1.000000e-05	1.000000e+05	7.738537e-01	7.741245e-01	7.769960e-01
3	3_750294	750294	0	T	G	0.250	9.135939e+00	5.448172e+00	-1.067918e+02	1.000000e-05	1.000000e+05	1.077192e-01	1.887887e-01	2.101465e-01
3	3_860957	860957	0	A	T	0.500	5.763625e+00	4.857706e+00	-1.075962e+02	1.000000e-05	1.000000e+05	2.480839e-01	7.310854e-01	7.346617e-01
3	3_862065	862065	0	G	A	0.208	1.140907e+01	5.669274e+00	-1.045036e+02	1.000000e-05	1.000000e+05	5.657441e-02	1.205092e-02	2.788741e-02
3	3_862068	862068	0	G	A	0.208	1.140907e+01	5.669274e+00	-1.045036e+02	1.000000e-05	1.000000e+05	5.657441e-02	1.205092e-02	2.788741e-02
3	3_862069	862069	2	A	G	0.227	1.130784e+01	5.760032e+00	-1.051067e+02	1.000000e-05	1.000000e+05	6.239320e-02	2.396546e-02	4.343234e-02
3	3_968415	968415	1	G	C	0.348	-3.904483e+00	5.308723e+00	-1.074285e+02	1.000000e-05	1.000000e+05	4.698135e-01	5.006706e-01	5.096635e-01
3	3_1070130	1070130	0	G	A	0.333	-3.706721e+00	5.255781e+00	-1.076544e+02	1.000000e-05	1.000000e+05	4.880457e-01	9.667847e-01	9.671609e-01
3	3_1071924	1071924	0	G	A	0.333	-1.757541e+00	5.301440e+00	-1.076510e+02	1.000000e-05	1.000000e+05	7.433881e-01	9.266513e-01	9.274908e-01
3	3_1071929	1071929	0	C	T	0.333	-1.757541e+00	5.301440e+00	-1.076510e+02	1.000000e-05	1.000000e+05	7.433881e-01	9.266513e-01	9.274908e-01
3	3_1180025	1180025	0	C	T	0.333	-3.706721e+00	5.255781e+00	-1.076544e+02	1.000000e-05	1.000000e+05	4.880457e-01	9.667847e-01	9.671609e-01
3	3_1234218	1234218	0	G	A	0.208	-2.010900e+00	6.154174e+00	-1.074832e+02	1.000000e-05	1.000000e+05	7.469425e-01	5.574516e-01	5.648078e-01
3	3_1318833	1318833	0	T	C	0.333	-3.706721e+00	5.255781e+00	-1.076544e+02	1.000000e-05	1.000000e+05	4.880457e-01	9.667847e-01	9.671609e-01
3	3_1330004	1330004	0	T	C	0.083	-2.631886e+00	9.047434e+00	-1.076141e+02	1.000000e-05	1.000000e+05	7.738537e-01	7.741245e-01	7.769960e-01
3	3_1334793	1334793	0	C	T	0.083	-2.631886e+00	9.047434e+00	-1.076141e+02	1.000000e-05	1.000000e+05	7.738537e-01	7.741245e-01	7.769960e-01
4	4_53256	53256	0	T	C	0.083	-2.631886e+00	9.047434e+00	-1.076141e+02	1.000000e-05	1.000000e+05	7.738537e-01	7.741245e-01	7.769960e-01
4	4_106294	106294	0	C	T	0.250	-2.954269e+00	5.751653e+00	-1.076458e+02	1.000000e-05	1.000000e+05	6.126252e-01	8.902460e-01	8.915226e-01
4	4_577501	577501	0	G	A	0.333	-3.706721e+00	5.255781e+00	-1.076544e+02	1.000000e-05	1.000000e+05	4.880457e-01	9.667847e-01	9.671609e-01
4	4_667433	667433	0	G	T	0.333	-3.916861e+00	5.248688e+00	-1.074015e+02	1.000000e-05	1.000000e+05	4.634136e-01	4.762124e-01	4.859788e-01
4	4_667446	667446	0	G	A	0.375	-3.918900e+00	5.107209e+00	-1.072893e+02	1.000000e-05	1.000000e+05	4.510443e-01	3.922354e-01	4.049773e-01
4	4_667490	667490	1	G	A	0.435	-2.533029e-01	5.162344e+00	-1.076546e+02	1.000000e-05	1.000000e+05	9.613083e-01	9.703777e-01	9.707131e-01
4	4_679331	679331	0	T	A	0.333	-3.706721e+00	5.255781e+00	-1.076544e+02	1.000000e-05	1.000000e+05	4.880457e-01	9.667847e-01	9.671609e-01
4	4_901105	901105	1	G	A	0.348	-3.904483e+00	5.308723e+00	-1.074285e+02	1.000000e-05	1.000000e+05	4.698135e-01	5.006706e-01	5.096635e-01
4	4_995956	995956	2	A	G	0.273	-3.886748e+00	5.816859e+00	-1.075347e+02	1.000000e-05	1.000000e+05	5.109645e-01	6.233679e-01	6.290880e-01
4	4_1076446	1076446	0	G	A	0.333	-4.260210e+00	5.236482e+00	-1.075622e+02	1.000000e-05	1.000000e+05	4.246133e-01	6.661183e-01	6.709155e-01
4	4_1076465	1076465	0	G	A	0.375	-3.872015e+00	5.108784e+00	-1.076552e+02	1.000000e-05	1.000000e+05	4.565454e-01	9.871474e-01	9.872927e-01
5	5_7093	7093	0	G	A	0.417	-4.420830e+00	4.993633e+00	-1.074908e+02	1.000000e-05	1.000000e+05	3.855726e-01	5.663081e-01	5.734285e-01
5	5_168988	168988	0	G	A	0.083	-2.631886e+00	9.047434e+00	-1.076141e+02	1.000000e-05	1.000000e+05	7.738537e-01	7.741245e-01	7.769960e-01
5	5_276722	276722	0	A	G	0.583	4.055809e+00	5.007829e+00	-1.075895e+02	1.000000e-05	1.000000e+05	4.266751e-01	7.167562e-01	7.205845e-01
5	5_475470	475470	1	T	C	0.391	7.616300e+00	5.019227e+00	-1.050213e+02	4.505623e-02	1.000000e+05	1.433990e-01	2.172107e-02	4.067191e-02
5	5_476407	476407	0	T	A	0.542	4.373338e+00	4.941006e+00	-1.072423e+02	1.000000e-05	1.000000e+05	3.856689e-01	3.634284e-01	3.773009e-01
5	5_500266	500266	1	G	A	0.435	-3.926700e+00	5.094265e+00	-1.074857e+02	1.000000e-05	1.000000e+05	4.490203e-01	5.603356e-01	5.676145e-01
5	5_676974	676974	0	A	C	0.458	-4.404018e+00	4.939761e+00	-1.072799e+02	1.000000e-05	1.000000e+05	3.822846e-01	3.862396e-01	3.992125e-01
5	5_773775	773775	0	C	T	0.083	-2.631886e+00	9.047434e+00	-1.076141e+02	1.000000e-05	1.000000e+05	7.738537e-01	7.741245e-01	7.769960e-01
5	5_835130	835130	1	A	G	0.391	-6.459653e-02	5.243875e+00	-1.076550e+02	1.000000e-05	1.000000e+05	9.902826e-01	9.812661e-01	9.814779e-01
5	5_835251	835251	1	G	C	0.304	-2.864724e+00	5.528353e+00	-1.075917e+02	1.000000e-05	1.000000e+05	6.095000e-01	7.213908e-01	7.251366e-01
5	5_835261	835261	2	A	G	0.273	-3.132528e+00	5.837505e+00	-1.075464e+02	1.000000e-05	1.000000e+05	5.969149e-01	6.407291e-01	6.460621e-01
5	5_836479	836479	0	G	A	0.375	-2.000837e+00	5.157442e+00	-1.075901e+02	1.000000e-05	1.000000e+05	7.017804e-01	7.180127e-01	7.218185e-01
5	5_836568	836568	0	A	G	0.417	6.300699e+00	4.901035e+00	-1.065524e+02	1.000000e-05	1.000000e+05	2.119562e-01	1.374995e-01	1.607006e-01
5	5_836697	836697	0	A	G	0.542	-5.444766e+00	4.892379e+00	-1.065402e+02	1.000000e-05	1.000000e+05	2.777610e-01	1.353308e-01	1.585943e-01
5	5_836899	836899	1	G	A	0.087	-3.720386e+00	9.047989e+00	-1.075942e+02	1.000000e-05	1.000000e+05	6.849157e-01	7.266861e-01	7.303388e-01
5	5_975686	975686	0	C	G	0.375	-3.822198e+00	5.110653e+00	-1.070353e+02	1.000000e-05	1.000000e+05	4.624478e-01	2.654812e-01	2.835218e-01
5	5_1037902	1037902	0	A	G	0.333	-3.706721e+00	5.255781e+00	-1.076544e+02	1.000000e-05	1.000000e+05	4.880457e-01	9.667847e-01	9.671609e-01
5	5_1099536	1099536	0	A	G	0.083	-2.631886e+00	9.047434e+00	-1.076141e+02	1.000000e-05	1.000000e+05	7.738537e-01	7.741245e-01	7.769960e-01
5	5_1166880	1166880	0	A	G	0.083	-2.631886e+00	9.047434e+00	-1.076141e+02	1.000000e-05	1.000000e+05	7.738537e-01	7.741245e-01	7.769960e-01
5	5_1210544	1210544	0	A	G	0.583	4.055809e+00	5.007829e+00	-1.075895e+02	1.000000e-05	1.000000e+05	4.266751e-01	7.167562e-01	7.205845e-01
5	5_1245074	1245074	0	G	A	0.500	4.843532e+00	4.903262e+00	-1.075588e+02	1.000000e-05	1.000000e+05	3.339821e-01	6.603771e-01	6.652923e-01
5	5_1405166	1405166	0	G	A	0.250	-2.954269e+00	5.751653e+00	-1.076458e+02	1.000000e-05	1.000000e+05	6.126252e-01	8.902460e-01	8.915226e-01
5	5_1597105	1597105	0	C	T	0.625	3.822198e+00	5.110653e+00	-1.070353e+02	1.000000e-05	1.000000e+05	4.624478e-01	2.654812e-01	2.835218e-01
5	5_1661241	1661241	0	G	A	0.083	-2.631886e+00	9.047434e+00	-1.076141e+02	1.000000e-05	1.000000e+05	7.738537e-01	7.741245e-01	7.769960e-01
5	5_1688982	1688982	0	A	G	0.250	-2.954269e+00	5.751653e+00	-1.076458e+02	1.000000e-05	1.000000e+05	6.126252e-01	8.902460e-01	8.915226e-01
5	5_1695239	1695239	0	C	T	0.083	-2.631886e+00	9.047434e+00	-1.076141e+02	1.000000e-05	1.000000e+05	7.738537e-01	7.741245e-01	7.769960e-01
5	5_1770892	1770892	0	G	A	0.375	-5.260589e+00	5.052053e+00	-1.074869e+02	1.000000e-05	1.000000e+05	3.090554e-01	5.617537e-01	5.689948e-01
5	5_1773044	1773044	0	G	A	0.125	-3.865197e+00	7.530533e+00	-1.071781e+02	1.000000e-05	1.000000e+05	6.128786e-01	3.285958e-01	3.439018e-01
5	5_1773047	1773047	0	G	A	0.292	8.944012e+00	5.171632e+00	-1.063203e+02	1.000000e-05	1.000000e+05	9.773923e-02	1.022559e-01	1.261929e-01
5	5_1781499	1781499	0	C	A	0.333	-3.706721e+00	5.255781e+00	-1.076544e+02	1.000000e-05	1.000000e+05	4.880457e-01	9.667847e-01	9.671609e-01
6	6_191358	191358	0	C	T	0.083	-1.489244e+00	9.059163e+00	-1.074993e+02	1.000000e-05	1.000000e+05	8.709244e-01	5.764249e-01	5.832822e-01
6	6_211509	211509	0	T	C	0.083	-4.005287e+00	9.024414e+00	-1.076362e+02	1.000000e-05	1.000000e+05	6.615016e-01	8.452218e-01	8.470734e-01
6	6_220264	220264	1	G	A	0.391	-5.899549e+00	5.252899e+00	-1.061108e+02	6.424698e-02	1.000000e+05	2.735008e-01	7.882864e-02	1.027588e-01
6	6_220267	220267	1	G	A	0.391	-5.899549e+00	5.252899e+00	-1.061108e+02	6.424698e-02	1.000000e+05	2.735008e-01	7.882864e-02	1.027588e-01
6	6_221273	221273	3	A	G	0.429	6.346170e+00	5.240339e+00	-1.066132e+02	1.000000e-05	1.000000e+05	2.387358e-01	1.488336e-01	1.716827e-01
6	6_221275	221275	2	A	G	0.455	5.563924e+00	5.119652e+00	-1.067607e+02	1.000000e-05	1.000000e+05	2.888993e-01	1.810290e-01	2.026987e-01
6	6_221282	221282	1	A	C	0.478	4.923898e+00	5.014626e+00	-1.070334e+02	1.000000e-05	1.000000e+05	3.368213e-01	2.647525e-01	2.828252e-01
6	6_239210	239210	0	G	A	0.333	-3.706721e+00	5.255781e+00	-1.076544e+02	1.000000e-05	1.000000e+05	4.880457e-01	9.667847e-01	9.671609e-01
6	6_276397	276397	0	A	G	0.083	-2.631886e+00	9.047434e+00	-1.076141e+02	1.000000e-05	1.000000e+05	7.738537e-01	7.741245e-01	7.769960e-01
6	6_406899	406899	0	C	T	0.333	-3.706721e+00	5.255781e+00	-1.076544e+02	1.000000e-05	1.000000e+05	4.880457e-01	9.667847e-01	9.671609e-01
6	6_465434	465434	0	A	G	0.083	-2.631886e+00	9.047434e+00	-1.076141e+02	1.000000e-05	1.000000e+05	7.738537e-01	7.741245e-01	7.769960e-01
6	6_484890	484890	0	T	C	0.333	-3.706721e+00	5.255781e+00	-1.076544e+02	1.000000e-05	1.000000e+05	4.880457e-01	9.667847e-01	9.671609e-01
6	6_499210	499210	0	G	C	0.333	-3.706721e+00	5.255781e+00	-1.076544e+02	1.000000e-05	1.000000e+05	4.880457e-01	9.667847e-01	9.671609e-01
6	6_544412	544412	0	G	A	0.083	-2.631886e+00	9.047434e+00	-1.076141e+02	1.000000e-05	1.000000e+05	7.738537e-01	7.741245e-01	7.769960e-01
6	6_554477	554477	0	G	T	0.083	-2.631886e+00	9.047434e+00	-1.076141e+02	1.000000e-05	1.000000e+05	7.738537e-01	7.741245e-01	7.769960e-01
6	6_602467	602467	0	C	G	0.333	-3.706721e+00	5.255781e+00	-1.076544e+02	1.000000e-05	1.000000e+05	4.880457e-01	9.667847e-01	9.671609e-01
6	6_659075	659075	0	T	C	0.333	-3.706721e+00	5.255781e+00	-1.076544e+02	1.000000e-05	1.000000e+05	4.880457e-01	9.667847e-01	9.671609e-01
6	6_739933	739933	0	G	T	0.375	-4.273175e+00	5.094219e+00	-1.073353e+02	1.000000e-05	1.000000e+05	4.105879e-01	4.236895e-01	4.352595e-01
6	6_761983	761983	0	T	C	0.083	-2.631886e+00	9.047434e+00	-1.076141e+02	1.000000e-05	1.000000e+05	7.738537e-01	7.741245e-01	7.769960e-01
6	6_936535	936535	0	T	A	0.083	-2.631881e+00	9.047413e+00	-1.075826e+02	1.000000e-05	1.000000e+05	7.738535e-01	7.030971e-01	7.071744e-01
6	6_960726	960726	0	A	G	0.083	-2.631886e+00	9.047434e+00	-1.076141e+02	1.000000e-05	1.000000e+05	7.738537e-01	7.741245e-01	7.769960e-01
6	6_988043	988043	0	T	C	0.292	-4.500410e+00	5.427828e+00	-1.064651e+02	1.000000e-05	1.000000e+05	4.159330e-01	1.228715e-01	1.464559e-01
6	6_988098	988098	1	A	G	0.348	6.309334e+00	5.202302e+00	-1.069723e+02	1.000000e-05	1.000000e+05	2.380703e-01	2.424893e-01	2.615452e-01
6	6_988261	988261	3	A	G	0.238	4.290882e-01	6.287745e+00	-1.076331e+02	1.000000e-05	1.000000e+05	9.462094e-01	8.332234e-01	8.352365e-01
6	6_988405	988405	2	T	C	0.318	-4.071244e+00	5.550674e+00	-1.075359e+02	1.000000e-05	1.000000e+05	4.710172e-01	6.251192e-01	6.307995e-01
6	6_988465	988465	0	T	C	0.583	-6.583532e+00	4.884111e+00	-1.074728e+02	1.000000e-05	1.000000e+05	1.913918e-01	5.458045e-01	5.534787e-01
6	6_988478	988478	2	A	G	0.409	2.715796e-01	5.321936e+00	-1.071567e+02	1.000000e-05	1.000000e+05	9.597619e-01	3.179952e-01	3.337501e-01
6	6_988549	988549	2	A	G	0.364	-3.341921e+00	5.392879e+00	-1.076492e+02	1.000000e-05	1.000000e+05	5.418265e-01	9.121226e-01	9.131342e-01
6	6_988553	988553	2	T	G	0.364	-3.570356e+00	5.386221e+00	-1.076467e+02	1.000000e-05	1.000000e+05	5.143004e-01	8.957115e-01	8.969211e-01
6	6_988631	988631	2	G	A	0.227	-3.229554e+00	6.206132e+00	-1.072979e+02	1.000000e-05	1.000000e+05	6.079957e-01	3.978954e-01	4.104215e-01
6	6_988733	988733	1	A	G	0.478	5.858246e+00	4.968777e+00	-1.071953e+02	1.000000e-05	1.000000e+05	2.509878e-01	3.374599e-01	3.523947e-01
6	6_988843	988843	3	A	G	0.429	7.202226e+00	5.189793e+00	-1.062145e+02	1.000000e-05	1.000000e+05	1.791044e-01	8.960294e-02	1.136043e-01
6	6_988922	988922	5	A	G	0.368	8.521895e+00	5.547348e+00	-1.062564e+02	1.000000e-05	1.000000e+05	1.387450e-01	9.439535e-02	1.183889e-01
6	6_988930	988930	2	G	A	0.273	1.020894e+01	5.457570e+00	-1.054297e+02	1.000000e-05	1.000000e+05	7.476320e-02	3.487929e-02	5.621665e-02
6	6_988960	988960	2	T	G	0.318	7.970031e+00	5.355006e+00	-1.055879e+02	1.000000e-05	1.000000e+05	1.508583e-01	4.201199e-02	6.417411e-02
6	6_989188	989188	0	T	C	0.417	5.263681e+00	4.978867e+00	-1.065057e+02	1.507521e-02	1.000000e+05	3.018895e-01	1.294452e-01	1.528687e-01
6	6_989334	989334	2	G	C	0.364	-2.727492e+00	5.408561e+00	-1.076285e+02	1.000000e-05	1.000000e+05	6.190699e-01	8.170226e-01	8.192599e-01
6	6_989453	989453	3	A	G	0.667	3.812001e+00	5.623187e+00	-1.076406e+02	1.000000e-05	1.000000e+05	5.048983e-01	8.637490e-01	8.653586e-01
6	6_989490	989490	0	T	C	0.417	4.871716e+00	4.981910e+00	-1.074100e+02	4.308596e-03	1.000000e+05	3.387645e-01	4.836382e-01	4.931653e-01
6	6_989528	989528	0	T	C	0.542	4.618474e+00	4.930850e+00	-1.076301e+02	1.000000e-05	1.000000e+05	3.591084e-01	8.224771e-01	8.246380e-01
6	6_989732	989732	4	T	C	0.400	7.719400e-01	5.599750e+00	-1.075968e+02	1.000000e-05	1.000000e+05	8.916109e-01	7.323785e-01	7.359325e-01
6	6_989861	989861	2	A	G	0.500	5.858251e+00	5.082299e+00	-1.076174e+02	1.000000e-05	1.000000e+05	2.614141e-01	7.830116e-01	7.857465e-01
6	6_989960	989960	0	A	G	0.458	5.416584e+00	4.893794e+00	-1.074106e+02	1.000000e-05	1.000000e+05	2.803246e-01	4.842091e-01	4.937180e-01
6	6_990258	990258	2	G	T	0.409	6.347764e+00	5.147288e+00	-1.066163e+02	1.000000e-05	1.000000e+05	2.305068e-01	1.494388e-01	1.722679e-01
6	6_990671	990671	5	G	A	0.526	5.427955e+00	5.519384e+00	-1.074898e+02	1.000000e-05	1.000000e+05	3.360860e-01	5.650442e-01	5.721979e-01
6	6_990699	990699	2	G	A	0.545	4.391145e+00	5.171261e+00	-1.076475e+02	1.000000e-05	1.000000e+05	4.049469e-01	9.006773e-01	9.018266e-01
6	6_990701	990701	1	A	G	0.565	3.620870e+00	5.104591e+00	-1.076366e+02	1.000000e-05	1.000000e+05	4.855662e-01	8.466817e-01	8.485139e-01
6	6_990771	990771	3	T	C	0.381	-4.394216e+00	5.435163e+00	-1.075182e+02	1.000000e-05	1.000000e+05	4.274715e-01	6.006082e-01	6.068628e-01
6	6_990777	990777	1	A	G	0.391	-4.135453e+00	5.169262e+00	-1.075611e+02	1.000000e-05	1.000000e+05	4.322601e-01	6.643549e-01	6.691882e-01
6	6_990851	990851	1	T	C	0.304	-3.742777e+00	5.504460e+00	-1.076230e+02	1.000000e-05	1.000000e+05	5.036268e-01	7.993884e-01	8.018790e-01
6	6_990862	990862	1	G	T	0.261	-3.245844e+00	5.787038e+00	-1.076323e+02	1.000000e-05	1.000000e+05	5.805465e-01	8.301206e-01	8.321760e-01
6	6_990885	990885	2	A	G	0.227	-3.500774e+00	6.199461e+00	-1.076402e+02	1.000000e-05	1.000000e+05	5.779976e-01	8.621558e-01	8.637859e-01
6	6_990992	990992	1	T	C	0.174	-2.624931e+00	6.728794e+00	-1.076447e+02	1.000000e-05	1.000000e+05	7.002109e-01	8.843065e-01	8.856566e-01
6	6_991027	991027	0	T	C	0.167	-2.410441e+00	6.702917e+00	-1.075912e+02	1.000000e-05	1.000000e+05	7.225671e-01	7.202410e-01	7.240072e-01
6	6_1031241	1031241	1	A	G	0.478	5.397481e+00	4.992528e+00	-1.075113e+02	1.000000e-05	1.000000e+05	2.913565e-01	5.915466e-01	5.980227e-01
6	6_1116760	1116760	0	G	A	0.333	-3.706721e+00	5.255781e+00	-1.076544e+02	1.000000e-05	1.000000e+05	4.880457e-01	9.667847e-01	9.671609e-01
6	6_1160524	1160524	0	A	G	0.375	-3.575738e+00	5.118591e+00	-1.076553e+02	1.000000e-05	1.000000e+05	4.921348e-01	9.997557e-01	9.997585e-01
6	6_1160528	1160528	0	A	G	0.375	-3.575738e+00	5.118591e+00	-1.076553e+02	1.000000e-05	1.000000e+05	4.921348e-01	9.997557e-01	9.997585e-01
6	6_1160532	1160532	0	A	G	0.375	-3.575738e+00	5.118591e+00	-1.076553e+02	1.000000e-05	1.000000e+05	4.921348e-01	9.997557e-01	9.997585e-01
6	6_1167676	1167676	0	C	G	0.333	-3.706721e+00	5.255781e+00	-1.076544e+02	1.000000e-05	1.000000e+05	4.880457e-01	9.667847e-01	9.671609e-01
6	6_1174733	1174733	0	G	C	0.083	-2.631886e+00	9.047434e+00	-1.076141e+02	1.000000e-05	1.000000e+05	7.738537e-01	7.741245e-01	7.769960e-01
6	6_1249810	1249810	0	G	A	0.208	-2.430961e+00	6.147396e+00	-1.076473e+02	1.000000e-05	1.000000e+05	6.963225e-01	8.992575e-01	9.004239e-01
6	6_1279254	1279254	0	C	T	0.333	-3.706721e+00	5.255781e+00	-1.076544e+02	1.000000e-05	1.000000e+05	4.880457e-01	9.667847e-01	9.671609e-01
7	7_11056	11056	1	A	C	0.348	7.417266e+00	5.135447e+00	-1.066051e+02	1.000000e-05	1.000000e+05	1.627390e-01	1.472687e-01	1.701688e-01
7	7_14006	14006	2	A	G	0.273	-3.228631e+00	5.835131e+00	-1.074080e+02	1.000000e-05	1.000000e+05	5.856315e-01	4.819296e-01	4.915114e-01
7	7_36839	36839	0	G	A	0.125	1.921880e+01	6.371740e+00	-1.049196e+02	1.000000e-05	1.000000e+05	6.350631e-03	1.932996e-02	3.766266e-02
7	7_37788	37788	0	C	T	0.333	-3.706721e+00	5.255781e+00	-1.076544e+02	1.000000e-05	1.000000e+05	4.880457e-01	9.667847e-01	9.671609e-01
7	7_49744	49744	0	G	A	0.083	-1.611194e+00	9.058213e+00	-1.076074e+02	1.000000e-05	1.000000e+05	8.604519e-01	7.570818e-01	7.602235e-01
7	7_164473	164473	2	G	A	0.364	-3.151261e+00	5.398084e+00	-1.075608e+02	1.000000e-05	1.000000e+05	5.653102e-01	6.637865e-01	6.686314e-01
7	7_164511	164511	0	T	C	0.542	4.599505e+00	4.931654e+00	-1.075044e+02	1.000000e-05	1.000000e+05	3.611244e-01	5.827990e-01	5.894939e-01
7	7_164589	164589	1	C	T	0.391	-3.398162e+00	5.193606e+00	-1.076370e+02	1.000000e-05	1.000000e+05	5.197023e-01	8.483969e-01	8.502065e-01
7	7_164636	164636	1	A	G	0.391	6.691778e+00	5.046086e+00	-1.075283e+02	1.000000e-05	1.000000e+05	1.984001e-01	6.142525e-01	6.201830e-01
7	7_164887	164887	1	G	A	0.348	-4.351256e+00	5.292706e+00	-1.071914e+02	1.000000e-05	1.000000e+05	4.198283e-01	3.354359e-01	3.504552e-01
7	7_164926	164926	2	G	A	0.273	-3.694123e+00	5.822566e+00	-1.075391e+02	1.000000e-05	1.000000e+05	5.323303e-01	6.298174e-01	6.353917e-01
7	7_165027	165027	3	T	C	0.190	-3.111200e+00	6.788392e+00	-1.075912e+02	1.000000e-05	1.000000e+05	6.512236e-01	7.203242e-01	7.240889e-01
7	7_165292	165292	0	C	A	0.583	-5.670411e+00	4.935899e+00	-1.063206e+02	1.000000e-05	1.000000e+05	2.629718e-01	1.022937e-01	1.262303e-01
7	7_165637	165637	0	A	G	0.458	-3.773852e+00	4.963413e+00	-1.075729e+02	1.000000e-05	1.000000e+05	4.551269e-01	6.848351e-01	6.892592e-01
7	7_165657	165657	2	A	G	0.409	-4.424774e+00	5.237960e+00	-1.069447e+02	1.000000e-05	1.000000e+05	4.073428e-01	2.332208e-01	2.526843e-01
7	7_165680	165680	0	T	C	0.417	-4.016048e+00	5.009143e+00	-1.073442e+02	1.000000e-05	1.000000e+05	4.312765e-01	4.302699e-01	4.416034e-01
7	7_165704	165704	1	A	G	0.478	4.746837e+00	5.022383e+00	-1.073620e+02	1.000000e-05	1.000000e+05	3.548548e-01	4.437251e-01	4.545842e-01
7	7_165798	165798	2	C	T	0.409	-3.559294e+00	5.267880e+00	-1.075542e+02	1.000000e-05	1.000000e+05	5.062974e-01	6.529801e-01	6.580501e-01
7	7_165854	165854	2	T	C	0.545	4.325138e+00	5.173761e+00	-1.071555e+02	1.000000e-05	1.000000e+05	4.121567e-01	3.174062e-01	3.331862e-01
7	7_165873	165873	1	A	G	0.391	-3.568937e+00	5.188407e+00	-1.069436e+02	1.000000e-05	1.000000e+05	4.987252e-01	2.328656e-01	2.523448e-01
7	7_165955	165955	2	T	C	0.409	4.771090e+00	5.224127e+00	-1.074032e+02	1.000000e-05	1.000000e+05	3.709961e-01	4.776417e-01	4.873618e-01
7	7_166056	166056	1	C	A	0.522	1.415088e+00	5.114437e+00	-1.076280e+02	1.000000e-05	1.000000e+05	7.846049e-01	8.151548e-01	8.174185e-01
7	7_166309	166309	1	G	A	0.478	5.760108e+00	4.973965e+00	-1.072077e+02	1.000000e-05	1.000000e+05	2.592608e-01	3.440778e-01	3.587383e-01
7	7_166838	166838	0	T	A	0.125	-2.880591e+00	7.550567e+00	-1.076549e+02	1.000000e-05	1.000000e+05	7.064872e-01	9.769656e-01	9.772262e-01
7	7_166992	166992	2	A	G	0.318	-3.979209e+00	5.553705e+00	-1.075886e+02	1.000000e-05	1.000000e+05	4.812225e-01	7.149572e-01	7.188178e-01
7	7_167034	167034	2	T	C	0.318	-3.048322e+00	5.580413e+00	-1.073319e+02	1.000000e-05	1.000000e+05	5.903888e-01	4.212963e-01	4.329531e-01
7	7_167035	167035	1	C	A	0.348	-3.289201e+00	5.327434e+00	-1.072737e+02	1.000000e-05	1.000000e+05	5.433038e-01	3.823657e-01	3.954890e-01
7	7_167135	167135	2	A	G	0.591	-6.778688e+00	5.122264e+00	-1.069251e+02	1.000000e-05	1.000000e+05	1.992992e-01	2.268874e-01	2.466282e-01
7	7_167192	167192	2	C	T	0.500	-5.840728e+00	5.083224e+00	-1.070683e+02	1.000000e-05	1.000000e+05	2.628869e-01	2.786033e-01	2.960658e-01
7	7_167224	167224	4	T	A	0.400	-5.597935e+00	5.473550e+00	-1.070547e+02	1.000000e-05	1.000000e+05	3.175532e-01	2.730803e-01	2.907858e-01
7	7_167292	167292	3	A	G	0.429	5.330814e+00	5.291508e+00	-1.068584e+02	1.000000e-05	1.000000e+05	3.246817e-01	2.067765e-01	2.273847e-01
7	7_167370	167370	1	A	G	0.391	-3.340163e+00	5.195312e+00	-1.066431e+02	1.000000e-05	1.000000e+05	5.269216e-01	1.548008e-01	1.774489e-01
7	7_167655	167655	2	G	A	0.364	-5.078761e+00	5.330885e+00	-1.069435e+02	1.000000e-05	1.000000e+05	3.510905e-01	2.328216e-01	2.523027e-01
7	7_167687	167687	1	A	C	0.130	-4.233328e+00	7.545357e+00	-1.075061e+02	1.000000e-05	1.000000e+05	5.804333e-01	5.848469e-01	5.914902e-01
7	7_226969	226969	0	G	A	0.333	-3.706721e+00	5.255781e+00	-1.076544e+02	1.000000e-05	1.000000e+05	4.880457e-01	9.667847e-01	9.671609e-01
7	7_230511	230511	0	A	G	0.333	-3.706721e+00	5.255781e+00	-1.076544e+02	1.000000e-05	1.000000e+05	4.880457e-01	9.667847e-01	9.671609e-01
7	7_347542	347542	0	C	T	0.292	-3.246534e+00	5.468528e+00	-1.075418e+02	1.000000e-05	1.000000e+05	5.587841e-01	6.337124e-01	6.391998e-01
7	7_453828	453828	2	T	C	0.182	-4.093157e+00	6.728177e+00	-1.076085e+02	1.000000e-05	1.000000e+05	5.491785e-01	7.596708e-01	7.627707e-01
7	7_479542	479542	1	A	G	0.130	-3.054010e+00	7.571180e+00	-1.075732e+02	1.000000e-05	1.000000e+05	6.905674e-01	6.853260e-01	6.897406e-01
7	7_508893	508893	0	G	C	0.333	-3.706721e+00	5.255781e+00	-1.076544e+02	1.000000e-05	1.000000e+05	4.880457e-01	9.667847e-01	9.671609e-01
7	7_672119	672119	0	G	A	0.292	-3.112234e+00	5.471890e+00	-1.071592e+02	1.000000e-05	1.000000e+05	5.752748e-01	3.192371e-01	3.349391e-01
7	7_752860	752860	2	A	T	0.273	9.427526e+00	5.521101e+00	-1.057602e+02	1.000000e-05	1.000000e+05	1.017964e-01	5.155372e-02	7.449671e-02
7	7_752861	752861	0	A	T	0.125	-2.880589e+00	7.550568e+00	-1.076223e+02	1.000000e-05	1.000000e+05	7.064874e-01	7.972904e-01	7.998117e-01
7	7_813688	813688	1	C	T	0.348	-3.904483e+00	5.308723e+00	-1.074285e+02	1.000000e-05	1.000000e+05	4.698135e-01	5.006706e-01	5.096635e-01
7	7_819348	819348	0	A	C	0.333	-3.706721e+00	5.255781e+00	-1.076544e+02	1.000000e-05	1.000000e+05	4.880457e-01	9.667847e-01	9.671609e-01
7	7_831960	831960	0	T	G	0.250	-2.954269e+00	5.751653e+00	-1.076458e+02	1.000000e-05	1.000000e+05	6.126252e-01	8.902460e-01	8.915226e-01
7	7_908360	908360	3	C	A	0.143	-3.059953e+00	7.626137e+00	-1.071171e+02	1.000000e-05	1.000000e+05	6.921101e-01	2.994899e-01	3.160403e-01
7	7_911043	911043	0	C	T	0.333	-3.706721e+00	5.255781e+00	-1.076544e+02	1.000000e-05	1.000000e+05	4.880457e-01	9.667847e-01	9.671609e-01
7	7_1008288	1008288	0	G	A	0.333	-3.706721e+00	5.255781e+00	-1.076544e+02	1.000000e-05	1.000000e+05	4.880457e-01	9.667847e-01	9.671609e-01
7	7_1024334	1024334	0	G	A	0.333	-3.706721e+00	5.255781e+00	-1.076544e+02	1.000000e-05	1.000000e+05	4.880457e-01	9.667847e-01	9.671609e-01
7	7_1024356	1024356	0	T	C	0.333	-3.706721e+00	5.255781e+00	-1.076544e+02	1.000000e-05	1.000000e+05	4.880457e-01	9.667847e-01	9.671609e-01
7	7_1171945	1171945	0	A	G	0.083	-2.631886e+00	9.047434e+00	-1.076141e+02	1.000000e-05	1.000000e+05	7.738537e-01	7.741245e-01	7.769960e-01
7	7_1191543	1191543	0	C	T	0.333	-3.706721e+00	5.255781e+00	-1.076544e+02	1.000000e-05	1.000000e+05	4.880457e-01	9.667847e-01	9.671609e-01
7	7_1192832	1192832	0	T	C	0.083	-2.631886e+00	9.047434e+00	-1.076141e+02	1.000000e-05	1.000000e+05	7.738537e-01	7.741245e-01	7.769960e-01
7	7_1193976	1193976	0	C	T	0.333	-3.706721e+00	5.255781e+00	-1.076544e+02	1.000000e-05	1.000000e+05	4.880457e-01	9.667847e-01	9.671609e-01
7	7_1196178	1196178	0	C	T	0.583	5.242232e+00	4.957369e+00	-1.061644e+02	1.000000e-05	1.000000e+05	3.017743e-01	8.420403e-02	1.081863e-01
7	7_1205599	1205599	3	G	T	0.381	7.157844e+00	5.316168e+00	-1.062311e+02	2.018689e-02	1.000000e+05	1.918736e-01	9.146502e-02	1.154659e-01
7	7_1205600	1205600	2	G	A	0.364	7.366618e+00	5.238841e+00	-1.061913e+02	3.179558e-02	1.000000e+05	1.736461e-01	8.705459e-02	1.110508e-01
7	7_1205735	1205735	2	T	A	0.364	-4.611644e+00	5.350165e+00	-1.076551e+02	1.000000e-05	1.000000e+05	3.980063e-01	9.842338e-01	9.844120e-01
7	7_1227094	1227094	0	A	G	0.333	-3.706721e+00	5.255781e+00	-1.076544e+02	1.000000e-05	1.000000e+05	4.880457e-01	9.667847e-01	9.671609e-01
7	7_1240469	1240469	0	C	T	0.083	-2.631886e+00	9.047434e+00	-1.076141e+02	1.000000e-05	1.000000e+05	7.738537e-01	7.741245e-01	7.769960e-01
7	7_1263585	1263585	0	T	C	0.292	-2.773118e+00	5.480189e+00	-1.073188e+02	1.000000e-05	1.000000e+05	6.178716e-01	4.120523e-01	4.240481e-01
7	7_1263610	1263610	0	G	A	0.375	-4.485963e+00	5.085909e+00	-1.074562e+02	1.000000e-05	1.000000e+05	3.872924e-01	5.280473e-01	5.362237e-01
7	7_1266484	1266484	1	A	T	0.435	-4.165391e+00	5.201845e+00	-1.073380e+02	3.588642e-02	1.000000e+05	4.318381e-01	4.257042e-01	4.372015e-01
7	7_1276916	1276916	0	A	G	0.208	-3.055546e+00	6.134569e+00	-1.073162e+02	1.000000e-05	1.000000e+05	6.233658e-01	4.102103e-01	4.222742e-01
7	7_1276919	1276919	0	G	A	0.167	-3.562989e+00	6.679527e+00	-1.068471e+02	1.000000e-05	1.000000e+05	5.990916e-01	2.036057e-01	2.243483e-01
7	7_1341024	1341024	0	A	C	0.333	-4.299705e+00	5.235011e+00	-1.076475e+02	1.000000e-05	1.000000e+05	4.202667e-01	9.006465e-01	9.017961e-01
8	8_144493	144493	0	A	G	0.333	-3.706721e+00	5.255781e+00	-1.076544e+02	1.000000e-05	1.000000e+05	4.880457e-01	9.667847e-01	9.671609e-01
8	8_174475	174475	0	G	T	0.333	-3.706721e+00	5.255781e+00	-1.076544e+02	1.000000e-05	1.000000e+05	4.880457e-01	9.667847e-01	9.671609e-01
8	8_208859	208859	0	G	A	0.208	-2.430961e+00	6.147396e+00	-1.076473e+02	1.000000e-05	1.000000e+05	6.963225e-01	8.992575e-01	9.004239e-01
8	8_294928	294928	0	T	A	0.333	-3.706721e+00	5.255781e+00	-1.076544e+02	1.000000e-05	1.000000e+05	4.880457e-01	9.667847e-01	9.671609e-01
8	8_553155	553155	0	T	C	0.083	-2.631886e+00	9.047434e+00	-1.076141e+02	1.000000e-05	1.000000e+05	7.738537e-01	7.741245e-01	7.769960e-01
8	8_725537	725537	0	A	C	0.333	-3.706721e+00	5.255781e+00	-1.076544e+02	1.000000e-05	1.000000e+05	4.880457e-01	9.667847e-01	9.671609e-01
8	8_817562	817562	3	T	C	0.095	-2.098014e+00	9.113192e+00	-1.076486e+02	1.000000e-05	1.000000e+05	8.200501e-01	9.079984e-01	9.090594e-01
8	8_817567	817567	3	C	T	0.095	-2.098014e+00	9.113192e+00	-1.076486e+02	1.000000e-05	1.000000e+05	8.200501e-01	9.079984e-01	9.090594e-01
8	8_817674	817674	3	A	G	0.143	-3.140219e+00	7.624655e+00	-1.076492e+02	1.000000e-05	1.000000e+05	6.844341e-01	9.118647e-01	9.128793e-01
8	8_818838	818838	3	G	A	0.429	6.352950e+00	5.239965e+00	-1.066629e+02	1.000000e-05	1.000000e+05	2.382178e-01	1.588908e-01	1.813958e-01
8	8_847517	847517	0	A	G	0.167	1.410140e+01	6.012857e+00	-1.041634e+02	1.000000e-05	1.000000e+05	2.844401e-02	8.224836e-03	2.214308e-02
8	8_874822	874822	1	G	A	0.087	-2.916642e+00	9.061391e+00	-1.075543e+02	1.000000e-05	1.000000e+05	7.505853e-01	6.530666e-01	6.581348e-01
8	8_874895	874895	3	T	C	0.143	-3.381543e+00	7.619960e+00	-1.070911e+02	1.000000e-05	1.000000e+05	6.615397e-01	2.881341e-01	3.051789e-01
8	8_874992	874992	0	C	T	0.083	-4.005430e+00	9.024421e+00	-1.074218e+02	1.000000e-05	1.000000e+05	6.614906e-01	4.943463e-01	5.035352e-01
8	8_1083181	1083181	0	T	C	0.333	-3.706721e+00	5.255781e+00	-1.076544e+02	1.000000e-05	1.000000e+05	4.880457e-01	9.667847e-01	9.671609e-01
8	8_1161462	1161462	0	C	T	0.625	3.553286e+00	5.119461e+00	-1.074782e+02	1.000000e-05	1.000000e+05	4.949001e-01	5.517351e-01	5.592462e-01
8	8_1252135	1252135	1	T	C	0.435	-4.809777e+00	5.059731e+00	-1.075885e+02	1.000000e-05	1.000000e+05	3.521350e-01	7.148621e-01	7.187244e-01
8	8_1256218	1256218	0	G	A	0.333	-3.706721e+00	5.255781e+00	-1.076544e+02	1.000000e-05	1.000000e+05	4.880457e-01	9.667847e-01	9.671609e-01
8	8_1326133	1326133	0	A	G	0.208	-3.829789e+00	6.114786e+00	-1.075523e+02	1.000000e-05	1.000000e+05	5.375526e-01	6.499231e-01	6.550580e-01
8	8_1326140	1326140	0	G	A	0.167	-3.446376e+00	6.682306e+00	-1.076539e+02	1.000000e-05	1.000000e+05	6.111760e-01	9.578127e-01	9.582913e-01
8	8_1383765	1383765	0	A	G	0.417	-5.503343e+00	4.944485e+00	-1.072367e+02	1.000000e-05	1.000000e+05	2.777111e-01	3.602127e-01	3.742146e-01
9	9_5213	5213	3	G	C	0.238	-3.431238e+00	6.245766e+00	-1.075661e+02	1.000000e-05	1.000000e+05	5.882851e-01	6.727727e-01	6.774352e-01
9	9_6619	6619	1	C	T	0.304	8.960179e+00	5.223645e+00	-1.055557e+02	1.000000e-05	1.000000e+05	1.003409e-01	4.044585e-02	6.244728e-02
9	9_7470	7470	0	A	G	0.292	8.814020e+00	5.181777e+00	-1.074055e+02	1.000000e-05	1.000000e+05	1.030435e-01	4.797129e-01	4.893661e-01
9	9_7729	7729	1	C	T	0.435	-4.414905e+00	5.076057e+00	-1.073616e+02	1.000000e-05	1.000000e+05	3.938274e-01	4.434086e-01	4.542787e-01
9	9_8171	8171	2	G	A	0.364	7.194539e+00	5.219056e+00	-1.073981e+02	1.000000e-05	1.000000e+05	1.819027e-01	4.732297e-01	4.830933e-01
9	9_10033	10033	1	C	T	0.174	-3.981826e+00	6.698436e+00	-1.073395e+02	1.000000e-05	1.000000e+05	5.582815e-01	4.268115e-01	4.382689e-01
9	9_49163	49163	0	A	G	0.250	-2.954269e+00	5.751653e+00	-1.076458e+02	1.000000e-05	1.000000e+05	6.126252e-01	8.902460e-01	8.915226e-01
9	9_220237	220237	2	A	G	0.091	-1.429808e+00	9.097320e+00	-1.076251e+02	1.000000e-05	1.000000e+05	8.765460e-01	8.059071e-01	8.083029e-01
9	9_220963	220963	1	C	T	0.174	-4.637733e+00	6.679207e+00	-1.073902e+02	1.000000e-05	1.000000e+05	4.947282e-01	4.665242e-01	4.766087e-01
9	9_272607	272607	0	A	G	0.333	-3.706721e+00	5.255781e+00	-1.076544e+02	1.000000e-05	1.000000e+05	4.880457e-01	9.667847e-01	9.671609e-01
9	9_338278	338278	1	A	G	0.348	-3.904483e+00	5.308723e+00	-1.074285e+02	1.000000e-05	1.000000e+05	4.698135e-01	5.006706e-01	5.096635e-01
9	9_491535	491535	0	A	G	0.333	-3.706721e+00	5.255781e+00	-1.076544e+02	1.000000e-05	1.000000e+05	4.880457e-01	9.667847e-01	9.671609e-01
9	9_534468	534468	0	C	T	0.333	-3.706721e+00	5.255781e+00	-1.076544e+02	1.000000e-05	1.000000e+05	4.880457e-01	9.667847e-01	9.671609e-01
9	9_705343	705343	1	G	A	0.261	-4.344277e+00	5.754205e+00	-1.074783e+02	1.000000e-05	1.000000e+05	4.582711e-01	5.518208e-01	5.593297e-01
9	9_705571	705571	0	T	C	0.500	-4.985374e+00	4.896688e+00	-1.064732e+02	1.000000e-05	1.000000e+05	3.196914e-01	1.241494e-01	1.477041e-01
9	9_706175	706175	2	G	A	0.318	-4.039770e+00	5.551732e+00	-1.063398e+02	1.000000e-05	1.000000e+05	4.744958e-01	1.047951e-01	1.287035e-01
9	9_741562	741562	0	T	C	0.250	-2.954269e+00	5.751653e+00	-1.076458e+02	1.000000e-05	1.000000e+05	6.126252e-01	8.902460e-01	8.915226e-01
9	9_942229	942229	0	A	G	0.292	-3.246534e+00	5.468528e+00	-1.075418e+02	1.000000e-05	1.000000e+05	5.587841e-01	6.337124e-01	6.391998e-01
9	9_981209	981209	0	G	A	0.083	-2.631886e+00	9.047434e+00	-1.076141e+02	1.000000e-05	1.000000e+05	7.738537e-01	7.741245e-01	7.769960e-01
9	9_1115286	1115286	0	G	A	0.500	-4.253857e+00	4.927956e+00	-1.067101e+02	1.000000e-05	1.000000e+05	3.973357e-01	1.691648e-01	1.912938e-01
10	10_13558	13558	0	C	T	0.333	-3.706721e+00	5.255781e+00	-1.076544e+02	1.000000e-05	1.000000e+05	4.880457e-01	9.667847e-01	9.671609e-01
10	10_15220	15220	1	T	A	0.130	-2.961162e+00	7.572857e+00	-1.074360e+02	1.000000e-05	1.000000e+05	6.995414e-01	5.078137e-01	5.165885e-01
10	10_15251	15251	2	G	A	0.091	-3.303457e+00	9.075129e+00	-1.076296e+02	1.000000e-05	1.000000e+05	7.193240e-01	8.205292e-01	8.227173e-01
10	10_15279	15279	1	A	G	0.261	9.656051e+00	5.452567e+00	-1.066322e+02	1.000000e-05	1.000000e+05	9.042993e-02	1.525997e-01	1.753230e-01
10	10_15288	15288	2	C	T	0.227	1.138616e+01	5.753012e+00	-1.057002e+02	1.000000e-05	1.000000e+05	6.044738e-02	4.799724e-02	7.068527e-02
10	10_15302	15302	2	T	C	0.318	7.850092e+00	5.363049e+00	-1.072856e+02	1.000000e-05	1.000000e+05	1.574088e-01	3.898667e-01	4.026996e-01
10	10_15428	15428	1	C	G	0.130	-3.705174e+00	7.557955e+00	-1.075807e+02	1.000000e-05	1.000000e+05	6.288212e-01	6.993694e-01	7.035162e-01
10	10_15438	15438	0	G	A	0.125	-3.499717e+00	7.538654e+00	-1.076172e+02	1.000000e-05	1.000000e+05	6.470396e-01	7.826092e-01	7.853503e-01
10	10_15441	15441	1	A	G	0.130	-3.705174e+00	7.557955e+00	-1.075807e+02	1.000000e-05	1.000000e+05	6.288212e-01	6.993694e-01	7.035162e-01
10	10_15449	15449	1	C	T	0.087	-3.195045e+00	9.057119e+00	-1.076480e+02	1.000000e-05	1.000000e+05	7.276212e-01	9.037504e-01	9.048625e-01
10	10_15455	15455	0	C	T	0.083	-3.008265e+00	9.042014e+00	-1.076549e+02	1.000000e-05	1.000000e+05	7.425113e-01	9.773091e-01	9.775658e-01
10	10_15458	15458	0	G	A	0.083	-3.008265e+00	9.042014e+00	-1.076549e+02	1.000000e-05	1.000000e+05	7.425113e-01	9.773091e-01	9.775658e-01
10	10_15461	15461	0	T	C	0.083	-3.008265e+00	9.042014e+00	-1.076549e+02	1.000000e-05	1.000000e+05	7.425113e-01	9.773091e-01	9.775658e-01
10	10_15463	15463	0	A	T	0.083	-3.008265e+00	9.042014e+00	-1.076549e+02	1.000000e-05	1.000000e+05	7.425113e-01	9.773091e-01	9.775658e-01
10	10_15473	15473	0	C	T	0.083	-3.008265e+00	9.042014e+00	-1.076549e+02	1.000000e-05	1.000000e+05	7.425113e-01	9.773091e-01	9.775658e-01
10	10_17879	17879	0	T	C	0.333	-3.473442e+00	5.262829e+00	-1.076467e+02	1.000000e-05	1.000000e+05	5.161078e-01	8.957220e-01	8.969315e-01
10	10_17897	17897	0	A	G	0.333	-3.473442e+00	5.262829e+00	-1.076467e+02	1.000000e-05	1.000000e+05	5.161078e-01	8.957220e-01	8.969315e-01
10	10_18092	18092	1	A	G	0.522	4.652476e+00	5.026397e+00	-1.059194e+02	1.000000e-05	1.000000e+05	3.646923e-01	6.242227e-02	8.593432e-02
10	10_18647	18647	3	C	T	0.381	-4.761906e+00	5.421125e+00	-1.066130e+02	1.000000e-05	1.000000e+05	3.892207e-01	1.487861e-01	1.716368e-01
10	10_18785	18785	0	G	A	0.375	-4.269752e+00	5.094454e+00	-1.074813e+02	1.000000e-05	1.000000e+05	4.109783e-01	5.552825e-01	5.626972e-01
10	10_18869	18869	0	A	G	0.500	4.816087e+00	4.904477e+00	-1.063741e+02	1.000000e-05	1.000000e+05	3.367874e-01	1.094409e-01	1.332850e-01
10	10_18908	18908	0	G	A	0.292	-4.692497e+00	5.545283e+00	-1.071877e+02	3.751211e-02	1.000000e+05	4.065440e-01	3.335448e-01	3.486431e-01
10	10_18915	18915	0	T	C	0.292	-4.692497e+00	5.545283e+00	-1.071877e+02	3.751211e-02	1.000000e+05	4.065440e-01	3.335448e-01	3.486431e-01
10	10_18933	18933	0	A	G	0.292	-4.577118e+00	5.537427e+00	-1.073198e+02	3.360580e-02	1.000000e+05	4.173511e-01	4.127154e-01	4.246866e-01
10	10_18941	18941	2	T	C	0.318	-5.511912e+00	5.751215e+00	-1.073119e+02	6.941934e-02	1.000000e+05	3.482805e-01	4.072462e-01	4.194204e-01
10	10_18943	18943	1	G	A	0.348	-4.648677e+00	5.518279e+00	-1.075568e+02	5.851102e-02	1.000000e+05	4.086213e-01	6.571897e-01	6.621712e-01
10	10_18983	18983	2	C	T	0.227	-3.575576e+00	6.197645e+00	-1.076479e+02	1.000000e-05	1.000000e+05	5.698471e-01	9.030800e-01	9.042002e-01
10	10_19002	19002	0	C	T	0.583	-2.762153e+01	7.396651e+00	-1.010139e+02	4.014665e+00	1.000000e+05	1.150403e-03	2.678650e-04	4.192116e-03
10	10_19004	19004	0	A	G	0.583	-2.762153e+01	7.396651e+00	-1.010139e+02	4.014665e+00	1.000000e+05	1.150403e-03	2.678650e-04	4.192116e-03
10	10_19008	19008	0	T	C	0.292	-3.246522e+00	5.468513e+00	-1.076540e+02	1.000000e-05	1.000000e+05	5.587844e-01	9.588680e-01	9.593346e-01
10	10_19015	19015	0	G	A	0.583	-2.762153e+01	7.396651e+00	-1.010139e+02	4.014665e+00	1.000000e+05	1.150403e-03	2.678650e-04	4.192116e-03
10	10_19031	19031	0	A	G	0.625	-4.537094e+01	5.415722e+00	-9.046226e+01	1.000000e+05	1.000000e+05	2.722015e-08	4.519502e-09	3.085017e-04
10	10_19062	19062	1	A	G	0.304	-3.535201e+00	5.510874e+00	-1.076546e+02	1.000000e-05	1.000000e+05	5.278284e-01	9.707845e-01	9.711152e-01
10	10_19067	19067	1	T	A	0.565	-8.766266e-01	5.767606e+00	-1.073562e+02	5.531150e-02	1.000000e+05	8.805790e-01	4.392899e-01	4.503039e-01
10	10_19151	19151	1	G	A	0.261	-4.007612e+00	5.765446e+00	-1.074982e+02	1.000000e-05	1.000000e+05	4.942643e-01	5.751033e-01	5.819946e-01
10	10_318276	318276	0	G	A	0.333	-3.848312e+00	5.250970e+00	-1.073470e+02	1.000000e-05	1.000000e+05	4.713711e-01	4.323601e-01	4.436190e-01
10	10_381155	381155	0	G	A	0.292	-3.246534e+00	5.468528e+00	-1.075418e+02	1.000000e-05	1.000000e+05	5.587841e-01	6.337124e-01	6.391998e-01
10	10_387430	387430	1	A	G	0.565	4.318944e+00	5.079955e+00	-1.076552e+02	1.000000e-05	1.000000e+05	4.043757e-01	9.870862e-01	9.872321e-01
10	10_474627	474627	0	A	G	0.333	-3.706721e+00	5.255781e+00	-1.076544e+02	1.000000e-05	1.000000e+05	4.880457e-01	9.667847e-01	9.671609e-01
10	10_583208	583208	1	A	G	0.348	-5.683816e+00	5.588585e+00	-1.065501e+02	9.591329e-02	1.000000e+05	3.201893e-01	1.370858e-01	1.602990e-01
10	10_584652	584652	0	G	T	0.333	7.306852e+00	5.081241e+00	-1.058536e+02	1.000000e-05	1.000000e+05	1.645063e-01	5.766312e-02	8.096096e-02
10	10_612064	612064	0	A	G	0.208	-2.430961e+00	6.147396e+00	-1.076473e+02	1.000000e-05	1.000000e+05	6.963225e-01	8.992575e-01	9.004239e-01
10	10_724149	724149	0	G	A	0.208	-2.791238e+00	6.140292e+00	-1.076456e+02	1.000000e-05	1.000000e+05	6.538669e-01	8.890570e-01	8.903483e-01
10	10_724150	724150	0	A	G	0.208	-2.791238e+00	6.140292e+00	-1.076456e+02	1.000000e-05	1.000000e+05	6.538669e-01	8.890570e-01	8.903483e-01
10	10_969715	969715	0	T	C	0.292	-3.246534e+00	5.468528e+00	-1.075418e+02	1.000000e-05	1.000000e+05	5.587841e-01	6.337124e-01	6.391998e-01
10	10_989095	989095	0	G	A	0.333	-3.706721e+00	5.255781e+00	-1.076544e+02	1.000000e-05	1.000000e+05	4.880457e-01	9.667847e-01	9.671609e-01
11	11_9749	9749	1	A	G	0.174	-2.549827e+00	6.730092e+00	-1.070906e+02	1.000000e-05	1.000000e+05	7.084165e-01	2.879164e-01	3.049707e-01
11	11_10019	10019	1	G	C	0.304	-3.110670e+00	5.522323e+00	-1.069377e+02	1.000000e-05	1.000000e+05	5.789340e-01	2.309161e-01	2.504807e-01
11	11_10896	10896	0	C	G	0.125	-4.195958e+00	7.522504e+00	-1.075587e+02	1.000000e-05	1.000000e+05	5.826216e-01	6.602201e-01	6.651386e-01
11	11_10931	10931	0	T	A	0.167	1.380198e+01	6.054170e+00	-1.044716e+02	4.683177e-02	1.000000e+05	3.267589e-02	1.162323e-02	2.727299e-02
11	11_10934	10934	0	G	T	0.208	1.039971e+01	5.756839e+00	-1.059752e+02	1.000000e-05	1.000000e+05	8.454011e-02	6.679133e-02	9.045906e-02
11	11_104630	104630	0	A	G	0.125	-4.196201e+00	7.522500e+00	-1.074181e+02	1.000000e-05	1.000000e+05	5.825997e-01	4.909657e-01	5.002605e-01
11	11_104688	104688	1	G	A	0.130	-4.233323e+00	7.545360e+00	-1.075174e+02	1.000000e-05	1.000000e+05	5.804338e-01	5.994523e-01	6.057349e-01
11	11_152800	152800	0	C	T	0.333	-3.706721e+00	5.255781e+00	-1.076544e+02	1.000000e-05	1.000000e+05	4.880457e-01	9.667847e-01	9.671609e-01
11	11_153063	153063	0	A	G	0.333	-3.706721e+00	5.255781e+00	-1.076544e+02	1.000000e-05	1.000000e+05	4.880457e-01	9.667847e-01	9.671609e-01
11	11_159356	159356	0	A	C	0.208	-2.430961e+00	6.147396e+00	-1.076473e+02	1.000000e-05	1.000000e+05	6.963225e-01	8.992575e-01	9.004239e-01
11	11_165295	165295	0	A	G	0.625	3.822198e+00	5.110653e+00	-1.070353e+02	1.000000e-05	1.000000e+05	4.624478e-01	2.654812e-01	2.835218e-01
11	11_236388	236388	0	A	G	0.333	-3.706721e+00	5.255781e+00	-1.076544e+02	1.000000e-05	1.000000e+05	4.880457e-01	9.667847e-01	9.671609e-01
11	11_384025	384025	0	T	C	0.167	-2.266774e+00	6.705186e+00	-1.076506e+02	1.000000e-05	1.000000e+05	7.385207e-01	9.230837e-01	9.239652e-01
11	11_393213	393213	0	G	A	0.333	-3.706721e+00	5.255781e+00	-1.076544e+02	1.000000e-05	1.000000e+05	4.880457e-01	9.667847e-01	9.671609e-01
11	11_433361	433361	0	G	A	0.333	-3.706721e+00	5.255781e+00	-1.076544e+02	1.000000e-05	1.000000e+05	4.880457e-01	9.667847e-01	9.671609e-01
11	11_547884	547884	0	T	C	0.583	4.055809e+00	5.007829e+00	-1.075895e+02	1.000000e-05	1.000000e+05	4.266751e-01	7.167562e-01	7.205845e-01
11	11_548586	548586	0	C	T	0.333	-3.706721e+00	5.255781e+00	-1.076544e+02	1.000000e-05	1.000000e+05	4.880457e-01	9.667847e-01	9.671609e-01
11	11_621705	621705	0	A	C	0.333	-3.706721e+00	5.255781e+00	-1.076544e+02	1.000000e-05	1.000000e+05	4.880457e-01	9.667847e-01	9.671609e-01
11	11_674162	674162	0	C	A	0.333	-3.706721e+00	5.255781e+00	-1.076544e+02	1.000000e-05	1.000000e+05	4.880457e-01	9.667847e-01	9.671609e-01
11	11_804706	804706	2	A	G	0.364	-5.053661e+00	5.331978e+00	-1.071793e+02	1.000000e-05	1.000000e+05	3.535257e-01	3.292403e-01	3.445192e-01
11	11_804710	804710	6	C	T	0.333	-6.267560e+00	5.989620e+00	-1.074670e+02	1.000000e-05	1.000000e+05	3.067360e-01	5.394032e-01	5.472559e-01
11	11_804742	804742	1	G	A	0.304	9.514820e+00	5.178883e+00	-1.059602e+02	1.000000e-05	1.000000e+05	7.972187e-02	6.558459e-02	8.921295e-02
11	11_804763	804763	2	C	T	0.182	-1.836711e+00	6.773227e+00	-1.076201e+02	1.000000e-05	1.000000e+05	7.887867e-01	7.907509e-01	7.933692e-01
11	11_966513	966513	1	T	A	0.087	-3.009059e+00	9.060022e+00	-1.075907e+02	1.000000e-05	1.000000e+05	7.429385e-01	7.193370e-01	7.231193e-01
11	11_966516	966516	0	C	T	0.083	-2.823015e+00	9.044735e+00	-1.075923e+02	1.000000e-05	1.000000e+05	7.578906e-01	7.226479e-01	7.263715e-01
11	11_966519	966519	0	C	T	0.083	-2.823015e+00	9.044735e+00	-1.075923e+02	1.000000e-05	1.000000e+05	7.578906e-01	7.226479e-01	7.263715e-01
11	11_966569	966569	1	C	G	0.087	-3.009059e+00	9.060022e+00	-1.075907e+02	1.000000e-05	1.000000e+05	7.429385e-01	7.193370e-01	7.231193e-01
11	11_966644	966644	2	C	A	0.182	4.660168e-01	6.783813e+00	-1.076087e+02	1.000000e-05	1.000000e+05	9.458526e-01	7.601849e-01	7.632765e-01
11	11_966669	966669	2	C	T	0.364	7.474537e+00	5.201075e+00	-1.061067e+02	1.000000e-05	1.000000e+05	1.647567e-01	7.843256e-02	1.023574e-01
11	11_966684	966684	2	C	T	0.500	5.566134e+00	5.097208e+00	-1.063235e+02	1.000000e-05	1.000000e+05	2.866493e-01	1.026723e-01	1.266050e-01
11	11_966699	966699	1	T	C	0.304	8.462173e+00	5.261254e+00	-1.046893e+02	1.000000e-05	1.000000e+05	1.220065e-01	1.486812e-02	3.180564e-02
11	11_966700	966700	1	G	A	0.304	8.462173e+00	5.261254e+00	-1.046893e+02	1.000000e-05	1.000000e+05	1.220065e-01	1.486812e-02	3.180564e-02
11	11_966735	966735	1	A	C	0.174	1.403188e+01	6.053107e+00	-1.043310e+02	1.000000e-05	1.000000e+05	3.012956e-02	9.923443e-03	2.476816e-02
11	11_966738	966738	2	T	A	0.227	1.148614e+01	5.743975e+00	-1.050165e+02	1.000000e-05	1.000000e+05	5.803201e-02	2.160314e-02	4.052524e-02
11	11_966756	966756	0	A	G	0.167	1.476782e+01	5.939695e+00	-1.046976e+02	1.000000e-05	1.000000e+05	2.098543e-02	1.500945e-02	3.199705e-02
11	11_966757	966757	0	T	C	0.167	1.476782e+01	5.939695e+00	-1.046976e+02	1.000000e-05	1.000000e+05	2.098543e-02	1.500945e-02	3.199705e-02
11	11_966771	966771	0	T	C	0.208	1.150850e+01	5.660133e+00	-1.052355e+02	1.000000e-05	1.000000e+05	5.426505e-02	2.781528e-02	4.804830e-02
11	11_1272894	1272894	0	A	G	0.250	-2.954269e+00	5.751653e+00	-1.076458e+02	1.000000e-05	1.000000e+05	6.126252e-01	8.902460e-01	8.915226e-01
11	11_1301130	1301130	0	T	C	0.083	-2.631886e+00	9.047434e+00	-1.076141e+02	1.000000e-05	1.000000e+05	7.738537e-01	7.741245e-01	7.769960e-01
11	11_1314578	1314578	0	G	C	0.333	-3.706721e+00	5.255781e+00	-1.076544e+02	1.000000e-05	1.000000e+05	4.880457e-01	9.667847e-01	9.671609e-01
11	11_1478119	1478119	0	A	G	0.417	5.955002e+00	4.960925e+00	-1.052479e+02	3.481430e-02	1.000000e+05	2.427577e-01	2.821736e-02	4.852286e-02
11	11_1501898	1501898	0	G	T	0.250	-2.954269e+00	5.751653e+00	-1.076458e+02	1.000000e-05	1.000000e+05	6.126252e-01	8.902460e-01	8.915226e-01
11	11_1538971	1538971	0	T	C	0.292	-3.246534e+00	5.468528e+00	-1.075418e+02	1.000000e-05	1.000000e+05	5.587841e-01	6.337124e-01	6.391998e-01
12	12_11092	11092	0	A	G	0.458	4.956857e+00	4.915991e+00	-1.074819e+02	1.000000e-05	1.000000e+05	3.242664e-01	5.559628e-01	5.633591e-01
12	12_11094	11094	0	A	G	0.333	7.196537e+00	5.088444e+00	-1.071221e+02	1.000000e-05	1.000000e+05	1.712737e-01	3.017654e-01	3.182172e-01
12	12_11122	11122	0	C	G	0.458	5.493612e+00	4.889989e+00	-1.074971e+02	1.000000e-05	1.000000e+05	2.733607e-01	5.737662e-01	5.806920e-01
12	12_11170	11170	0	T	C	0.417	5.869115e+00	4.925414e+00	-1.075694e+02	1.000000e-05	1.000000e+05	2.461156e-01	6.785188e-01	6.830668e-01
12	12_11223	11223	0	G	C	0.208	1.039968e+01	5.756886e+00	-1.065421e+02	1.000000e-05	1.000000e+05	8.454352e-02	1.356775e-01	1.589311e-01
12	12_11400	11400	0	A	C	0.292	7.550984e+00	5.271700e+00	-1.075561e+02	1.000000e-05	1.000000e+05	1.660967e-01	6.559737e-01	6.609807e-01
12	12_11406	11406	0	A	G	0.292	7.550984e+00	5.271700e+00	-1.075561e+02	1.000000e-05	1.000000e+05	1.660967e-01	6.559737e-01	6.609807e-01
12	12_11407	11407	0	C	A	0.292	7.550984e+00	5.271700e+00	-1.075561e+02	1.000000e-05	1.000000e+05	1.660967e-01	6.559737e-01	6.609807e-01
12	12_11410	11410	0	C	T	0.292	7.550984e+00	5.271700e+00	-1.075561e+02	1.000000e-05	1.000000e+05	1.660967e-01	6.559737e-01	6.609807e-01
12	12_11413	11413	1	T	G	0.304	7.747467e+00	5.311130e+00	-1.074455e+02	1.000000e-05	1.000000e+05	1.587720e-01	5.171343e-01	5.256300e-01
12	12_13625	13625	0	G	A	0.625	3.822198e+00	5.110653e+00	-1.070353e+02	1.000000e-05	1.000000e+05	4.624478e-01	2.654812e-01	2.835218e-01
12	12_13643	13643	0	G	A	0.625	3.822198e+00	5.110653e+00	-1.070353e+02	1.000000e-05	1.000000e+05	4.624478e-01	2.654812e-01	2.835218e-01
12	12_13645	13645	0	A	G	0.625	3.822198e+00	5.110653e+00	-1.070353e+02	1.000000e-05	1.000000e+05	4.624478e-01	2.654812e-01	2.835218e-01
12	12_13857	13857	1	A	G	0.174	-1.723038e+00	6.742047e+00	-1.076507e+02	1.000000e-05	1.000000e+05	8.006602e-01	9.237141e-01	9.245882e-01
12	12_13936	13936	0	C	T	0.208	-1.537186e+00	6.160376e+00	-1.076511e+02	1.000000e-05	1.000000e+05	8.052676e-01	9.272006e-01	9.280337e-01
12	12_13979	13979	3	T	C	0.238	-1.997356e+00	6.273989e+00	-1.076548e+02	1.000000e-05	1.000000e+05	7.532182e-01	9.740326e-01	9.743264e-01
12	12_14009	14009	1	C	T	0.348	-3.186682e+00	5.330292e+00	-1.076550e+02	1.000000e-05	1.000000e+05	5.560489e-01	9.824866e-01	9.826846e-01
12	12_14035	14035	1	C	T	0.435	-4.223947e+00	5.083444e+00	-1.074622e+02	1.000000e-05	1.000000e+05	4.149449e-01	5.343617e-01	5.423571e-01
12	12_14096	14096	2	C	T	0.318	-4.213170e+00	5.545867e+00	-1.074827e+02	1.000000e-05	1.000000e+05	4.555008e-01	5.568868e-01	5.642582e-01
12	12_14104	14104	2	C	T	0.318	-3.028661e-01	5.617774e+00	-1.076335e+02	1.000000e-05	1.000000e+05	9.574918e-01	8.347155e-01	8.367083e-01
12	12_14114	14114	3	T	C	0.286	-4.557950e+00	5.848578e+00	-1.072545e+02	1.000000e-05	1.000000e+05	4.440908e-01	3.706043e-01	3.841902e-01
12	12_14125	14125	1	A	G	0.174	-3.542975e+00	6.709640e+00	-1.070541e+02	1.000000e-05	1.000000e+05	6.027560e-01	2.728675e-01	2.905823e-01
12	12_14197	14197	0	G	A	0.083	-4.005417e+00	9.024419e+00	-1.075602e+02	1.000000e-05	1.000000e+05	6.614915e-01	6.627437e-01	6.676100e-01
12	12_14202	14202	0	A	G	0.083	-4.005417e+00	9.024419e+00	-1.075602e+02	1.000000e-05	1.000000e+05	6.614915e-01	6.627437e-01	6.676100e-01
12	12_14301	14301	2	G	A	0.500	4.872591e-01	5.232493e+00	-1.073898e+02	1.000000e-05	1.000000e+05	9.266497e-01	4.662245e-01	4.763190e-01
12	12_14318	14318	0	A	G	0.250	-3.417360e+00	5.739824e+00	-1.076553e+02	1.000000e-05	1.000000e+05	5.576669e-01	9.992869e-01	9.992950e-01
12	12_14635	14635	0	G	A	0.250	-3.295613e+00	5.743135e+00	-1.075348e+02	1.000000e-05	1.000000e+05	5.718999e-01	6.234985e-01	6.292157e-01
12	12_14741	14741	1	C	G	0.304	9.139234e+00	5.209536e+00	-1.068038e+02	1.000000e-05	1.000000e+05	9.329494e-02	1.918983e-01	2.131289e-01
12	12_14783	14783	2	A	G	0.091	-2.667561e+00	9.084631e+00	-1.069461e+02	1.000000e-05	1.000000e+05	7.717894e-01	2.336806e-01	2.531240e-01
12	12_15014	15014	1	A	G	0.391	6.674458e+00	5.047127e+00	-1.049557e+02	1.000000e-05	1.000000e+05	1.996100e-01	2.014661e-02	3.869914e-02
12	12_19728	19728	0	A	G	0.167	1.535162e+01	5.929338e+00	-1.051272e+02	6.637392e-02	1.000000e+05	1.674487e-02	2.453925e-02	4.412926e-02
12	12_19741	19741	0	C	T	0.250	1.017779e+01	5.410164e+00	-1.060497e+02	4.940570e-02	1.000000e+05	7.324030e-02	7.313280e-02	9.696632e-02
12	12_22806	22806	0	T	C	0.250	-2.954269e+00	5.751653e+00	-1.076458e+02	1.000000e-05	1.000000e+05	6.126252e-01	8.902460e-01	8.915226e-01
12	12_259454	259454	0	A	G	0.167	-4.145202e+00	6.664279e+00	-1.074954e+02	1.000000e-05	1.000000e+05	5.403331e-01	5.717414e-01	5.787197e-01
12	12_315987	315987	0	T	C	0.333	-3.706721e+00	5.255781e+00	-1.076544e+02	1.000000e-05	1.000000e+05	4.880457e-01	9.667847e-01	9.671609e-01
12	12_495113	495113	0	T	C	0.083	-2.631886e+00	9.047434e+00	-1.076141e+02	1.000000e-05	1.000000e+05	7.738537e-01	7.741245e-01	7.769960e-01
12	12_502808	502808	2	A	G	0.455	6.470406e+00	5.094484e+00	-1.055361e+02	2.526817e-02	1.000000e+05	2.173252e-01	3.951859e-02	6.141982e-02
12	12_502864	502864	2	T	C	0.409	-4.458099e+00	5.236683e+00	-1.065752e+02	1.000000e-05	1.000000e+05	4.037626e-01	1.416225e-01	1.647004e-01
12	12_502865	502865	2	G	T	0.409	-4.458099e+00	5.236683e+00	-1.065752e+02	1.000000e-05	1.000000e+05	4.037626e-01	1.416225e-01	1.647004e-01
12	12_502882	502882	3	G	A	0.381	-4.950567e+00	5.413357e+00	-1.072766e+02	1.000000e-05	1.000000e+05	3.703640e-01	3.841389e-01	3.971932e-01
12	12_502888	502888	0	G	A	0.458	-4.577898e+00	4.932571e+00	-1.071455e+02	1.000000e-05	1.000000e+05	3.634292e-01	3.126124e-01	3.285973e-01
12	12_502890	502890	3	G	A	0.381	-5.288234e+00	5.398826e+00	-1.068584e+02	1.000000e-05	1.000000e+05	3.379747e-01	2.067972e-01	2.274045e-01
12	12_502909	502909	0	C	T	0.458	5.911225e+00	4.900199e+00	-1.051046e+02	3.393487e-02	1.000000e+05	2.405056e-01	2.390686e-02	4.336097e-02
12	12_502926	502926	3	G	C	0.429	6.631744e+00	5.224243e+00	-1.057882e+02	1.000000e-05	1.000000e+05	2.175573e-01	5.331314e-02	7.636847e-02
12	12_502937	502937	2	C	T	0.455	6.048077e+00	5.126152e+00	-1.057921e+02	2.802522e-02	1.000000e+05	2.506621e-01	5.356283e-02	7.663340e-02
12	12_502942	502942	2	T	C	0.409	6.886427e+00	5.115719e+00	-1.053094e+02	1.000000e-05	1.000000e+05	1.919683e-01	3.030663e-02	5.096849e-02
12	12_502956	502956	1	A	G	0.348	7.641888e+00	5.120436e+00	-1.056701e+02	1.000000e-05	1.000000e+05	1.497892e-01	4.630839e-02	6.886113e-02
12	12_503049	503049	2	C	G	0.182	1.490589e+01	5.994211e+00	-1.027670e+02	1.000000e-05	1.000000e+05	2.096612e-02	1.767588e-03	9.664139e-03
12	12_503112	503112	4	G	A	0.250	1.206873e+01	5.792317e+00	-1.047322e+02	1.000000e-05	1.000000e+05	4.902667e-02	1.561055e-02	3.280629e-02
12	12_503171	503171	3	G	A	0.286	9.413123e+00	5.578760e+00	-1.052965e+02	1.000000e-05	1.000000e+05	1.056720e-01	2.985510e-02	5.044271e-02
12	12_503254	503254	1	G	C	0.609	3.945131e+00	5.176010e+00	-1.068911e+02	1.000000e-05	1.000000e+05	4.540381e-01	2.163555e-01	2.365534e-01
12	12_503293	503293	2	A	C	0.455	-3.960375e+00	5.187017e+00	-1.068916e+02	1.000000e-05	1.000000e+05	4.532659e-01	2.165163e-01	2.367073e-01
12	12_503311	503311	2	C	A	0.545	4.311060e+00	5.174289e+00	-1.063796e+02	1.000000e-05	1.000000e+05	4.137035e-01	1.101967e-01	1.340291e-01
12	12_503313	503313	2	T	A	0.545	4.389057e+00	5.171303e+00	-1.064379e+02	1.000000e-05	1.000000e+05	4.051705e-01	1.186784e-01	1.423546e-01
12	12_503321	503321	2	C	T	0.500	5.348530e+00	5.107781e+00	-1.056305e+02	1.000000e-05	1.000000e+05	3.064067e-01	4.418420e-02	6.655256e-02
12	12_503327	503327	1	A	C	0.435	6.196272e+00	4.990706e+00	-1.053628e+02	1.000000e-05	1.000000e+05	2.274728e-01	3.225450e-02	5.322041e-02
12	12_503356	503356	0	A	C	0.333	-2.730558e+00	5.282686e+00	-1.074943e+02	1.000000e-05	1.000000e+05	6.103918e-01	5.703835e-01	5.773971e-01
12	12_503357	503357	0	T	G	0.375	-3.241669e+00	5.128693e+00	-1.075889e+02	1.000000e-05	1.000000e+05	5.338583e-01	7.155069e-01	7.193576e-01
12	12_503364	503364	0	T	C	0.333	-3.553528e+00	5.260390e+00	-1.075387e+02	1.000000e-05	1.000000e+05	5.063810e-01	6.292466e-01	6.348337e-01
12	12_503366	503366	1	C	T	0.348	-3.584644e+00	5.318769e+00	-1.075535e+02	1.000000e-05	1.000000e+05	5.073561e-01	6.518450e-01	6.569390e-01
12	12_503401	503401	0	A	G	0.292	-3.726897e+00	5.454415e+00	-1.073746e+02	1.000000e-05	1.000000e+05	5.015627e-01	4.537340e-01	4.642486e-01
12	12_503416	503416	0	G	A	0.167	-1.279835e+00	6.717039e+00	-1.076093e+02	1.000000e-05	1.000000e+05	8.506368e-01	7.616663e-01	7.647342e-01
12	12_503422	503422	0	T	G	0.125	-9.658545e-01	7.572690e+00	-1.076024e+02	1.000000e-05	1.000000e+05	8.996682e-01	7.449846e-01	7.483250e-01
12	12_503453	503453	0	T	C	0.125	-2.281327e+00	7.559881e+00	-1.076404e+02	1.000000e-05	1.000000e+05	7.656634e-01	8.627926e-01	8.644145e-01
12	12_537923	537923	0	G	A	0.417	-3.413934e+00	5.029403e+00	-1.076063e+02	1.000000e-05	1.000000e+05	5.043465e-01	7.543465e-01	7.575326e-01
12	12_704606	704606	0	A	G	0.250	-2.954269e+00	5.751653e+00	-1.076458e+02	1.000000e-05	1.000000e+05	6.126252e-01	8.902460e-01	8.915226e-01
13	13_11108	11108	0	C	T	0.125	-1.060558e+00	7.572110e+00	-1.076179e+02	1.000000e-05	1.000000e+05	8.898861e-01	7.845082e-01	7.872205e-01
13	13_11118	11118	0	T	C	0.208	-3.723782e+00	6.117765e+00	-1.060853e+02	1.000000e-05	1.000000e+05	5.489683e-01	7.639852e-02	1.002930e-01
13	13_11130	11130	0	A	G	0.208	-3.472478e+00	6.124480e+00	-1.073647e+02	1.000000e-05	1.000000e+05	5.764654e-01	4.458932e-01	4.566771e-01
13	13_52884	52884	0	A	G	0.167	-4.405794e+00	6.656639e+00	-1.072782e+02	1.000000e-05	1.000000e+05	5.149315e-01	3.851316e-01	3.981473e-01
13	13_111766	111766	0	G	A	0.333	-3.706721e+00	5.255781e+00	-1.076544e+02	1.000000e-05	1.000000e+05	4.880457e-01	9.667847e-01	9.671609e-01
13	13_128625	128625	6	A	G	0.444	3.487577e-01	5.821460e+00	-1.076413e+02	1.000000e-05	1.000000e+05	9.527690e-01	8.673541e-01	8.689175e-01
13	13_128715	128715	3	G	A	0.333	-4.673593e+00	5.593556e+00	-1.074226e+02	1.000000e-05	1.000000e+05	4.124011e-01	4.951168e-01	5.042816e-01
13	13_128729	128729	3	G	A	0.286	-4.134077e+00	5.862871e+00	-1.074451e+02	1.000000e-05	1.000000e+05	4.881293e-01	5.167292e-01	5.252369e-01
13	13_162462	162462	0	A	G	0.167	-2.719529e+00	6.697531e+00	-1.075292e+02	1.000000e-05	1.000000e+05	6.886287e-01	6.154904e-01	6.213920e-01
13	13_219021	219021	3	C	T	0.190	-4.356539e+00	6.757202e+00	-1.076506e+02	1.000000e-05	1.000000e+05	5.257717e-01	9.228012e-01	9.236860e-01
13	13_219311	219311	0	A	T	0.208	-3.148555e+00	6.132451e+00	-1.076082e+02	1.000000e-05	1.000000e+05	6.127718e-01	7.590441e-01	7.621541e-01
13	13_219312	219312	0	A	G	0.167	-3.185829e+00	6.688188e+00	-1.075484e+02	1.000000e-05	1.000000e+05	6.385312e-01	6.438177e-01	6.490835e-01
13	13_365348	365348	0	T	C	0.625	3.822198e+00	5.110653e+00	-1.070353e+02	1.000000e-05	1.000000e+05	4.624478e-01	2.654812e-01	2.835218e-01
13	13_436539	436539	0	G	A	0.333	-3.706721e+00	5.255781e+00	-1.076544e+02	1.000000e-05	1.000000e+05	4.880457e-01	9.667847e-01	9.671609e-01
13	13_436551	436551	0	C	G	0.333	-3.706721e+00	5.255781e+00	-1.076544e+02	1.000000e-05	1.000000e+05	4.880457e-01	9.667847e-01	9.671609e-01
13	13_436554	436554	0	T	C	0.333	-3.706721e+00	5.255781e+00	-1.076544e+02	1.000000e-05	1.000000e+05	4.880457e-01	9.667847e-01	9.671609e-01
13	13_511459	511459	0	T	C	0.333	-3.706721e+00	5.255781e+00	-1.076544e+02	1.000000e-05	1.000000e+05	4.880457e-01	9.667847e-01	9.671609e-01
13	13_548791	548791	0	T	C	0.083	-2.631886e+00	9.047434e+00	-1.076141e+02	1.000000e-05	1.000000e+05	7.738537e-01	7.741245e-01	7.769960e-01
13	13_655915	655915	0	A	G	0.417	-4.217085e+00	5.001622e+00	-1.071474e+02	1.000000e-05	1.000000e+05	4.082221e-01	3.135287e-01	3.294743e-01
13	13_723038	723038	0	G	A	0.292	-3.246534e+00	5.468528e+00	-1.075418e+02	1.000000e-05	1.000000e+05	5.587841e-01	6.337124e-01	6.391998e-01
13	13_742766	742766	3	G	A	0.238	-4.876798e+00	6.201844e+00	-1.067415e+02	1.000000e-05	1.000000e+05	4.400529e-01	1.764175e-01	1.982686e-01
13	13_742771	742771	0	C	A	0.292	-3.709252e+00	5.454955e+00	-1.073806e+02	1.000000e-05	1.000000e+05	5.036112e-01	4.586029e-01	4.689524e-01
13	13_746053	746053	0	G	A	0.083	-2.631886e+00	9.047391e+00	-1.076550e+02	1.000000e-05	1.000000e+05	7.738526e-01	9.813244e-01	9.815355e-01
13	13_748576	748576	0	C	G	0.333	-3.706721e+00	5.255781e+00	-1.076544e+02	1.000000e-05	1.000000e+05	4.880457e-01	9.667847e-01	9.671609e-01
14	14_23327	23327	0	C	T	0.333	-3.706721e+00	5.255781e+00	-1.076544e+02	1.000000e-05	1.000000e+05	4.880457e-01	9.667847e-01	9.671609e-01
14	14_68046	68046	0	A	G	0.333	-3.706721e+00	5.255781e+00	-1.076544e+02	1.000000e-05	1.000000e+05	4.880457e-01	9.667847e-01	9.671609e-01
14	14_149196	149196	0	A	G	0.083	-2.631886e+00	9.047434e+00	-1.076141e+02	1.000000e-05	1.000000e+05	7.738537e-01	7.741245e-01	7.769960e-01
14	14_155590	155590	0	T	C	0.208	-2.673378e+00	6.142694e+00	-1.069931e+02	1.000000e-05	1.000000e+05	6.676479e-01	2.498268e-01	2.685589e-01
14	14_231768	231768	0	A	G	0.083	-2.631886e+00	9.047434e+00	-1.076141e+02	1.000000e-05	1.000000e+05	7.738537e-01	7.741245e-01	7.769960e-01
14	14_271762	271762	0	T	C	0.333	-3.706721e+00	5.255781e+00	-1.076544e+02	1.000000e-05	1.000000e+05	4.880457e-01	9.667847e-01	9.671609e-01
14	14_342562	342562	0	T	G	0.625	2.132178e+00	5.155040e+00	-1.075184e+02	1.000000e-05	1.000000e+05	6.831637e-01	6.007715e-01	6.070222e-01
14	14_351837	351837	0	G	T	0.083	-3.008165e+00	9.042078e+00	-1.076494e+02	1.000000e-05	1.000000e+05	7.425213e-01	9.137719e-01	9.147638e-01
14	14_383626	383626	0	A	G	0.583	4.055809e+00	5.007829e+00	-1.075895e+02	1.000000e-05	1.000000e+05	4.266751e-01	7.167562e-01	7.205845e-01
14	14_555698	555698	0	G	A	0.333	-3.706721e+00	5.255781e+00	-1.076544e+02	1.000000e-05	1.000000e+05	4.880457e-01	9.667847e-01	9.671609e-01
14	14_558889	558889	0	T	C	0.333	-3.706721e+00	5.255781e+00	-1.076544e+02	1.000000e-05	1.000000e+05	4.880457e-01	9.667847e-01	9.671609e-01
14	14_612687	612687	0	T	C	0.292	-3.246534e+00	5.468528e+00	-1.075418e+02	1.000000e-05	1.000000e+05	5.587841e-01	6.337124e-01	6.391998e-01
14	14_618816	618816	0	G	T	0.333	-3.706721e+00	5.255781e+00	-1.076544e+02	1.000000e-05	1.000000e+05	4.880457e-01	9.667847e-01	9.671609e-01
14	14_716719	716719	0	T	C	0.333	-3.706721e+00	5.255781e+00	-1.076544e+02	1.000000e-05	1.000000e+05	4.880457e-01	9.667847e-01	9.671609e-01
14	14_773166	773166	0	T	C	0.208	-2.430961e+00	6.147396e+00	-1.076473e+02	1.000000e-05	1.000000e+05	6.963225e-01	8.992575e-01	9.004239e-01
14	14_852745	852745	0	T	G	0.583	4.055809e+00	5.007829e+00	-1.075895e+02	1.000000e-05	1.000000e+05	4.266751e-01	7.167562e-01	7.205845e-01
14	14_908850	908850	0	A	G	0.583	4.489823e+00	4.990824e+00	-1.059196e+02	1.000000e-05	1.000000e+05	3.780668e-01	6.244207e-02	8.595492e-02
14	14_908994	908994	1	C	T	0.130	-3.596802e+00	7.560333e+00	-1.076320e+02	1.000000e-05	1.000000e+05	6.389450e-01	8.292357e-01	8.313032e-01
14	14_909011	909011	1	T	C	0.130	-3.596802e+00	7.560333e+00	-1.076320e+02	1.000000e-05	1.000000e+05	6.389450e-01	8.292357e-01	8.313032e-01
14	14_909450	909450	0	G	T	0.208	-4.637800e+00	6.089306e+00	-1.066126e+02	1.000000e-05	1.000000e+05	4.543684e-01	1.487166e-01	1.715695e-01
14	14_909472	909472	1	G	T	0.304	-4.505810e+00	5.478403e+00	-1.073235e+02	1.000000e-05	1.000000e+05	4.196363e-01	4.152718e-01	4.271489e-01
14	14_909504	909504	2	T	G	0.273	-4.396052e+00	5.800361e+00	-1.069374e+02	1.000000e-05	1.000000e+05	4.565573e-01	2.308285e-01	2.503969e-01
14	14_909638	909638	1	T	C	0.696	-8.813448e+00	5.234985e+00	-1.068165e+02	1.000000e-05	1.000000e+05	1.064035e-01	1.952554e-01	2.163475e-01
14	14_909661	909661	0	A	G	0.667	-7.609244e+00	5.110440e+00	-1.061152e+02	4.251945e-02	1.000000e+05	1.506940e-01	7.924779e-02	1.031833e-01
14	14_909704	909704	0	A	G	0.583	-5.986938e+00	4.918881e+00	-1.066270e+02	1.000000e-05	1.000000e+05	2.364489e-01	1.515574e-01	1.743160e-01
14	14_910040	910040	2	A	G	0.409	-3.619122e+00	5.266005e+00	-1.076553e+02	1.000000e-05	1.000000e+05	4.990997e-01	9.962886e-01	9.963305e-01
14	14_910103	910103	1	A	G	0.435	-3.239988e+00	5.116170e+00	-1.076526e+02	1.000000e-05	1.000000e+05	5.330769e-01	9.416302e-01	9.422951e-01
14	14_910152	910152	1	A	G	0.348	-3.892813e+00	5.308914e+00	-1.073860e+02	1.000000e-05	1.000000e+05	4.711420e-01	4.630543e-01	4.732544e-01
14	14_910181	910181	1	G	A	0.391	-4.658867e+00	5.148972e+00	-1.075033e+02	1.000000e-05	1.000000e+05	3.753658e-01	5.814341e-01	5.881635e-01
14	14_910258	910258	1	G	T	0.435	5.872605e+00	5.008488e+00	-1.074260e+02	1.000000e-05	1.000000e+05	2.535246e-01	4.983065e-01	5.073723e-01
14	14_910323	910323	1	T	C	0.348	7.961487e+00	5.098261e+00	-1.071378e+02	1.000000e-05	1.000000e+05	1.326514e-01	3.089943e-01	3.251344e-01
14	14_910328	910328	1	G	A	0.391	7.759854e+00	4.976089e+00	-1.066849e+02	1.000000e-05	1.000000e+05	1.331656e-01	1.635887e-01	1.859246e-01
14	14_910510	910510	1	A	G	0.391	-3.924460e+00	5.176713e+00	-1.071678e+02	1.000000e-05	1.000000e+05	4.564365e-01	3.234460e-01	3.389694e-01
14	14_910555	910555	1	C	T	0.348	-4.104764e+00	5.301649e+00	-1.075951e+02	1.000000e-05	1.000000e+05	4.470285e-01	7.287102e-01	7.323276e-01
14	14_910742	910742	0	A	G	0.250	-2.808831e+00	5.754805e+00	-1.075379e+02	1.000000e-05	1.000000e+05	6.303193e-01	6.279482e-01	6.335645e-01
14	14_910822	910822	0	G	A	0.208	-3.628314e+00	6.120370e+00	-1.076007e+02	1.000000e-05	1.000000e+05	5.593429e-01	7.411340e-01	7.445389e-01
14	14_910834	910834	1	T	A	0.130	-2.874121e+00	7.574396e+00	-1.076357e+02	1.000000e-05	1.000000e+05	7.079901e-01	8.429627e-01	8.448445e-01
14	14_910926	910926	3	G	A	0.381	-4.517871e+00	5.430528e+00	-1.066788e+02	1.000000e-05	1.000000e+05	4.143825e-01	1.622736e-01	1.846573e-01
14	14_910939	910939	3	C	A	0.524	5.177428e+00	5.247929e+00	-1.067911e+02	1.000000e-05	1.000000e+05	3.345822e-01	1.886129e-01	2.099779e-01
14	14_910964	910964	1	G	A	0.478	-5.013009e+00	5.010619e+00	-1.063917e+02	1.000000e-05	1.000000e+05	3.279577e-01	1.119038e-01	1.357081e-01
14	14_910966	910966	0	T	C	0.458	-4.533862e+00	4.934424e+00	-1.067369e+02	1.000000e-05	1.000000e+05	3.681529e-01	1.753262e-01	1.972197e-01
14	14_910979	910979	1	A	G	0.478	5.035643e+00	5.009590e+00	-1.061067e+02	1.000000e-05	1.000000e+05	3.257290e-01	7.842546e-02	1.023502e-01
14	14_911099	911099	2	A	G	0.455	-5.016113e+00	5.145316e+00	-1.067358e+02	1.000000e-05	1.000000e+05	3.402137e-01	1.750691e-01	1.969724e-01
14	14_911129	911129	0	T	C	0.542	-5.573617e+00	4.885784e+00	-1.069178e+02	1.000000e-05	1.000000e+05	2.662272e-01	2.245616e-01	2.444038e-01
14	14_911206	911206	0	G	A	0.375	-5.395076e+00	5.045616e+00	-1.072875e+02	1.000000e-05	1.000000e+05	2.965446e-01	3.911077e-01	4.038929e-01
14	14_911262	911262	1	A	C	0.348	-4.582475e+00	5.283911e+00	-1.074508e+02	1.000000e-05	1.000000e+05	3.951659e-01	5.224500e-01	5.307892e-01
14	14_911292	911292	2	A	G	0.318	-4.175149e+00	5.547188e+00	-1.075915e+02	1.000000e-05	1.000000e+05	4.596325e-01	7.209534e-01	7.247069e-01
14	14_911297	911297	3	A	C	0.333	-4.547963e+00	5.598285e+00	-1.075867e+02	1.000000e-05	1.000000e+05	4.252746e-01	7.111779e-01	7.151068e-01
14	14_911308	911308	0	C	T	0.292	-3.709195e+00	5.455003e+00	-1.076553e+02	1.000000e-05	1.000000e+05	5.036214e-01	9.976196e-01	9.976465e-01
14	14_911314	911314	0	A	G	0.167	-2.473655e+00	6.701866e+00	-1.076517e+02	1.000000e-05	1.000000e+05	7.155822e-01	9.324936e-01	9.332647e-01
14	14_911321	911321	2	G	A	0.273	-3.599628e+00	5.825262e+00	-1.076550e+02	1.000000e-05	1.000000e+05	5.429633e-01	9.798214e-01	9.800496e-01
14	14_911352	911352	3	G	A	0.381	-4.834665e+00	5.418109e+00	-1.053195e+02	1.000000e-05	1.000000e+05	3.818802e-01	3.066608e-02	5.138600e-02
14	14_911375	911375	1	G	A	0.391	-5.171315e+00	5.126700e+00	-1.076206e+02	1.000000e-05	1.000000e+05	3.240836e-01	7.921553e-01	7.947527e-01
14	14_911385	911385	1	G	A	0.478	-4.944984e+00	5.013719e+00	-1.076526e+02	1.000000e-05	1.000000e+05	3.347143e-01	9.412488e-01	9.419181e-01
14	14_911414	911414	3	G	A	0.238	-3.816653e+00	6.235527e+00	-1.076523e+02	1.000000e-05	1.000000e+05	5.467582e-01	9.384407e-01	9.391425e-01
14	14_924025	924025	0	T	C	0.417	6.025207e+00	4.916832e+00	-1.075993e+02	1.000000e-05	1.000000e+05	2.333730e-01	7.378736e-01	7.413337e-01
14	14_924047	924047	0	C	A	0.500	5.365494e+00	4.878456e+00	-1.076114e+02	1.000000e-05	1.000000e+05	2.832941e-01	7.671401e-01	7.701209e-01
14	14_924049	924049	0	T	A	0.500	5.365494e+00	4.878456e+00	-1.076114e+02	1.000000e-05	1.000000e+05	2.832941e-01	7.671401e-01	7.701209e-01
14	14_924050	924050	0	C	G	0.500	5.365494e+00	4.878456e+00	-1.076114e+02	1.000000e-05	1.000000e+05	2.832941e-01	7.671401e-01	7.701209e-01
14	14_924059	924059	0	T	C	0.458	-5.366402e+00	4.896382e+00	-1.074393e+02	1.000000e-05	1.000000e+05	2.849348e-01	5.110290e-01	5.197069e-01
14	14_924128	924128	0	G	A	0.333	-4.529656e+00	5.226280e+00	-1.075295e+02	1.000000e-05	1.000000e+05	3.954570e-01	6.159051e-01	6.217971e-01
14	14_924776	924776	0	A	G	0.375	-4.947535e+00	5.066514e+00	-1.076207e+02	1.000000e-05	1.000000e+05	3.394250e-01	7.925416e-01	7.951332e-01
14	14_924866	924866	0	G	A	0.292	8.396594e+00	5.213229e+00	-1.065603e+02	1.000000e-05	1.000000e+05	1.215158e-01	1.389161e-01	1.620756e-01
14	14_925085	925085	0	G	A	0.125	-4.195943e+00	7.522504e+00	-1.076466e+02	1.000000e-05	1.000000e+05	5.826229e-01	8.948533e-01	8.960734e-01
