chr	rs	ps	n_miss	allele1	allele0	af	beta	se	logl_H1	l_remle	l_mle	p_wald	p_lrt	p_score
1	1_44747	44747	0	C	G	0.250	-4.285899e+01	1.132180e+02	-1.796862e+02	1.000000e-05	1.000000e+05	7.086484e-01	9.742094e-01	9.745012e-01
1	1_44753	44753	1	G	A	0.261	-5.027573e+01	1.139150e+02	-1.796867e+02	1.000000e-05	1.000000e+05	6.632711e-01	9.947394e-01	9.947988e-01
1	1_44785	44785	1	G	A	0.174	-2.480830e+00	1.325516e+02	-1.796110e+02	1.000000e-05	1.000000e+05	9.852364e-01	6.972239e-01	7.014109e-01
1	1_47564	47564	0	G	A	0.417	-2.291571e+01	9.964406e+01	-1.796845e+02	1.000000e-05	1.000000e+05	8.202355e-01	9.469618e-01	9.475650e-01
1	1_47575	47575	1	G	A	0.435	-3.252534e+01	1.011125e+02	-1.796114e+02	1.000000e-05	1.000000e+05	7.507355e-01	6.979168e-01	7.020908e-01
1	1_47671	47671	2	G	A	0.409	-2.119200e+01	1.043863e+02	-1.793976e+02	1.000000e-05	1.000000e+05	8.409891e-01	4.469792e-01	4.577255e-01
1	1_47684	47684	2	C	G	0.455	-4.373562e+01	1.027474e+02	-1.794924e+02	1.000000e-05	1.000000e+05	6.744897e-01	5.329960e-01	5.410303e-01
1	1_47686	47686	2	A	G	0.455	-4.373562e+01	1.027474e+02	-1.794924e+02	1.000000e-05	1.000000e+05	6.744897e-01	5.329960e-01	5.410303e-01
1	1_101060	101060	0	T	C	0.083	1.315276e+02	1.757336e+02	-1.794778e+02	1.000000e-05	1.000000e+05	4.621166e-01	5.180097e-01	5.264795e-01
1	1_170985	170985	0	A	G	0.083	1.315276e+02	1.757336e+02	-1.794778e+02	1.000000e-05	1.000000e+05	4.621166e-01	5.180097e-01	5.264795e-01
1	1_291990	291990	1	T	G	0.348	-6.516953e+01	1.045732e+02	-1.795792e+02	1.000000e-05	1.000000e+05	5.395638e-01	6.428106e-01	6.480983e-01
1	1_309593	309593	2	A	G	0.364	1.858768e+02	9.916552e+01	-1.782863e+02	1.000000e-05	1.000000e+05	7.421472e-02	9.421786e-02	1.182121e-01
1	1_363954	363954	0	A	G	0.208	7.303231e+00	1.211014e+02	-1.796826e+02	1.000000e-05	1.000000e+05	9.524558e-01	9.273373e-01	9.281688e-01
1	1_477160	477160	0	A	C	0.167	-9.827808e+01	1.303016e+02	-1.796650e+02	1.000000e-05	1.000000e+05	4.587057e-01	8.348251e-01	8.368164e-01
1	1_606536	606536	0	A	G	0.083	1.315276e+02	1.757336e+02	-1.794778e+02	1.000000e-05	1.000000e+05	4.621166e-01	5.180097e-01	5.264795e-01
1	1_743295	743295	0	T	C	0.083	1.315276e+02	1.757336e+02	-1.794778e+02	1.000000e-05	1.000000e+05	4.621166e-01	5.180097e-01	5.264795e-01
1	1_807596	807596	0	T	C	0.083	1.315276e+02	1.757336e+02	-1.794778e+02	1.000000e-05	1.000000e+05	4.621166e-01	5.180097e-01	5.264795e-01
1	1_927896	927896	0	C	T	0.208	7.303231e+00	1.211014e+02	-1.796826e+02	1.000000e-05	1.000000e+05	9.524558e-01	9.273373e-01	9.281688e-01
1	1_927901	927901	0	C	A	0.208	7.303231e+00	1.211014e+02	-1.796826e+02	1.000000e-05	1.000000e+05	9.524558e-01	9.273373e-01	9.281688e-01
1	1_944973	944973	0	G	C	0.333	-5.622816e+01	1.036483e+02	-1.796670e+02	1.000000e-05	1.000000e+05	5.929346e-01	8.426054e-01	8.444919e-01
1	1_971811	971811	1	G	T	0.087	-1.317936e+02	1.760798e+02	-1.796837e+02	1.000000e-05	1.000000e+05	4.620934e-01	9.380060e-01	9.387129e-01
1	1_975012	975012	0	C	T	0.125	2.345911e+02	1.400565e+02	-1.791514e+02	1.000000e-05	1.000000e+05	1.080970e-01	3.007910e-01	3.172850e-01
1	1_975152	975152	3	T	C	0.333	-1.082750e+02	1.091243e+02	-1.789142e+02	1.000000e-05	1.000000e+05	3.318796e-01	2.138571e-01	2.341627e-01
1	1_975212	975212	0	C	T	0.375	6.070497e+01	1.007667e+02	-1.793765e+02	1.000000e-05	1.000000e+05	5.530466e-01	4.308860e-01	4.421974e-01
1	1_975397	975397	2	T	C	0.409	1.943522e+02	9.591638e+01	-1.775134e+02	1.000000e-05	1.000000e+05	5.503086e-02	3.707975e-02	5.869822e-02
1	1_975445	975445	2	T	C	0.273	1.825994e+02	1.085791e+02	-1.782112e+02	1.000000e-05	1.000000e+05	1.067661e-01	8.582143e-02	1.098127e-01
1	1_975457	975457	2	A	G	0.318	1.065804e+02	1.079267e+02	-1.794775e+02	1.000000e-05	1.000000e+05	3.341225e-01	5.176815e-01	5.261609e-01
1	1_975510	975510	1	T	C	0.130	-1.381441e+02	1.462467e+02	-1.793436e+02	1.000000e-05	1.000000e+05	3.551242e-01	4.074360e-01	4.196032e-01
1	1_1065714	1065714	0	G	A	0.208	7.303231e+00	1.211014e+02	-1.796826e+02	1.000000e-05	1.000000e+05	9.524558e-01	9.273373e-01	9.281688e-01
1	1_1317098	1317098	0	T	C	0.625	7.382360e+01	1.003712e+02	-1.795194e+02	1.000000e-05	1.000000e+05	4.698006e-01	5.629603e-01	5.701693e-01
1	1_1354376	1354376	0	A	G	0.333	-5.622816e+01	1.036483e+02	-1.796670e+02	1.000000e-05	1.000000e+05	5.929346e-01	8.426054e-01	8.444919e-01
1	1_1471243	1471243	0	T	C	0.333	-5.622816e+01	1.036483e+02	-1.796670e+02	1.000000e-05	1.000000e+05	5.929346e-01	8.426054e-01	8.444919e-01
1	1_1509932	1509932	0	A	C	0.292	-3.721158e+01	1.079213e+02	-1.794816e+02	1.000000e-05	1.000000e+05	7.335170e-01	5.218119e-01	5.301697e-01
1	1_1509935	1509935	0	G	C	0.292	-3.721158e+01	1.079213e+02	-1.794816e+02	1.000000e-05	1.000000e+05	7.335170e-01	5.218119e-01	5.301697e-01
1	1_1509940	1509940	0	G	C	0.292	-3.721158e+01	1.079213e+02	-1.794816e+02	1.000000e-05	1.000000e+05	7.335170e-01	5.218119e-01	5.301697e-01
1	1_1581524	1581524	1	A	G	0.217	6.772486e+01	1.209490e+02	-1.795380e+02	1.000000e-05	1.000000e+05	5.811740e-01	5.854767e-01	5.921041e-01
1	1_1583615	1583615	0	C	T	0.333	-5.622816e+01	1.036483e+02	-1.796670e+02	1.000000e-05	1.000000e+05	5.929346e-01	8.426054e-01	8.444919e-01
1	1_1943622	1943622	0	G	A	0.333	-5.622816e+01	1.036483e+02	-1.796670e+02	1.000000e-05	1.000000e+05	5.929346e-01	8.426054e-01	8.444919e-01
1	1_2108016	2108016	0	G	C	0.292	-3.721158e+01	1.079213e+02	-1.794816e+02	1.000000e-05	1.000000e+05	7.335170e-01	5.218119e-01	5.301697e-01
1	1_2194658	2194658	0	A	G	0.083	1.315276e+02	1.757336e+02	-1.794778e+02	1.000000e-05	1.000000e+05	4.621166e-01	5.180097e-01	5.264795e-01
1	1_2205937	2205937	0	G	C	0.333	-5.622816e+01	1.036483e+02	-1.796670e+02	1.000000e-05	1.000000e+05	5.929346e-01	8.426054e-01	8.444919e-01
2	2_71426	71426	0	T	C	0.333	-5.622816e+01	1.036483e+02	-1.796670e+02	1.000000e-05	1.000000e+05	5.929346e-01	8.426054e-01	8.444919e-01
2	2_140257	140257	0	G	A	0.333	-5.622816e+01	1.036483e+02	-1.796670e+02	1.000000e-05	1.000000e+05	5.929346e-01	8.426054e-01	8.444919e-01
2	2_150696	150696	0	T	C	0.333	-5.622816e+01	1.036483e+02	-1.796670e+02	1.000000e-05	1.000000e+05	5.929346e-01	8.426054e-01	8.444919e-01
2	2_270700	270700	2	T	C	0.364	-7.963143e+01	1.054325e+02	-1.795725e+02	1.000000e-05	1.000000e+05	4.580891e-01	6.326760e-01	6.381864e-01
2	2_270799	270799	4	A	G	0.150	-1.320060e+02	1.482427e+02	-1.793273e+02	1.000000e-05	1.000000e+05	3.828475e-01	3.965086e-01	4.090874e-01
2	2_270855	270855	0	G	A	0.458	-7.091908e+01	9.754689e+01	-1.790845e+02	1.000000e-05	1.000000e+05	4.748762e-01	2.724482e-01	2.901815e-01
2	2_270969	270969	1	T	G	0.435	3.587847e+01	1.010609e+02	-1.794130e+02	1.000000e-05	1.000000e+05	7.259568e-01	4.593812e-01	4.697045e-01
2	2_270970	270970	1	T	A	0.435	3.587847e+01	1.010609e+02	-1.794130e+02	1.000000e-05	1.000000e+05	7.259568e-01	4.593812e-01	4.697045e-01
2	2_270971	270971	1	C	A	0.435	3.587847e+01	1.010609e+02	-1.794130e+02	1.000000e-05	1.000000e+05	7.259568e-01	4.593812e-01	4.697045e-01
2	2_270994	270994	0	A	G	0.458	2.309067e+01	9.858901e+01	-1.795507e+02	1.000000e-05	1.000000e+05	8.169868e-01	6.019491e-01	6.081714e-01
2	2_294465	294465	1	G	A	0.174	-3.328858e+00	1.325507e+02	-1.796220e+02	1.000000e-05	1.000000e+05	9.801906e-01	7.189093e-01	7.226991e-01
2	2_508674	508674	0	G	A	0.333	-5.622816e+01	1.036483e+02	-1.796670e+02	1.000000e-05	1.000000e+05	5.929346e-01	8.426054e-01	8.444919e-01
2	2_595266	595266	0	A	G	0.333	-5.622816e+01	1.036483e+02	-1.796670e+02	1.000000e-05	1.000000e+05	5.929346e-01	8.426054e-01	8.444919e-01
2	2_697983	697983	0	A	G	0.583	2.194140e+01	9.965678e+01	-1.793472e+02	1.000000e-05	1.000000e+05	8.277693e-01	4.099324e-01	4.220067e-01
2	2_774357	774357	0	A	C	0.333	-5.622816e+01	1.036483e+02	-1.796670e+02	1.000000e-05	1.000000e+05	5.929346e-01	8.426054e-01	8.444919e-01
2	2_820645	820645	0	T	A	0.333	-5.622816e+01	1.036483e+02	-1.796670e+02	1.000000e-05	1.000000e+05	5.929346e-01	8.426054e-01	8.444919e-01
2	2_963693	963693	0	T	G	0.292	-3.721158e+01	1.079213e+02	-1.794816e+02	1.000000e-05	1.000000e+05	7.335170e-01	5.218119e-01	5.301697e-01
2	2_983795	983795	0	G	C	0.583	2.194140e+01	9.965678e+01	-1.793472e+02	1.000000e-05	1.000000e+05	8.277693e-01	4.099324e-01	4.220067e-01
2	2_1088064	1088064	0	T	C	0.083	1.315276e+02	1.757336e+02	-1.794778e+02	1.000000e-05	1.000000e+05	4.621166e-01	5.180097e-01	5.264795e-01
2	2_1162362	1162362	0	G	C	0.333	-5.622816e+01	1.036483e+02	-1.796670e+02	1.000000e-05	1.000000e+05	5.929346e-01	8.426054e-01	8.444919e-01
2	2_1225303	1225303	0	A	G	0.583	2.194140e+01	9.965678e+01	-1.793472e+02	1.000000e-05	1.000000e+05	8.277693e-01	4.099324e-01	4.220067e-01
2	2_1406556	1406556	0	G	A	0.333	-5.622816e+01	1.036483e+02	-1.796670e+02	1.000000e-05	1.000000e+05	5.929346e-01	8.426054e-01	8.444919e-01
2	2_1519281	1519281	0	T	C	0.333	-5.622816e+01	1.036483e+02	-1.796670e+02	1.000000e-05	1.000000e+05	5.929346e-01	8.426054e-01	8.444919e-01
3	3_61845	61845	0	G	T	0.333	-5.622816e+01	1.036483e+02	-1.796670e+02	1.000000e-05	1.000000e+05	5.929346e-01	8.426054e-01	8.444919e-01
3	3_83036	83036	0	T	C	0.333	-5.622816e+01	1.036483e+02	-1.796670e+02	1.000000e-05	1.000000e+05	5.929346e-01	8.426054e-01	8.444919e-01
3	3_84476	84476	0	T	C	0.333	-5.622816e+01	1.036483e+02	-1.796670e+02	1.000000e-05	1.000000e+05	5.929346e-01	8.426054e-01	8.444919e-01
3	3_97584	97584	0	G	T	0.083	1.315276e+02	1.757336e+02	-1.794778e+02	1.000000e-05	1.000000e+05	4.621166e-01	5.180097e-01	5.264795e-01
3	3_189938	189938	0	T	C	0.083	1.315276e+02	1.757336e+02	-1.794778e+02	1.000000e-05	1.000000e+05	4.621166e-01	5.180097e-01	5.264795e-01
3	3_207299	207299	1	A	G	0.130	-8.005716e-01	1.491828e+02	-1.793604e+02	1.000000e-05	1.000000e+05	9.957666e-01	4.191800e-01	4.309139e-01
3	3_288811	288811	0	T	C	0.125	-1.580966e+01	1.486811e+02	-1.796852e+02	1.000000e-05	1.000000e+05	9.162821e-01	9.563729e-01	9.568680e-01
3	3_296203	296203	0	G	A	0.208	7.303231e+00	1.211014e+02	-1.796826e+02	1.000000e-05	1.000000e+05	9.524558e-01	9.273373e-01	9.281688e-01
3	3_354680	354680	0	C	T	0.333	-5.622816e+01	1.036483e+02	-1.796670e+02	1.000000e-05	1.000000e+05	5.929346e-01	8.426054e-01	8.444919e-01
3	3_401715	401715	0	T	C	0.333	-5.622816e+01	1.036483e+02	-1.796670e+02	1.000000e-05	1.000000e+05	5.929346e-01	8.426054e-01	8.444919e-01
3	3_449970	449970	0	T	C	0.292	-3.721158e+01	1.079213e+02	-1.794816e+02	1.000000e-05	1.000000e+05	7.335170e-01	5.218119e-01	5.301697e-01
3	3_485530	485530	0	T	C	0.208	7.303231e+00	1.211014e+02	-1.796826e+02	1.000000e-05	1.000000e+05	9.524558e-01	9.273373e-01	9.281688e-01
3	3_493126	493126	0	C	T	0.375	-7.382360e+01	1.003712e+02	-1.795194e+02	1.000000e-05	1.000000e+05	4.698006e-01	5.629603e-01	5.701693e-01
3	3_741271	741271	0	T	C	0.083	1.315276e+02	1.757336e+02	-1.794778e+02	1.000000e-05	1.000000e+05	4.621166e-01	5.180097e-01	5.264795e-01
3	3_750294	750294	0	T	G	0.250	-1.516904e+02	1.088848e+02	-1.784182e+02	1.000000e-05	1.000000e+05	1.774996e-01	1.112048e-01	1.350208e-01
3	3_860957	860957	0	A	T	0.500	-3.286785e+01	9.811845e+01	-1.791761e+02	1.000000e-05	1.000000e+05	7.408121e-01	3.122037e-01	3.282061e-01
3	3_862065	862065	0	G	A	0.208	-9.697987e+01	1.193306e+02	-1.795445e+02	1.000000e-05	1.000000e+05	4.250982e-01	5.937553e-01	6.001770e-01
3	3_862068	862068	0	G	A	0.208	-9.697987e+01	1.193306e+02	-1.795445e+02	1.000000e-05	1.000000e+05	4.250982e-01	5.937553e-01	6.001770e-01
3	3_862069	862069	2	A	G	0.227	-1.119102e+02	1.202394e+02	-1.792983e+02	1.000000e-05	1.000000e+05	3.620955e-01	3.780924e-01	3.913828e-01
3	3_968415	968415	1	G	C	0.348	-6.516953e+01	1.045732e+02	-1.795792e+02	1.000000e-05	1.000000e+05	5.395638e-01	6.428106e-01	6.480983e-01
3	3_1070130	1070130	0	G	A	0.333	-5.622816e+01	1.036483e+02	-1.796670e+02	1.000000e-05	1.000000e+05	5.929346e-01	8.426054e-01	8.444919e-01
3	3_1071924	1071924	0	G	A	0.333	3.315015e+02	7.675107e+01	-1.735843e+02	1.000000e-05	1.000000e+05	2.766748e-04	4.766481e-04	5.310599e-03
3	3_1071929	1071929	0	C	T	0.333	3.315015e+02	7.675107e+01	-1.735843e+02	1.000000e-05	1.000000e+05	2.766748e-04	4.766481e-04	5.310599e-03
3	3_1180025	1180025	0	C	T	0.333	-5.622816e+01	1.036483e+02	-1.796670e+02	1.000000e-05	1.000000e+05	5.929346e-01	8.426054e-01	8.444919e-01
3	3_1234218	1234218	0	G	A	0.208	1.101514e+02	1.188103e+02	-1.788967e+02	1.000000e-05	1.000000e+05	3.639246e-01	2.087643e-01	2.292879e-01
3	3_1318833	1318833	0	T	C	0.333	-5.622816e+01	1.036483e+02	-1.796670e+02	1.000000e-05	1.000000e+05	5.929346e-01	8.426054e-01	8.444919e-01
3	3_1330004	1330004	0	T	C	0.083	1.315276e+02	1.757336e+02	-1.794778e+02	1.000000e-05	1.000000e+05	4.621166e-01	5.180097e-01	5.264795e-01
3	3_1334793	1334793	0	C	T	0.083	1.315276e+02	1.757336e+02	-1.794778e+02	1.000000e-05	1.000000e+05	4.621166e-01	5.180097e-01	5.264795e-01
4	4_53256	53256	0	T	C	0.083	1.315276e+02	1.757336e+02	-1.794778e+02	1.000000e-05	1.000000e+05	4.621166e-01	5.180097e-01	5.264795e-01
4	4_106294	106294	0	C	T	0.250	-1.921406e+01	1.135153e+02	-1.796504e+02	1.000000e-05	1.000000e+05	8.671356e-01	7.875668e-01	7.902328e-01
4	4_577501	577501	0	G	A	0.333	-5.622816e+01	1.036483e+02	-1.796670e+02	1.000000e-05	1.000000e+05	5.929346e-01	8.426054e-01	8.444919e-01
4	4_667433	667433	0	G	T	0.333	-1.351485e+02	1.002786e+02	-1.791842e+02	1.000000e-05	1.000000e+05	1.914609e-01	3.160708e-01	3.319077e-01
4	4_667446	667446	0	G	A	0.375	-6.481879e+01	1.006512e+02	-1.796867e+02	1.000000e-05	1.000000e+05	5.262369e-01	9.957174e-01	9.957658e-01
4	4_667490	667490	1	G	A	0.435	-9.312604e+01	9.938684e+01	-1.796860e+02	1.000000e-05	1.000000e+05	3.589288e-01	9.699163e-01	9.702568e-01
4	4_679331	679331	0	T	A	0.333	-5.622816e+01	1.036483e+02	-1.796670e+02	1.000000e-05	1.000000e+05	5.929346e-01	8.426054e-01	8.444919e-01
4	4_901105	901105	1	G	A	0.348	-6.516953e+01	1.045732e+02	-1.795792e+02	1.000000e-05	1.000000e+05	5.395638e-01	6.428106e-01	6.480983e-01
4	4_995956	995956	2	A	G	0.273	-8.098145e+01	1.140477e+02	-1.794000e+02	1.000000e-05	1.000000e+05	4.851221e-01	4.488625e-01	4.595439e-01
4	4_1076446	1076446	0	G	A	0.333	3.790158e+01	1.040221e+02	-1.796461e+02	1.000000e-05	1.000000e+05	7.190673e-01	7.757152e-01	7.785620e-01
4	4_1076465	1076465	0	G	A	0.375	1.864327e+02	9.349639e+01	-1.770337e+02	1.000000e-05	1.000000e+05	5.869140e-02	2.125099e-02	4.008626e-02
5	5_7093	7093	0	G	A	0.417	6.478955e+01	9.880301e+01	-1.788514e+02	1.000000e-05	1.000000e+05	5.187879e-01	1.961692e-01	2.172233e-01
5	5_168988	168988	0	G	A	0.083	1.315276e+02	1.757336e+02	-1.794778e+02	1.000000e-05	1.000000e+05	4.621166e-01	5.180097e-01	5.264795e-01
5	5_276722	276722	0	A	G	0.583	2.194140e+01	9.965678e+01	-1.793472e+02	1.000000e-05	1.000000e+05	8.277693e-01	4.099324e-01	4.220067e-01
5	5_475470	475470	1	T	C	0.391	8.433655e+01	1.013638e+02	-1.779532e+02	1.000000e-05	1.000000e+05	4.143392e-01	6.260214e-02	8.612133e-02
5	5_476407	476407	0	T	A	0.542	-3.080201e+01	9.849313e+01	-1.788282e+02	1.000000e-05	1.000000e+05	7.574291e-01	1.900826e-01	2.113876e-01
5	5_500266	500266	1	G	A	0.435	7.773505e+01	9.998577e+01	-1.792017e+02	1.000000e-05	1.000000e+05	4.451672e-01	3.246597e-01	3.401318e-01
5	5_676974	676974	0	A	C	0.458	6.599737e+01	9.770372e+01	-1.793766e+02	1.000000e-05	1.000000e+05	5.064065e-01	4.309666e-01	4.422751e-01
5	5_773775	773775	0	C	T	0.083	1.315276e+02	1.757336e+02	-1.794778e+02	1.000000e-05	1.000000e+05	4.621166e-01	5.180097e-01	5.264795e-01
5	5_835130	835130	1	A	G	0.391	-9.937603e-01	1.029458e+02	-1.795039e+02	1.000000e-05	1.000000e+05	9.923850e-01	5.454274e-01	5.531121e-01
5	5_835251	835251	1	G	C	0.304	-3.657964e-01	1.091907e+02	-1.796847e+02	1.000000e-05	1.000000e+05	9.973572e-01	9.486630e-01	9.492466e-01
5	5_835261	835261	2	A	G	0.273	4.904657e+01	1.148722e+02	-1.795957e+02	1.000000e-05	1.000000e+05	6.735532e-01	6.696402e-01	6.743658e-01
5	5_836479	836479	0	G	A	0.375	1.958251e+02	9.261960e+01	-1.772134e+02	1.000000e-05	1.000000e+05	4.605614e-02	2.614269e-02	4.605961e-02
5	5_836568	836568	0	A	G	0.417	1.018263e+02	9.737303e+01	-1.788114e+02	1.000000e-05	1.000000e+05	3.070383e-01	1.857849e-01	2.072644e-01
5	5_836697	836697	0	A	G	0.542	8.166429e+01	9.716419e+01	-1.796119e+02	1.000000e-05	1.000000e+05	4.096828e-01	6.989202e-01	7.030754e-01
5	5_836899	836899	1	G	A	0.087	-1.223044e+02	1.763908e+02	-1.787178e+02	1.000000e-05	1.000000e+05	4.953323e-01	1.639116e-01	1.862356e-01
5	5_975686	975686	0	C	G	0.375	-7.382360e+01	1.003712e+02	-1.795194e+02	1.000000e-05	1.000000e+05	4.698006e-01	5.629603e-01	5.701693e-01
5	5_1037902	1037902	0	A	G	0.333	-5.622816e+01	1.036483e+02	-1.796670e+02	1.000000e-05	1.000000e+05	5.929346e-01	8.426054e-01	8.444919e-01
5	5_1099536	1099536	0	A	G	0.083	1.315276e+02	1.757336e+02	-1.794778e+02	1.000000e-05	1.000000e+05	4.621166e-01	5.180097e-01	5.264795e-01
5	5_1166880	1166880	0	A	G	0.083	1.315276e+02	1.757336e+02	-1.794778e+02	1.000000e-05	1.000000e+05	4.621166e-01	5.180097e-01	5.264795e-01
5	5_1210544	1210544	0	A	G	0.583	2.194140e+01	9.965678e+01	-1.793472e+02	1.000000e-05	1.000000e+05	8.277693e-01	4.099324e-01	4.220067e-01
5	5_1245074	1245074	0	G	A	0.500	-9.807078e+00	9.834821e+01	-1.789278e+02	1.000000e-05	1.000000e+05	9.214714e-01	2.179478e-01	2.380770e-01
5	5_1405166	1405166	0	G	A	0.250	-1.921406e+01	1.135153e+02	-1.796504e+02	1.000000e-05	1.000000e+05	8.671356e-01	7.875668e-01	7.902328e-01
5	5_1597105	1597105	0	C	T	0.625	7.382360e+01	1.003712e+02	-1.795194e+02	1.000000e-05	1.000000e+05	4.698006e-01	5.629603e-01	5.701693e-01
5	5_1661241	1661241	0	G	A	0.083	1.315276e+02	1.757336e+02	-1.794778e+02	1.000000e-05	1.000000e+05	4.621166e-01	5.180097e-01	5.264795e-01
5	5_1688982	1688982	0	A	G	0.250	-1.921406e+01	1.135153e+02	-1.796504e+02	1.000000e-05	1.000000e+05	8.671356e-01	7.875668e-01	7.902328e-01
5	5_1695239	1695239	0	C	T	0.083	1.315276e+02	1.757336e+02	-1.794778e+02	1.000000e-05	1.000000e+05	4.621166e-01	5.180097e-01	5.264795e-01
5	5_1770892	1770892	0	G	A	0.375	-3.878132e+01	1.012575e+02	-1.794230e+02	1.000000e-05	1.000000e+05	7.053976e-01	4.677076e-01	4.777530e-01
5	5_1773044	1773044	0	G	A	0.125	-1.248055e+02	1.463192e+02	-1.789887e+02	1.000000e-05	1.000000e+05	4.028688e-01	2.373892e-01	2.566696e-01
5	5_1773047	1773047	0	G	A	0.292	-6.602093e+01	1.072896e+02	-1.796587e+02	1.000000e-05	1.000000e+05	5.446356e-01	8.129680e-01	8.152627e-01
5	5_1781499	1781499	0	C	A	0.333	-5.622816e+01	1.036483e+02	-1.796670e+02	1.000000e-05	1.000000e+05	5.929346e-01	8.426054e-01	8.444919e-01
6	6_191358	191358	0	C	T	0.083	3.988219e+02	1.563268e+02	-1.749902e+02	1.000000e-05	1.000000e+05	1.820460e-02	2.178127e-03	1.072348e-02
6	6_211509	211509	0	T	C	0.083	-1.258560e+02	1.759205e+02	-1.796820e+02	1.000000e-05	1.000000e+05	4.818774e-01	9.223140e-01	9.232046e-01
6	6_220264	220264	1	G	A	0.391	-4.891552e+01	1.024171e+02	-1.779738e+02	1.000000e-05	1.000000e+05	6.376383e-01	6.418585e-02	8.776516e-02
6	6_220267	220267	1	G	A	0.391	-4.891552e+01	1.024171e+02	-1.779738e+02	1.000000e-05	1.000000e+05	6.376383e-01	6.418585e-02	8.776516e-02
6	6_221273	221273	3	A	G	0.429	-1.378166e+02	1.021064e+02	-1.788683e+02	1.000000e-05	1.000000e+05	1.908264e-01	2.007627e-01	2.216250e-01
6	6_221275	221275	2	A	G	0.455	-1.430033e+02	9.856175e+01	-1.786978e+02	1.000000e-05	1.000000e+05	1.609178e-01	1.596148e-01	1.820941e-01
6	6_221282	221282	1	A	C	0.478	-1.473527e+02	9.554695e+01	-1.785690e+02	1.000000e-05	1.000000e+05	1.372872e-01	1.348738e-01	1.581502e-01
6	6_239210	239210	0	G	A	0.333	-5.622816e+01	1.036483e+02	-1.796670e+02	1.000000e-05	1.000000e+05	5.929346e-01	8.426054e-01	8.444919e-01
6	6_276397	276397	0	A	G	0.083	1.315276e+02	1.757336e+02	-1.794778e+02	1.000000e-05	1.000000e+05	4.621166e-01	5.180097e-01	5.264795e-01
6	6_406899	406899	0	C	T	0.333	-5.622816e+01	1.036483e+02	-1.796670e+02	1.000000e-05	1.000000e+05	5.929346e-01	8.426054e-01	8.444919e-01
6	6_465434	465434	0	A	G	0.083	1.315276e+02	1.757336e+02	-1.794778e+02	1.000000e-05	1.000000e+05	4.621166e-01	5.180097e-01	5.264795e-01
6	6_484890	484890	0	T	C	0.333	-5.622816e+01	1.036483e+02	-1.796670e+02	1.000000e-05	1.000000e+05	5.929346e-01	8.426054e-01	8.444919e-01
6	6_499210	499210	0	G	C	0.333	-5.622816e+01	1.036483e+02	-1.796670e+02	1.000000e-05	1.000000e+05	5.929346e-01	8.426054e-01	8.444919e-01
6	6_544412	544412	0	G	A	0.083	1.315276e+02	1.757336e+02	-1.794778e+02	1.000000e-05	1.000000e+05	4.621166e-01	5.180097e-01	5.264795e-01
6	6_554477	554477	0	G	T	0.083	1.315276e+02	1.757336e+02	-1.794778e+02	1.000000e-05	1.000000e+05	4.621166e-01	5.180097e-01	5.264795e-01
6	6_602467	602467	0	C	G	0.333	-5.622816e+01	1.036483e+02	-1.796670e+02	1.000000e-05	1.000000e+05	5.929346e-01	8.426054e-01	8.444919e-01
6	6_659075	659075	0	T	C	0.333	-5.622816e+01	1.036483e+02	-1.796670e+02	1.000000e-05	1.000000e+05	5.929346e-01	8.426054e-01	8.444919e-01
6	6_739933	739933	0	G	T	0.375	-1.725062e+01	1.015278e+02	-1.794956e+02	1.000000e-05	1.000000e+05	8.666334e-01	5.363558e-01	5.442946e-01
6	6_761983	761983	0	T	C	0.083	1.315276e+02	1.757336e+02	-1.794778e+02	1.000000e-05	1.000000e+05	4.621166e-01	5.180097e-01	5.264795e-01
6	6_936535	936535	0	T	A	0.083	1.313571e+02	1.757390e+02	-1.790938e+02	1.000000e-05	1.000000e+05	4.627038e-01	2.761554e-01	2.937255e-01
6	6_960726	960726	0	A	G	0.083	1.315276e+02	1.757336e+02	-1.794778e+02	1.000000e-05	1.000000e+05	4.621166e-01	5.180097e-01	5.264795e-01
6	6_988043	988043	0	T	C	0.292	2.023602e+01	1.081230e+02	-1.791426e+02	1.000000e-05	1.000000e+05	8.532525e-01	2.968600e-01	3.135246e-01
6	6_988098	988098	1	A	G	0.348	-1.223110e+01	1.054561e+02	-1.796279e+02	1.000000e-05	1.000000e+05	9.087183e-01	7.316102e-01	7.351775e-01
6	6_988261	988261	3	A	G	0.238	-1.638968e+02	1.184030e+02	-1.793059e+02	1.000000e-05	1.000000e+05	1.801706e-01	3.828058e-01	3.959119e-01
6	6_988405	988405	2	T	C	0.318	-1.009737e+02	1.081715e+02	-1.795645e+02	1.000000e-05	1.000000e+05	3.607155e-01	6.210025e-01	6.267768e-01
6	6_988465	988465	0	T	C	0.583	-8.756839e+00	9.974635e+01	-1.796770e+02	1.000000e-05	1.000000e+05	9.308370e-01	8.888323e-01	8.901263e-01
6	6_988478	988478	2	A	G	0.409	1.065917e+01	1.044596e+02	-1.792638e+02	1.000000e-05	1.000000e+05	9.196484e-01	3.577246e-01	3.718271e-01
6	6_988549	988549	2	A	G	0.364	1.344330e+02	1.028728e+02	-1.791050e+02	1.000000e-05	1.000000e+05	2.047806e-01	2.807420e-01	2.981106e-01
6	6_988553	988553	2	T	G	0.364	1.126756e+02	1.040539e+02	-1.790888e+02	1.000000e-05	1.000000e+05	2.905973e-01	2.741470e-01	2.918055e-01
6	6_988631	988631	2	G	A	0.227	-3.264854e+01	1.223860e+02	-1.796865e+02	1.000000e-05	1.000000e+05	7.921333e-01	9.833544e-01	9.835425e-01
6	6_988733	988733	1	A	G	0.478	7.315071e+01	9.936304e+01	-1.796579e+02	1.000000e-05	1.000000e+05	4.693889e-01	8.101899e-01	8.125242e-01
6	6_988843	988843	3	A	G	0.429	2.391636e+02	9.321522e+01	-1.747116e+02	1.000000e-05	1.000000e+05	1.763215e-02	1.608249e-03	9.227559e-03
6	6_988922	988922	5	A	G	0.368	8.477592e+01	1.131612e+02	-1.789687e+02	1.000000e-05	1.000000e+05	4.616964e-01	2.307732e-01	2.503440e-01
6	6_988930	988930	2	G	A	0.273	1.197978e+02	1.124838e+02	-1.784316e+02	1.000000e-05	1.000000e+05	2.984153e-01	1.131082e-01	1.368917e-01
6	6_988960	988960	2	T	G	0.318	9.110280e+00	1.102758e+02	-1.792105e+02	1.000000e-05	1.000000e+05	9.349059e-01	3.291090e-01	3.443934e-01
6	6_989188	989188	0	T	C	0.417	-4.361517e+01	9.932974e+01	-1.794969e+02	1.000000e-05	1.000000e+05	6.648753e-01	5.378292e-01	5.457264e-01
6	6_989334	989334	2	G	C	0.364	1.158179e+02	1.038967e+02	-1.795432e+02	1.000000e-05	1.000000e+05	2.769914e-01	5.920589e-01	5.985224e-01
6	6_989453	989453	3	A	G	0.667	9.312329e+01	1.097580e+02	-1.789759e+02	1.000000e-05	1.000000e+05	4.053290e-01	2.331431e-01	2.526101e-01
6	6_989490	989490	0	T	C	0.417	-1.123189e+02	9.684749e+01	-1.792468e+02	1.000000e-05	1.000000e+05	2.585827e-01	3.482519e-01	3.627406e-01
6	6_989528	989528	0	T	C	0.542	1.692673e+00	9.871104e+01	-1.791980e+02	1.000000e-05	1.000000e+05	9.864733e-01	3.228456e-01	3.383945e-01
6	6_989732	989732	4	T	C	0.400	1.081222e+02	1.075366e+02	-1.776382e+02	1.000000e-05	1.000000e+05	3.256136e-01	4.295656e-02	6.521066e-02
6	6_989861	989861	2	A	G	0.500	6.923721e+01	1.016764e+02	-1.789543e+02	1.000000e-05	1.000000e+05	5.030040e-01	2.261447e-01	2.459179e-01
6	6_989960	989960	0	A	G	0.458	8.337842e+01	9.709786e+01	-1.792130e+02	1.000000e-05	1.000000e+05	3.997629e-01	3.303877e-01	3.456184e-01
6	6_990258	990258	2	G	T	0.409	-5.865563e+01	1.037328e+02	-1.796755e+02	1.000000e-05	1.000000e+05	5.774901e-01	8.809161e-01	8.823084e-01
6	6_990671	990671	5	G	A	0.526	4.170139e+01	1.103528e+02	-1.795919e+02	1.000000e-05	1.000000e+05	7.091327e-01	6.632446e-01	6.681006e-01
6	6_990699	990699	2	G	A	0.545	1.829293e+01	1.030966e+02	-1.796854e+02	1.000000e-05	1.000000e+05	8.607904e-01	9.592683e-01	9.597303e-01
6	6_990701	990701	1	A	G	0.565	5.245403e+01	1.007319e+02	-1.794210e+02	1.000000e-05	1.000000e+05	6.077572e-01	4.660235e-01	4.761247e-01
6	6_990771	990771	3	T	C	0.381	6.751538e+01	1.073133e+02	-1.792976e+02	1.000000e-05	1.000000e+05	5.357348e-01	3.776497e-01	3.909575e-01
6	6_990777	990777	1	A	G	0.391	1.032403e+02	1.005658e+02	-1.787976e+02	1.000000e-05	1.000000e+05	3.157672e-01	1.823567e-01	2.039737e-01
6	6_990851	990851	1	T	C	0.304	-1.658464e+00	1.091903e+02	-1.796825e+02	1.000000e-05	1.000000e+05	9.880185e-01	9.264236e-01	9.272658e-01
6	6_990862	990862	1	G	T	0.261	-3.332060e+00	1.144160e+02	-1.796786e+02	1.000000e-05	1.000000e+05	9.770296e-01	8.984636e-01	8.996398e-01
6	6_990885	990885	2	A	G	0.227	8.657388e+01	1.211866e+02	-1.794228e+02	1.000000e-05	1.000000e+05	4.825011e-01	4.675050e-01	4.775570e-01
6	6_990992	990992	1	T	C	0.174	1.946657e+02	1.258882e+02	-1.786801e+02	1.000000e-05	1.000000e+05	1.362879e-01	1.559240e-01	1.785333e-01
6	6_991027	991027	0	T	C	0.167	7.372318e+01	1.310359e+02	-1.790373e+02	1.000000e-05	1.000000e+05	5.793834e-01	2.544309e-01	2.729596e-01
6	6_1031241	1031241	1	A	G	0.478	1.788375e-01	1.005812e+02	-1.791258e+02	1.000000e-05	1.000000e+05	9.985974e-01	2.895335e-01	3.065171e-01
6	6_1116760	1116760	0	G	A	0.333	-5.622816e+01	1.036483e+02	-1.796670e+02	1.000000e-05	1.000000e+05	5.929346e-01	8.426054e-01	8.444919e-01
6	6_1160524	1160524	0	A	G	0.375	1.678082e+02	9.508663e+01	-1.791113e+02	1.000000e-05	1.000000e+05	9.147892e-02	2.833637e-01	3.006173e-01
6	6_1160528	1160528	0	A	G	0.375	1.678082e+02	9.508663e+01	-1.791113e+02	1.000000e-05	1.000000e+05	9.147892e-02	2.833637e-01	3.006173e-01
6	6_1160532	1160532	0	A	G	0.375	1.678082e+02	9.508663e+01	-1.791113e+02	1.000000e-05	1.000000e+05	9.147892e-02	2.833637e-01	3.006173e-01
6	6_1167676	1167676	0	C	G	0.333	-5.622816e+01	1.036483e+02	-1.796670e+02	1.000000e-05	1.000000e+05	5.929346e-01	8.426054e-01	8.444919e-01
6	6_1174733	1174733	0	G	C	0.083	1.315276e+02	1.757336e+02	-1.794778e+02	1.000000e-05	1.000000e+05	4.621166e-01	5.180097e-01	5.264795e-01
6	6_1249810	1249810	0	G	A	0.208	7.303231e+00	1.211014e+02	-1.796826e+02	1.000000e-05	1.000000e+05	9.524558e-01	9.273373e-01	9.281688e-01
6	6_1279254	1279254	0	C	T	0.333	-5.622816e+01	1.036483e+02	-1.796670e+02	1.000000e-05	1.000000e+05	5.929346e-01	8.426054e-01	8.444919e-01
7	7_11056	11056	1	A	C	0.348	1.753940e+02	9.863838e+01	-1.784591e+02	1.000000e-05	1.000000e+05	8.920466e-02	1.171290e-01	1.408368e-01
7	7_14006	14006	2	A	G	0.273	-4.919739e+01	1.148694e+02	-1.795835e+02	1.000000e-05	1.000000e+05	6.726040e-01	6.495897e-01	6.547317e-01
7	7_36839	36839	0	G	A	0.125	-1.285470e+02	1.461722e+02	-1.795486e+02	1.000000e-05	1.000000e+05	3.886779e-01	5.992192e-01	6.055074e-01
7	7_37788	37788	0	C	T	0.333	-5.622816e+01	1.036483e+02	-1.796670e+02	1.000000e-05	1.000000e+05	5.929346e-01	8.426054e-01	8.444919e-01
7	7_49744	49744	0	G	A	0.083	-1.258562e+02	1.759204e+02	-1.795059e+02	1.000000e-05	1.000000e+05	4.818769e-01	5.475644e-01	5.551900e-01
7	7_164473	164473	2	G	A	0.364	1.487785e+02	1.019711e+02	-1.780055e+02	1.000000e-05	1.000000e+05	1.586891e-01	6.669758e-02	9.036234e-02
7	7_164511	164511	0	T	C	0.542	2.435634e+01	9.857498e+01	-1.796839e+02	1.000000e-05	1.000000e+05	8.071341e-01	9.405119e-01	9.411897e-01
7	7_164589	164589	1	C	T	0.391	-5.024020e+01	1.023873e+02	-1.796862e+02	1.000000e-05	1.000000e+05	6.285059e-01	9.732203e-01	9.735233e-01
7	7_164636	164636	1	A	G	0.391	6.884698e+01	1.018942e+02	-1.795806e+02	1.000000e-05	1.000000e+05	5.062904e-01	6.450070e-01	6.502472e-01
7	7_164887	164887	1	G	A	0.348	-7.602818e+01	1.042355e+02	-1.790012e+02	1.000000e-05	1.000000e+05	4.734587e-01	2.416176e-01	2.607119e-01
7	7_164926	164926	2	G	A	0.273	2.722611e+01	1.152011e+02	-1.795457e+02	1.000000e-05	1.000000e+05	8.153589e-01	5.953545e-01	6.017370e-01
7	7_165027	165027	3	T	C	0.190	-1.086727e+01	1.338816e+02	-1.796835e+02	1.000000e-05	1.000000e+05	9.360401e-01	9.359505e-01	9.366813e-01
7	7_165292	165292	0	C	A	0.583	7.519585e+01	9.846716e+01	-1.796352e+02	1.000000e-05	1.000000e+05	4.531799e-01	7.480784e-01	7.513675e-01
7	7_165637	165637	0	A	G	0.458	3.849204e+01	9.836995e+01	-1.789295e+02	1.000000e-05	1.000000e+05	6.993405e-01	2.184473e-01	2.385549e-01
7	7_165657	165657	2	A	G	0.409	-1.136029e+02	1.016380e+02	-1.794610e+02	1.000000e-05	1.000000e+05	2.757438e-01	5.016604e-01	5.106229e-01
7	7_165680	165680	0	T	C	0.417	-1.058043e+02	9.718004e+01	-1.795119e+02	1.000000e-05	1.000000e+05	2.880496e-01	5.543645e-01	5.618042e-01
7	7_165704	165704	1	A	G	0.478	5.909195e+01	9.978706e+01	-1.796779e+02	1.000000e-05	1.000000e+05	5.597673e-01	8.945817e-01	8.958051e-01
7	7_165798	165798	2	C	T	0.409	-9.948806e+01	1.023088e+02	-1.796720e+02	1.000000e-05	1.000000e+05	3.414082e-01	8.637886e-01	8.653977e-01
7	7_165854	165854	2	T	C	0.545	1.103485e+02	1.004516e+02	-1.795084e+02	1.000000e-05	1.000000e+05	2.838530e-01	5.503474e-01	5.578965e-01
7	7_165873	165873	1	A	G	0.391	-1.303537e+02	9.912395e+01	-1.791390e+02	1.000000e-05	1.000000e+05	2.020338e-01	2.952623e-01	3.119963e-01
7	7_165955	165955	2	T	C	0.409	-1.395888e+02	1.001560e+02	-1.787450e+02	1.000000e-05	1.000000e+05	1.773244e-01	1.699396e-01	1.920393e-01
7	7_166056	166056	1	C	A	0.522	1.360465e+02	9.630605e+01	-1.790416e+02	1.000000e-05	1.000000e+05	1.717506e-01	2.559986e-01	2.744580e-01
7	7_166309	166309	1	G	A	0.478	-7.042707e+00	1.005679e+02	-1.795634e+02	1.000000e-05	1.000000e+05	9.448029e-01	6.194523e-01	6.252622e-01
7	7_166838	166838	0	T	A	0.125	2.132203e+01	1.486497e+02	-1.796265e+02	1.000000e-05	1.000000e+05	8.872500e-01	7.285892e-01	7.322087e-01
7	7_166992	166992	2	A	G	0.318	3.121233e+01	1.100919e+02	-1.796792e+02	1.000000e-05	1.000000e+05	7.794356e-01	9.023871e-01	9.035156e-01
7	7_167034	167034	2	T	C	0.318	4.852865e+01	1.098065e+02	-1.796626e+02	1.000000e-05	1.000000e+05	6.628415e-01	8.261886e-01	8.282981e-01
7	7_167035	167035	1	C	A	0.348	3.111478e+01	1.052794e+02	-1.796789e+02	1.000000e-05	1.000000e+05	7.703493e-01	9.002364e-01	9.013910e-01
7	7_167135	167135	2	A	G	0.591	-8.414031e+01	1.029326e+02	-1.794639e+02	1.000000e-05	1.000000e+05	4.224471e-01	5.044402e-01	5.133176e-01
7	7_167192	167192	2	C	T	0.500	-6.831860e+01	1.017048e+02	-1.794756e+02	1.000000e-05	1.000000e+05	5.087460e-01	5.157768e-01	5.243128e-01
7	7_167224	167224	4	T	A	0.400	-8.314878e+01	1.085412e+02	-1.791792e+02	1.000000e-05	1.000000e+05	4.517837e-01	3.136965e-01	3.296350e-01
7	7_167292	167292	3	A	G	0.429	-8.773535e+01	1.045904e+02	-1.792543e+02	1.000000e-05	1.000000e+05	4.105775e-01	3.523871e-01	3.667066e-01
7	7_167370	167370	1	A	G	0.391	-5.359765e+01	1.023098e+02	-1.790762e+02	1.000000e-05	1.000000e+05	6.056028e-01	2.691701e-01	2.870480e-01
7	7_167655	167655	2	G	A	0.364	-1.209231e+02	1.036322e+02	-1.788701e+02	1.000000e-05	1.000000e+05	2.557641e-01	2.012652e-01	2.221064e-01
7	7_167687	167687	1	A	C	0.130	-1.181322e+02	1.470420e+02	-1.792032e+02	1.000000e-05	1.000000e+05	4.303440e-01	3.253919e-01	3.408330e-01
7	7_226969	226969	0	G	A	0.333	-5.622816e+01	1.036483e+02	-1.796670e+02	1.000000e-05	1.000000e+05	5.929346e-01	8.426054e-01	8.444919e-01
7	7_230511	230511	0	A	G	0.333	-5.622816e+01	1.036483e+02	-1.796670e+02	1.000000e-05	1.000000e+05	5.929346e-01	8.426054e-01	8.444919e-01
7	7_347542	347542	0	C	T	0.292	-3.721158e+01	1.079213e+02	-1.794816e+02	1.000000e-05	1.000000e+05	7.335170e-01	5.218119e-01	5.301697e-01
7	7_453828	453828	2	T	C	0.182	-8.921694e+01	1.318260e+02	-1.793548e+02	1.000000e-05	1.000000e+05	5.056013e-01	4.152089e-01	4.270882e-01
7	7_479542	479542	1	A	G	0.130	2.018486e+00	1.491824e+02	-1.791059e+02	1.000000e-05	1.000000e+05	9.893266e-01	2.811275e-01	2.984791e-01
7	7_508893	508893	0	G	C	0.333	-5.622816e+01	1.036483e+02	-1.796670e+02	1.000000e-05	1.000000e+05	5.929346e-01	8.426054e-01	8.444919e-01
7	7_672119	672119	0	G	A	0.292	-2.041325e+01	1.081213e+02	-1.793534e+02	1.000000e-05	1.000000e+05	8.519807e-01	4.142080e-01	4.261242e-01
7	7_752860	752860	2	A	T	0.273	-1.511065e+01	1.153021e+02	-1.793406e+02	1.000000e-05	1.000000e+05	8.969247e-01	4.053727e-01	4.176170e-01
7	7_752861	752861	0	A	T	0.125	2.132193e+01	1.486497e+02	-1.796768e+02	1.000000e-05	1.000000e+05	8.872505e-01	8.879025e-01	8.892080e-01
7	7_813688	813688	1	C	T	0.348	-6.516953e+01	1.045732e+02	-1.795792e+02	1.000000e-05	1.000000e+05	5.395638e-01	6.428106e-01	6.480983e-01
7	7_819348	819348	0	A	C	0.333	-5.622816e+01	1.036483e+02	-1.796670e+02	1.000000e-05	1.000000e+05	5.929346e-01	8.426054e-01	8.444919e-01
7	7_831960	831960	0	T	G	0.250	-1.921406e+01	1.135153e+02	-1.796504e+02	1.000000e-05	1.000000e+05	8.671356e-01	7.875668e-01	7.902328e-01
7	7_908360	908360	3	C	A	0.143	3.699368e+01	1.500529e+02	-1.794998e+02	1.000000e-05	1.000000e+05	8.075520e-01	5.409428e-01	5.487523e-01
7	7_911043	911043	0	C	T	0.333	-5.622816e+01	1.036483e+02	-1.796670e+02	1.000000e-05	1.000000e+05	5.929346e-01	8.426054e-01	8.444919e-01
7	7_1008288	1008288	0	G	A	0.333	-5.622816e+01	1.036483e+02	-1.796670e+02	1.000000e-05	1.000000e+05	5.929346e-01	8.426054e-01	8.444919e-01
7	7_1024334	1024334	0	G	A	0.333	-5.622816e+01	1.036483e+02	-1.796670e+02	1.000000e-05	1.000000e+05	5.929346e-01	8.426054e-01	8.444919e-01
7	7_1024356	1024356	0	T	C	0.333	-5.622816e+01	1.036483e+02	-1.796670e+02	1.000000e-05	1.000000e+05	5.929346e-01	8.426054e-01	8.444919e-01
7	7_1171945	1171945	0	A	G	0.083	1.315276e+02	1.757336e+02	-1.794778e+02	1.000000e-05	1.000000e+05	4.621166e-01	5.180097e-01	5.264795e-01
7	7_1191543	1191543	0	C	T	0.333	-5.622816e+01	1.036483e+02	-1.796670e+02	1.000000e-05	1.000000e+05	5.929346e-01	8.426054e-01	8.444919e-01
7	7_1192832	1192832	0	T	C	0.083	1.315276e+02	1.757336e+02	-1.794778e+02	1.000000e-05	1.000000e+05	4.621166e-01	5.180097e-01	5.264795e-01
7	7_1193976	1193976	0	C	T	0.333	-5.622816e+01	1.036483e+02	-1.796670e+02	1.000000e-05	1.000000e+05	5.929346e-01	8.426054e-01	8.444919e-01
7	7_1196178	1196178	0	C	T	0.583	4.499530e+01	9.930147e+01	-1.791540e+02	1.000000e-05	1.000000e+05	6.549010e-01	3.019585e-01	3.184020e-01
7	7_1205599	1205599	3	G	T	0.381	-1.167518e+02	1.053741e+02	-1.789026e+02	1.000000e-05	1.000000e+05	2.798398e-01	2.104557e-01	2.309071e-01
7	7_1205600	1205600	2	G	A	0.364	-1.071263e+02	1.043200e+02	-1.790448e+02	1.000000e-05	1.000000e+05	3.156260e-01	2.571739e-01	2.755814e-01
7	7_1205735	1205735	2	T	A	0.364	4.973442e+01	1.062634e+02	-1.790362e+02	1.000000e-05	1.000000e+05	6.443670e-01	2.540084e-01	2.725558e-01
7	7_1227094	1227094	0	A	G	0.333	-5.622816e+01	1.036483e+02	-1.796670e+02	1.000000e-05	1.000000e+05	5.929346e-01	8.426054e-01	8.444919e-01
7	7_1240469	1240469	0	C	T	0.083	1.315276e+02	1.757336e+02	-1.794778e+02	1.000000e-05	1.000000e+05	4.621166e-01	5.180097e-01	5.264795e-01
7	7_1263585	1263585	0	T	C	0.292	1.258149e+01	1.081759e+02	-1.796298e+02	1.000000e-05	1.000000e+05	9.084654e-01	7.357471e-01	7.392434e-01
7	7_1263610	1263610	0	G	A	0.375	4.056712e+01	1.012258e+02	-1.792167e+02	1.000000e-05	1.000000e+05	6.924633e-01	3.322564e-01	3.474086e-01
7	7_1266484	1266484	1	A	T	0.435	1.650533e+02	9.504556e+01	-1.787496e+02	1.000000e-05	1.000000e+05	9.644738e-02	1.709794e-01	1.930397e-01
7	7_1276916	1276916	0	A	G	0.208	-3.993066e+01	1.208090e+02	-1.796204e+02	1.000000e-05	1.000000e+05	7.441287e-01	7.157228e-01	7.195696e-01
7	7_1276919	1276919	0	G	A	0.167	-1.332431e+02	1.288815e+02	-1.788588e+02	1.000000e-05	1.000000e+05	3.124416e-01	1.981728e-01	2.191435e-01
7	7_1341024	1341024	0	A	C	0.333	3.258297e+01	1.041039e+02	-1.794231e+02	1.000000e-05	1.000000e+05	7.572397e-01	4.677247e-01	4.777694e-01
8	8_144493	144493	0	A	G	0.333	-5.622816e+01	1.036483e+02	-1.796670e+02	1.000000e-05	1.000000e+05	5.929346e-01	8.426054e-01	8.444919e-01
8	8_174475	174475	0	G	T	0.333	-5.622816e+01	1.036483e+02	-1.796670e+02	1.000000e-05	1.000000e+05	5.929346e-01	8.426054e-01	8.444919e-01
8	8_208859	208859	0	G	A	0.208	7.303231e+00	1.211014e+02	-1.796826e+02	1.000000e-05	1.000000e+05	9.524558e-01	9.273373e-01	9.281688e-01
8	8_294928	294928	0	T	A	0.333	-5.622816e+01	1.036483e+02	-1.796670e+02	1.000000e-05	1.000000e+05	5.929346e-01	8.426054e-01	8.444919e-01
8	8_553155	553155	0	T	C	0.083	1.315276e+02	1.757336e+02	-1.794778e+02	1.000000e-05	1.000000e+05	4.621166e-01	5.180097e-01	5.264795e-01
8	8_725537	725537	0	A	C	0.333	-5.622816e+01	1.036483e+02	-1.796670e+02	1.000000e-05	1.000000e+05	5.929346e-01	8.426054e-01	8.444919e-01
8	8_817562	817562	3	T	C	0.095	8.765107e+01	1.781444e+02	-1.793939e+02	1.000000e-05	1.000000e+05	6.275773e-01	4.441255e-01	4.549707e-01
8	8_817567	817567	3	C	T	0.095	8.765107e+01	1.781444e+02	-1.793939e+02	1.000000e-05	1.000000e+05	6.275773e-01	4.441255e-01	4.549707e-01
8	8_817674	817674	3	A	G	0.143	1.001078e+01	1.502449e+02	-1.796639e+02	1.000000e-05	1.000000e+05	9.474783e-01	8.306913e-01	8.327389e-01
8	8_818838	818838	3	G	A	0.429	-4.086143e+01	1.058922e+02	-1.796157e+02	1.000000e-05	1.000000e+05	7.032935e-01	7.062340e-01	7.102533e-01
8	8_847517	847517	0	A	G	0.167	-1.209034e+02	1.294332e+02	-1.796774e+02	1.000000e-05	1.000000e+05	3.603930e-01	8.916013e-01	8.928612e-01
8	8_874822	874822	1	G	A	0.087	-1.045862e+02	1.769083e+02	-1.795443e+02	1.000000e-05	1.000000e+05	5.604196e-01	5.934851e-01	5.999135e-01
8	8_874895	874895	3	T	C	0.143	-1.007985e+02	1.487153e+02	-1.793649e+02	1.000000e-05	1.000000e+05	5.049682e-01	4.223631e-01	4.339812e-01
8	8_874992	874992	0	C	T	0.083	-1.258587e+02	1.759206e+02	-1.793156e+02	1.000000e-05	1.000000e+05	4.818685e-01	3.889471e-01	4.018154e-01
8	8_1083181	1083181	0	T	C	0.333	-5.622816e+01	1.036483e+02	-1.796670e+02	1.000000e-05	1.000000e+05	5.929346e-01	8.426054e-01	8.444919e-01
8	8_1161462	1161462	0	C	T	0.625	2.449412e+00	1.015963e+02	-1.786925e+02	1.000000e-05	1.000000e+05	9.809828e-01	1.585089e-01	1.810275e-01
8	8_1252135	1252135	1	T	C	0.435	7.322219e+01	1.001405e+02	-1.794378e+02	1.000000e-05	1.000000e+05	4.723773e-01	4.804355e-01	4.900654e-01
8	8_1256218	1256218	0	G	A	0.333	-5.622816e+01	1.036483e+02	-1.796670e+02	1.000000e-05	1.000000e+05	5.929346e-01	8.426054e-01	8.444919e-01
8	8_1326133	1326133	0	A	G	0.208	3.671315e+01	1.208553e+02	-1.795846e+02	1.000000e-05	1.000000e+05	7.641517e-01	6.513200e-01	6.564252e-01
8	8_1326140	1326140	0	G	A	0.167	7.820804e+01	1.309175e+02	-1.794034e+02	1.000000e-05	1.000000e+05	5.563502e-01	4.515869e-01	4.621748e-01
8	8_1383765	1383765	0	A	G	0.417	3.906573e+01	9.941541e+01	-1.796787e+02	1.000000e-05	1.000000e+05	6.981349e-01	8.991808e-01	9.003482e-01
9	9_5213	5213	3	G	C	0.238	3.089245e+02	1.331340e+02	-1.756622e+02	1.618369e+00	1.000000e+05	2.998459e-02	4.552798e-03	1.581001e-02
9	9_6619	6619	1	C	T	0.304	1.430655e+02	1.048441e+02	-1.770741e+02	1.000000e-05	1.000000e+05	1.861892e-01	2.226203e-02	4.134253e-02
9	9_7470	7470	0	A	G	0.292	-7.666471e+01	1.069676e+02	-1.795741e+02	1.000000e-05	1.000000e+05	4.810935e-01	6.350308e-01	6.404889e-01
9	9_7729	7729	1	C	T	0.435	3.902965e+01	1.010077e+02	-1.789313e+02	1.000000e-05	1.000000e+05	7.029104e-01	2.190208e-01	2.391036e-01
9	9_8171	8171	2	G	A	0.364	5.650568e+01	1.061101e+02	-1.794513e+02	1.000000e-05	1.000000e+05	5.997043e-01	4.925791e-01	5.018233e-01
9	9_10033	10033	1	C	T	0.174	-1.302950e+02	1.296094e+02	-1.789807e+02	1.000000e-05	1.000000e+05	3.256870e-01	2.347088e-01	2.541070e-01
9	9_49163	49163	0	A	G	0.250	-1.921406e+01	1.135153e+02	-1.796504e+02	1.000000e-05	1.000000e+05	8.671356e-01	7.875668e-01	7.902328e-01
9	9_220237	220237	2	A	G	0.091	-1.376660e+02	1.762683e+02	-1.796081e+02	1.000000e-05	1.000000e+05	4.431244e-01	6.917749e-01	6.960653e-01
9	9_220963	220963	1	C	T	0.174	-1.453774e+02	1.288779e+02	-1.789169e+02	1.000000e-05	1.000000e+05	2.714616e-01	2.146827e-01	2.349527e-01
9	9_272607	272607	0	A	G	0.333	-5.622816e+01	1.036483e+02	-1.796670e+02	1.000000e-05	1.000000e+05	5.929346e-01	8.426054e-01	8.444919e-01
9	9_338278	338278	1	A	G	0.348	-6.516953e+01	1.045732e+02	-1.795792e+02	1.000000e-05	1.000000e+05	5.395638e-01	6.428106e-01	6.480983e-01
9	9_491535	491535	0	A	G	0.333	-5.622816e+01	1.036483e+02	-1.796670e+02	1.000000e-05	1.000000e+05	5.929346e-01	8.426054e-01	8.444919e-01
9	9_534468	534468	0	C	T	0.333	-5.622816e+01	1.036483e+02	-1.796670e+02	1.000000e-05	1.000000e+05	5.929346e-01	8.426054e-01	8.444919e-01
9	9_705343	705343	1	G	A	0.261	9.426703e+01	1.126393e+02	-1.788789e+02	1.000000e-05	1.000000e+05	4.116518e-01	2.037115e-01	2.244496e-01
9	9_705571	705571	0	T	C	0.500	4.655614e+01	9.786631e+01	-1.794936e+02	1.000000e-05	1.000000e+05	6.389695e-01	5.342215e-01	5.422209e-01
9	9_706175	706175	2	G	A	0.318	-1.203950e+02	1.072647e+02	-1.791745e+02	1.000000e-05	1.000000e+05	2.737889e-01	3.114850e-01	3.275182e-01
9	9_741562	741562	0	T	C	0.250	-1.921406e+01	1.135153e+02	-1.796504e+02	1.000000e-05	1.000000e+05	8.671356e-01	7.875668e-01	7.902328e-01
9	9_942229	942229	0	A	G	0.292	-3.721158e+01	1.079213e+02	-1.794816e+02	1.000000e-05	1.000000e+05	7.335170e-01	5.218119e-01	5.301697e-01
9	9_981209	981209	0	G	A	0.083	1.315276e+02	1.757336e+02	-1.794778e+02	1.000000e-05	1.000000e+05	4.621166e-01	5.180097e-01	5.264795e-01
9	9_1115286	1115286	0	G	A	0.500	4.631053e+01	9.787157e+01	-1.796867e+02	1.000000e-05	1.000000e+05	6.407485e-01	9.902995e-01	9.904091e-01
10	10_13558	13558	0	C	T	0.333	-5.622816e+01	1.036483e+02	-1.796670e+02	1.000000e-05	1.000000e+05	5.929346e-01	8.426054e-01	8.444919e-01
10	10_15220	15220	1	T	A	0.130	-8.667676e+01	1.480340e+02	-1.795060e+02	1.000000e-05	1.000000e+05	5.641573e-01	5.477078e-01	5.553294e-01
10	10_15251	15251	2	G	A	0.091	-6.475137e+01	1.781610e+02	-1.795171e+02	1.000000e-05	1.000000e+05	7.197430e-01	5.602593e-01	5.675402e-01
10	10_15279	15279	1	A	G	0.261	-2.413725e+01	1.143023e+02	-1.796816e+02	1.000000e-05	1.000000e+05	8.346983e-01	9.191412e-01	9.200693e-01
10	10_15288	15288	2	C	T	0.227	-1.077593e+02	1.204116e+02	-1.794451e+02	1.000000e-05	1.000000e+05	3.805144e-01	4.869493e-01	4.963710e-01
10	10_15302	15302	2	T	C	0.318	-3.537114e+01	1.100348e+02	-1.794356e+02	1.000000e-05	1.000000e+05	7.509004e-01	4.784779e-01	4.881710e-01
10	10_15428	15428	1	C	G	0.130	-8.667733e+01	1.480340e+02	-1.791728e+02	1.000000e-05	1.000000e+05	5.641546e-01	3.106396e-01	3.267091e-01
10	10_15438	15438	0	G	A	0.125	-8.040624e+01	1.477276e+02	-1.793400e+02	1.000000e-05	1.000000e+05	5.917185e-01	4.050249e-01	4.172822e-01
10	10_15441	15441	1	A	G	0.130	-8.667733e+01	1.480340e+02	-1.791728e+02	1.000000e-05	1.000000e+05	5.641546e-01	3.106396e-01	3.267091e-01
10	10_15449	15449	1	C	T	0.087	-5.789893e+01	1.778801e+02	-1.795093e+02	1.000000e-05	1.000000e+05	7.478826e-01	5.513279e-01	5.588502e-01
10	10_15455	15455	0	C	T	0.083	-5.219793e+01	1.776069e+02	-1.795868e+02	1.000000e-05	1.000000e+05	7.715923e-01	6.548628e-01	6.598932e-01
10	10_15458	15458	0	G	A	0.083	-5.219793e+01	1.776069e+02	-1.795868e+02	1.000000e-05	1.000000e+05	7.715923e-01	6.548628e-01	6.598932e-01
10	10_15461	15461	0	T	C	0.083	-5.219793e+01	1.776069e+02	-1.795868e+02	1.000000e-05	1.000000e+05	7.715923e-01	6.548628e-01	6.598932e-01
10	10_15463	15463	0	A	T	0.083	-5.219793e+01	1.776069e+02	-1.795868e+02	1.000000e-05	1.000000e+05	7.715923e-01	6.548628e-01	6.598932e-01
10	10_15473	15473	0	C	T	0.083	-5.219793e+01	1.776069e+02	-1.795868e+02	1.000000e-05	1.000000e+05	7.715923e-01	6.548628e-01	6.598932e-01
10	10_17879	17879	0	T	C	0.333	7.700395e+01	1.030358e+02	-1.785784e+02	1.000000e-05	1.000000e+05	4.627654e-01	1.365323e-01	1.597615e-01
10	10_17897	17897	0	A	G	0.333	7.700395e+01	1.030358e+02	-1.785784e+02	1.000000e-05	1.000000e+05	4.627654e-01	1.365323e-01	1.597615e-01
10	10_18092	18092	1	A	G	0.522	-1.053804e+02	9.803781e+01	-1.796727e+02	1.000000e-05	1.000000e+05	2.940694e-01	8.668907e-01	8.684600e-01
10	10_18647	18647	3	C	T	0.381	-1.140157e+02	1.055116e+02	-1.788631e+02	1.000000e-05	1.000000e+05	2.915799e-01	1.993445e-01	2.202663e-01
10	10_18785	18785	0	G	A	0.375	-1.575455e+02	9.588335e+01	-1.784076e+02	1.000000e-05	1.000000e+05	1.145805e-01	1.097151e-01	1.335550e-01
10	10_18869	18869	0	A	G	0.500	1.267905e+02	9.458315e+01	-1.793523e+02	1.000000e-05	1.000000e+05	1.937566e-01	4.134210e-01	4.253661e-01
10	10_18908	18908	0	G	A	0.292	-6.826164e+00	1.082000e+02	-1.796336e+02	1.000000e-05	1.000000e+05	9.502658e-01	7.443806e-01	7.477311e-01
10	10_18915	18915	0	T	C	0.292	-6.826164e+00	1.082000e+02	-1.796336e+02	1.000000e-05	1.000000e+05	9.502658e-01	7.443806e-01	7.477311e-01
10	10_18933	18933	0	A	G	0.292	1.270702e+01	1.081758e+02	-1.796428e+02	1.000000e-05	1.000000e+05	9.075563e-01	7.668470e-01	7.698325e-01
10	10_18941	18941	2	T	C	0.318	6.194682e+01	1.095004e+02	-1.796362e+02	1.000000e-05	1.000000e+05	5.773076e-01	7.505413e-01	7.537897e-01
10	10_18943	18943	1	G	A	0.348	1.869487e+02	9.766976e+01	-1.777751e+02	1.000000e-05	1.000000e+05	6.870587e-02	5.054829e-02	7.342311e-02
10	10_18983	18983	2	C	T	0.227	-1.605217e+00	1.225861e+02	-1.796734e+02	1.000000e-05	1.000000e+05	9.896703e-01	8.704469e-01	8.719709e-01
10	10_19002	19002	0	C	T	0.583	8.947786e+01	9.792558e+01	-1.796578e+02	1.000000e-05	1.000000e+05	3.707630e-01	8.098242e-01	8.121637e-01
10	10_19004	19004	0	A	G	0.583	8.947786e+01	9.792558e+01	-1.796578e+02	1.000000e-05	1.000000e+05	3.707630e-01	8.098242e-01	8.121637e-01
10	10_19008	19008	0	T	C	0.292	-3.721121e+01	1.079210e+02	-1.796281e+02	1.000000e-05	1.000000e+05	7.335188e-01	7.321262e-01	7.356846e-01
10	10_19015	19015	0	G	A	0.583	8.947786e+01	9.792558e+01	-1.796578e+02	1.000000e-05	1.000000e+05	3.707630e-01	8.098242e-01	8.121637e-01
10	10_19031	19031	0	A	G	0.625	7.228109e+01	1.004220e+02	-1.796792e+02	1.000000e-05	1.000000e+05	4.792419e-01	9.026534e-01	9.037787e-01
10	10_19062	19062	1	A	G	0.304	-4.510071e+01	1.087702e+02	-1.796532e+02	1.000000e-05	1.000000e+05	6.824193e-01	7.956461e-01	7.981917e-01
10	10_19067	19067	1	T	A	0.565	2.820762e+01	1.011739e+02	-1.794847e+02	1.000000e-05	1.000000e+05	7.829998e-01	5.249777e-01	5.332431e-01
10	10_19151	19151	1	G	A	0.261	2.188287e+00	1.144201e+02	-1.796852e+02	1.000000e-05	1.000000e+05	9.849138e-01	9.564157e-01	9.569103e-01
10	10_318276	318276	0	G	A	0.333	-8.430157e+01	1.027760e+02	-1.796042e+02	1.000000e-05	1.000000e+05	4.208749e-01	6.845600e-01	6.889895e-01
10	10_381155	381155	0	G	A	0.292	-3.721158e+01	1.079213e+02	-1.794816e+02	1.000000e-05	1.000000e+05	7.335170e-01	5.218119e-01	5.301697e-01
10	10_387430	387430	1	A	G	0.565	3.151971e+01	1.011297e+02	-1.794584e+02	1.000000e-05	1.000000e+05	7.582211e-01	4.991614e-01	5.082009e-01
10	10_474627	474627	0	A	G	0.333	-5.622816e+01	1.036483e+02	-1.796670e+02	1.000000e-05	1.000000e+05	5.929346e-01	8.426054e-01	8.444919e-01
10	10_583208	583208	1	A	G	0.348	-3.960282e+01	1.051510e+02	-1.787860e+02	1.000000e-05	1.000000e+05	7.100581e-01	1.795257e-01	2.012549e-01
10	10_584652	584652	0	G	T	0.333	-2.948925e+01	1.041461e+02	-1.789979e+02	1.000000e-05	1.000000e+05	7.797070e-01	2.404938e-01	2.596376e-01
10	10_612064	612064	0	A	G	0.208	7.303231e+00	1.211014e+02	-1.796826e+02	1.000000e-05	1.000000e+05	9.524558e-01	9.273373e-01	9.281688e-01
10	10_724149	724149	0	G	A	0.208	1.354796e+02	1.176137e+02	-1.792095e+02	1.000000e-05	1.000000e+05	2.617254e-01	3.285972e-01	3.439032e-01
10	10_724150	724150	0	A	G	0.208	1.354796e+02	1.176137e+02	-1.792095e+02	1.000000e-05	1.000000e+05	2.617254e-01	3.285972e-01	3.439032e-01
10	10_969715	969715	0	T	C	0.292	-3.721158e+01	1.079213e+02	-1.794816e+02	1.000000e-05	1.000000e+05	7.335170e-01	5.218119e-01	5.301697e-01
10	10_989095	989095	0	G	A	0.333	-5.622816e+01	1.036483e+02	-1.796670e+02	1.000000e-05	1.000000e+05	5.929346e-01	8.426054e-01	8.444919e-01
11	11_9749	9749	1	A	G	0.174	-2.670273e+00	1.325516e+02	-1.796762e+02	1.000000e-05	1.000000e+05	9.841092e-01	8.845339e-01	8.858811e-01
11	11_10019	10019	1	G	C	0.304	1.156833e+02	1.063691e+02	-1.793254e+02	1.000000e-05	1.000000e+05	2.885592e-01	3.952837e-01	4.079091e-01
11	11_10896	10896	0	C	G	0.125	-1.317311e+02	1.460434e+02	-1.787040e+02	1.000000e-05	1.000000e+05	3.768269e-01	1.609390e-01	1.833709e-01
11	11_10931	10931	0	T	A	0.167	-1.357462e+02	1.287627e+02	-1.793293e+02	1.000000e-05	1.000000e+05	3.032161e-01	3.978682e-01	4.103953e-01
11	11_10934	10934	0	G	T	0.208	-1.434586e+02	1.171828e+02	-1.791999e+02	1.000000e-05	1.000000e+05	2.338146e-01	3.237855e-01	3.392945e-01
11	11_104630	104630	0	A	G	0.125	2.745917e+01	1.486041e+02	-1.796597e+02	1.000000e-05	1.000000e+05	8.550939e-01	8.162834e-01	8.185311e-01
11	11_104688	104688	1	G	A	0.130	-1.181322e+02	1.470421e+02	-1.790054e+02	1.000000e-05	1.000000e+05	4.303443e-01	2.430913e-01	2.621207e-01
11	11_152800	152800	0	C	T	0.333	-5.622816e+01	1.036483e+02	-1.796670e+02	1.000000e-05	1.000000e+05	5.929346e-01	8.426054e-01	8.444919e-01
11	11_153063	153063	0	A	G	0.333	-5.622816e+01	1.036483e+02	-1.796670e+02	1.000000e-05	1.000000e+05	5.929346e-01	8.426054e-01	8.444919e-01
11	11_159356	159356	0	A	C	0.208	7.303231e+00	1.211014e+02	-1.796826e+02	1.000000e-05	1.000000e+05	9.524558e-01	9.273373e-01	9.281688e-01
11	11_165295	165295	0	A	G	0.625	7.382360e+01	1.003712e+02	-1.795194e+02	1.000000e-05	1.000000e+05	4.698006e-01	5.629603e-01	5.701693e-01
11	11_236388	236388	0	A	G	0.333	-5.622816e+01	1.036483e+02	-1.796670e+02	1.000000e-05	1.000000e+05	5.929346e-01	8.426054e-01	8.444919e-01
11	11_384025	384025	0	T	C	0.167	2.917829e+02	1.163938e+02	-1.763021e+02	1.000000e-05	1.000000e+05	2.006417e-02	9.274164e-03	2.378098e-02
11	11_393213	393213	0	G	A	0.333	-5.622816e+01	1.036483e+02	-1.796670e+02	1.000000e-05	1.000000e+05	5.929346e-01	8.426054e-01	8.444919e-01
11	11_433361	433361	0	G	A	0.333	-5.622816e+01	1.036483e+02	-1.796670e+02	1.000000e-05	1.000000e+05	5.929346e-01	8.426054e-01	8.444919e-01
11	11_547884	547884	0	T	C	0.583	2.194140e+01	9.965678e+01	-1.793472e+02	1.000000e-05	1.000000e+05	8.277693e-01	4.099324e-01	4.220067e-01
11	11_548586	548586	0	C	T	0.333	-5.622816e+01	1.036483e+02	-1.796670e+02	1.000000e-05	1.000000e+05	5.929346e-01	8.426054e-01	8.444919e-01
11	11_621705	621705	0	A	C	0.333	-5.622816e+01	1.036483e+02	-1.796670e+02	1.000000e-05	1.000000e+05	5.929346e-01	8.426054e-01	8.444919e-01
11	11_674162	674162	0	C	A	0.333	-5.622816e+01	1.036483e+02	-1.796670e+02	1.000000e-05	1.000000e+05	5.929346e-01	8.426054e-01	8.444919e-01
11	11_804706	804706	2	A	G	0.364	-9.907583e+01	1.046811e+02	-1.791277e+02	1.000000e-05	1.000000e+05	3.541975e-01	2.903374e-01	3.072859e-01
11	11_804710	804710	6	C	T	0.333	-8.049872e+01	1.192478e+02	-1.795219e+02	1.000000e-05	1.000000e+05	5.066746e-01	5.659135e-01	5.730443e-01
11	11_804742	804742	1	G	A	0.304	-5.238061e+01	1.086185e+02	-1.796708e+02	1.000000e-05	1.000000e+05	6.343958e-01	8.584744e-01	8.601520e-01
11	11_804763	804763	2	C	T	0.182	-1.591054e+01	1.331481e+02	-1.796319e+02	1.000000e-05	1.000000e+05	9.059677e-01	7.404427e-01	7.438593e-01
11	11_966513	966513	1	T	A	0.087	-8.470216e+01	1.773912e+02	-1.795154e+02	1.000000e-05	1.000000e+05	6.377245e-01	5.582918e-01	5.656255e-01
11	11_966516	966516	0	C	T	0.083	-9.870068e+01	1.767068e+02	-1.794591e+02	1.000000e-05	1.000000e+05	5.821056e-01	4.998274e-01	5.088463e-01
11	11_966519	966519	0	C	T	0.083	-9.870068e+01	1.767068e+02	-1.794591e+02	1.000000e-05	1.000000e+05	5.821056e-01	4.998274e-01	5.088463e-01
11	11_966569	966569	1	C	G	0.087	-8.470216e+01	1.773912e+02	-1.795154e+02	1.000000e-05	1.000000e+05	6.377245e-01	5.582918e-01	5.656255e-01
11	11_966644	966644	2	C	A	0.182	-2.298843e+01	1.331012e+02	-1.796854e+02	1.000000e-05	1.000000e+05	8.644554e-01	9.584114e-01	9.588832e-01
11	11_966669	966669	2	C	T	0.364	-1.136579e+02	1.040050e+02	-1.795071e+02	1.000000e-05	1.000000e+05	2.862990e-01	5.489028e-01	5.564915e-01
11	11_966684	966684	2	C	T	0.500	-7.475039e+01	1.014989e+02	-1.796758e+02	1.000000e-05	1.000000e+05	4.692289e-01	8.826349e-01	8.840057e-01
11	11_966699	966699	1	T	C	0.304	-8.571872e+01	1.076505e+02	-1.796805e+02	1.000000e-05	1.000000e+05	4.343848e-01	9.108170e-01	9.118442e-01
11	11_966700	966700	1	G	A	0.304	-8.571872e+01	1.076505e+02	-1.796805e+02	1.000000e-05	1.000000e+05	4.343848e-01	9.108170e-01	9.118442e-01
11	11_966735	966735	1	A	C	0.174	-1.280381e+02	1.297117e+02	-1.795951e+02	1.000000e-05	1.000000e+05	3.343276e-01	6.686413e-01	6.733871e-01
11	11_966738	966738	2	T	A	0.227	-1.577003e+02	1.178828e+02	-1.793219e+02	1.000000e-05	1.000000e+05	1.946365e-01	3.930229e-01	4.057347e-01
11	11_966756	966756	0	A	G	0.167	-1.358405e+02	1.287581e+02	-1.796059e+02	1.000000e-05	1.000000e+05	3.028719e-01	6.876758e-01	6.920449e-01
11	11_966757	966757	0	T	C	0.167	-1.358405e+02	1.287581e+02	-1.796059e+02	1.000000e-05	1.000000e+05	3.028719e-01	6.876758e-01	6.920449e-01
11	11_966771	966771	0	T	C	0.208	-1.435383e+02	1.171784e+02	-1.793063e+02	1.000000e-05	1.000000e+05	2.335463e-01	3.830733e-01	3.961691e-01
11	11_1272894	1272894	0	A	G	0.250	-1.921406e+01	1.135153e+02	-1.796504e+02	1.000000e-05	1.000000e+05	8.671356e-01	7.875668e-01	7.902328e-01
11	11_1301130	1301130	0	T	C	0.083	1.315276e+02	1.757336e+02	-1.794778e+02	1.000000e-05	1.000000e+05	4.621166e-01	5.180097e-01	5.264795e-01
11	11_1314578	1314578	0	G	C	0.333	-5.622816e+01	1.036483e+02	-1.796670e+02	1.000000e-05	1.000000e+05	5.929346e-01	8.426054e-01	8.444919e-01
11	11_1478119	1478119	0	A	G	0.417	-1.352820e+02	9.550383e+01	-1.792093e+02	1.000000e-05	1.000000e+05	1.706314e-01	3.285088e-01	3.438185e-01
11	11_1501898	1501898	0	G	T	0.250	-1.921406e+01	1.135153e+02	-1.796504e+02	1.000000e-05	1.000000e+05	8.671356e-01	7.875668e-01	7.902328e-01
11	11_1538971	1538971	0	T	C	0.292	-3.721158e+01	1.079213e+02	-1.794816e+02	1.000000e-05	1.000000e+05	7.335170e-01	5.218119e-01	5.301697e-01
12	12_11092	11092	0	A	G	0.458	2.844731e+01	9.852708e+01	-1.796291e+02	1.000000e-05	1.000000e+05	7.754943e-01	7.343233e-01	7.378439e-01
12	12_11094	11094	0	A	G	0.333	8.734211e+01	1.026615e+02	-1.790336e+02	1.000000e-05	1.000000e+05	4.040580e-01	2.530763e-01	2.716649e-01
12	12_11122	11122	0	C	G	0.458	7.957135e+01	9.724488e+01	-1.793847e+02	1.000000e-05	1.000000e+05	4.219850e-01	4.370287e-01	4.481223e-01
12	12_11170	11170	0	T	C	0.417	9.251879e+01	9.779593e+01	-1.792767e+02	1.000000e-05	1.000000e+05	3.544043e-01	3.651715e-01	3.789741e-01
12	12_11223	11223	0	G	C	0.208	-3.789185e+01	1.208396e+02	-1.793637e+02	1.000000e-05	1.000000e+05	7.568002e-01	4.215490e-01	4.331966e-01
12	12_11400	11400	0	A	C	0.292	-7.678679e+01	1.069645e+02	-1.784002e+02	1.000000e-05	1.000000e+05	4.803907e-01	1.086936e-01	1.325490e-01
12	12_11406	11406	0	A	G	0.292	-7.678679e+01	1.069645e+02	-1.784002e+02	1.000000e-05	1.000000e+05	4.803907e-01	1.086936e-01	1.325490e-01
12	12_11407	11407	0	C	A	0.292	-7.678679e+01	1.069645e+02	-1.784002e+02	1.000000e-05	1.000000e+05	4.803907e-01	1.086936e-01	1.325490e-01
12	12_11410	11410	0	C	T	0.292	-7.678679e+01	1.069645e+02	-1.784002e+02	1.000000e-05	1.000000e+05	4.803907e-01	1.086936e-01	1.325490e-01
12	12_11413	11413	1	T	G	0.304	-2.527678e+01	1.090589e+02	-1.793447e+02	1.000000e-05	1.000000e+05	8.188575e-01	4.081903e-01	4.203293e-01
12	12_13625	13625	0	G	A	0.625	7.382360e+01	1.003712e+02	-1.795194e+02	1.000000e-05	1.000000e+05	4.698006e-01	5.629603e-01	5.701693e-01
12	12_13643	13643	0	G	A	0.625	7.382360e+01	1.003712e+02	-1.795194e+02	1.000000e-05	1.000000e+05	4.698006e-01	5.629603e-01	5.701693e-01
12	12_13645	13645	0	A	G	0.625	7.382360e+01	1.003712e+02	-1.795194e+02	1.000000e-05	1.000000e+05	4.698006e-01	5.629603e-01	5.701693e-01
12	12_13857	13857	1	A	G	0.174	2.817300e+01	1.324173e+02	-1.796855e+02	1.000000e-05	1.000000e+05	8.334739e-01	9.602397e-01	9.606906e-01
12	12_13936	13936	0	C	T	0.208	6.301047e+01	1.203617e+02	-1.796857e+02	1.000000e-05	1.000000e+05	6.058536e-01	9.631541e-01	9.635717e-01
12	12_13979	13979	3	T	C	0.238	1.039599e+02	1.214459e+02	-1.795160e+02	1.000000e-05	1.000000e+05	4.012151e-01	5.590314e-01	5.663452e-01
12	12_14009	14009	1	C	T	0.348	1.585544e+02	1.000079e+02	-1.779101e+02	1.643474e-03	1.000000e+05	1.271417e-01	5.942998e-02	8.281319e-02
12	12_14035	14035	1	C	T	0.435	1.033794e+02	9.892440e+01	-1.792487e+02	1.000000e-05	1.000000e+05	3.073543e-01	3.492992e-01	3.637449e-01
12	12_14096	14096	2	C	T	0.318	-2.531630e+00	1.102917e+02	-1.794383e+02	1.000000e-05	1.000000e+05	9.818939e-01	4.808923e-01	4.905075e-01
12	12_14104	14104	2	C	T	0.318	-3.108841e+00	1.102912e+02	-1.793141e+02	1.000000e-05	1.000000e+05	9.777667e-01	3.880080e-01	4.009125e-01
12	12_14114	14114	3	T	C	0.286	-7.666093e+01	1.152377e+02	-1.796861e+02	1.000000e-05	1.000000e+05	5.128105e-01	9.717188e-01	9.720389e-01
12	12_14125	14125	1	A	G	0.174	-1.882128e+01	1.324923e+02	-1.796852e+02	1.000000e-05	1.000000e+05	8.883289e-01	9.553033e-01	9.558107e-01
12	12_14197	14197	0	G	A	0.083	-1.248826e+02	1.759522e+02	-1.794439e+02	1.000000e-05	1.000000e+05	4.853126e-01	4.858307e-01	4.952879e-01
12	12_14202	14202	0	A	G	0.083	-1.248826e+02	1.759522e+02	-1.794439e+02	1.000000e-05	1.000000e+05	4.853126e-01	4.858307e-01	4.952879e-01
12	12_14301	14301	2	G	A	0.500	-1.301754e+01	1.027050e+02	-1.796824e+02	1.000000e-05	1.000000e+05	9.002920e-01	9.259350e-01	9.267829e-01
12	12_14318	14318	0	A	G	0.250	9.600688e+01	1.117266e+02	-1.792605e+02	1.000000e-05	1.000000e+05	3.994407e-01	3.558383e-01	3.700173e-01
12	12_14635	14635	0	G	A	0.250	-1.499065e+02	1.089985e+02	-1.784451e+02	1.000000e-05	1.000000e+05	1.828803e-01	1.150595e-01	1.388075e-01
12	12_14741	14741	1	C	G	0.304	1.484286e+02	1.045049e+02	-1.786638e+02	1.000000e-05	1.000000e+05	1.695371e-01	1.526183e-01	1.753410e-01
12	12_14783	14783	2	A	G	0.091	1.409827e+02	1.761489e+02	-1.796725e+02	1.000000e-05	1.000000e+05	4.320601e-01	8.658169e-01	8.674000e-01
12	12_15014	15014	1	A	G	0.391	8.060432e+01	1.015015e+02	-1.782567e+02	1.000000e-05	1.000000e+05	4.356088e-01	9.080441e-02	1.148059e-01
12	12_19728	19728	0	A	G	0.167	5.625934e+00	1.319698e+02	-1.794556e+02	1.000000e-05	1.000000e+05	9.663806e-01	4.965693e-01	5.056890e-01
12	12_19741	19741	0	C	T	0.250	-1.721773e+01	1.135269e+02	-1.796068e+02	1.000000e-05	1.000000e+05	8.808356e-01	6.893386e-01	6.936757e-01
12	12_22806	22806	0	T	C	0.250	-1.921406e+01	1.135153e+02	-1.796504e+02	1.000000e-05	1.000000e+05	8.671356e-01	7.875668e-01	7.902328e-01
12	12_259454	259454	0	A	G	0.167	-1.328946e+02	1.288986e+02	-1.792034e+02	1.000000e-05	1.000000e+05	3.137420e-01	3.254960e-01	3.409327e-01
12	12_315987	315987	0	T	C	0.333	-5.622816e+01	1.036483e+02	-1.796670e+02	1.000000e-05	1.000000e+05	5.929346e-01	8.426054e-01	8.444919e-01
12	12_495113	495113	0	T	C	0.083	1.315276e+02	1.757336e+02	-1.794778e+02	1.000000e-05	1.000000e+05	4.621166e-01	5.180097e-01	5.264795e-01
12	12_502808	502808	2	A	G	0.455	6.674442e+01	1.021838e+02	-1.789444e+02	1.000000e-05	1.000000e+05	5.204085e-01	2.230559e-01	2.429636e-01
12	12_502864	502864	2	T	C	0.409	-2.269691e+01	1.043720e+02	-1.796296e+02	1.000000e-05	1.000000e+05	8.298527e-01	7.352896e-01	7.387937e-01
12	12_502865	502865	2	G	T	0.409	-2.269691e+01	1.043720e+02	-1.796296e+02	1.000000e-05	1.000000e+05	8.298527e-01	7.352896e-01	7.387937e-01
12	12_502882	502882	3	G	A	0.381	-1.486449e+01	1.082276e+02	-1.796307e+02	1.000000e-05	1.000000e+05	8.920075e-01	7.377165e-01	7.411793e-01
12	12_502888	502888	0	G	A	0.458	-4.314123e+01	9.828227e+01	-1.791844e+02	1.000000e-05	1.000000e+05	6.649769e-01	3.162089e-01	3.320400e-01
12	12_502890	502890	3	G	A	0.381	1.725544e+01	1.082115e+02	-1.796237e+02	1.000000e-05	1.000000e+05	8.747612e-01	7.224525e-01	7.261795e-01
12	12_502909	502909	0	C	T	0.458	9.011843e+01	9.682403e+01	-1.785282e+02	1.000000e-05	1.000000e+05	3.620874e-01	1.279671e-01	1.514284e-01
12	12_502926	502926	3	G	C	0.429	-5.265366e+01	1.056553e+02	-1.790871e+02	1.000000e-05	1.000000e+05	6.231807e-01	2.734806e-01	2.911685e-01
12	12_502937	502937	2	C	T	0.455	1.473499e+01	1.031220e+02	-1.795237e+02	1.000000e-05	1.000000e+05	8.876785e-01	5.680241e-01	5.750995e-01
12	12_502942	502942	2	T	C	0.409	3.679858e+01	1.041890e+02	-1.793980e+02	1.000000e-05	1.000000e+05	7.273073e-01	4.472803e-01	4.580162e-01
12	12_502956	502956	1	A	G	0.348	6.870526e+01	1.044663e+02	-1.788222e+02	1.000000e-05	1.000000e+05	5.175676e-01	1.885359e-01	2.099040e-01
12	12_503049	503049	2	C	G	0.182	1.259031e+01	1.331642e+02	-1.793517e+02	1.000000e-05	1.000000e+05	9.255303e-01	4.130188e-01	4.249788e-01
12	12_503112	503112	4	G	A	0.250	-8.197951e+00	1.244149e+02	-1.793880e+02	1.000000e-05	1.000000e+05	9.480589e-01	4.395409e-01	4.505462e-01
12	12_503171	503171	3	G	A	0.286	-5.482787e+01	1.158025e+02	-1.794763e+02	1.000000e-05	1.000000e+05	6.405493e-01	5.165320e-01	5.250455e-01
12	12_503254	503254	1	G	C	0.609	-5.470373e+00	1.029396e+02	-1.791967e+02	1.000000e-05	1.000000e+05	9.580987e-01	3.222030e-01	3.377791e-01
12	12_503293	503293	2	A	C	0.455	9.064965e+01	1.013434e+02	-1.796769e+02	1.000000e-05	1.000000e+05	3.807469e-01	8.885751e-01	8.898723e-01
12	12_503311	503311	2	C	A	0.545	-3.944702e+01	1.028263e+02	-1.794440e+02	1.000000e-05	1.000000e+05	7.049369e-01	4.859997e-01	4.954516e-01
12	12_503313	503313	2	T	A	0.545	-7.290117e+01	1.019921e+02	-1.796234e+02	1.000000e-05	1.000000e+05	4.822662e-01	7.219715e-01	7.257071e-01
12	12_503321	503321	2	C	T	0.500	-1.670570e+01	1.026806e+02	-1.793183e+02	1.000000e-05	1.000000e+05	8.722432e-01	3.906963e-01	4.034973e-01
12	12_503327	503327	1	A	C	0.435	1.485707e+01	1.013003e+02	-1.790089e+02	1.000000e-05	1.000000e+05	8.847333e-01	2.442960e-01	2.632722e-01
12	12_503356	503356	0	A	C	0.333	6.272789e+01	1.034747e+02	-1.794665e+02	1.000000e-05	1.000000e+05	5.505768e-01	5.068771e-01	5.156803e-01
12	12_503357	503357	0	T	G	0.375	3.896591e+01	1.012543e+02	-1.792959e+02	1.000000e-05	1.000000e+05	7.040569e-01	3.766393e-01	3.899867e-01
12	12_503364	503364	0	T	C	0.333	6.272795e+01	1.034747e+02	-1.792161e+02	1.000000e-05	1.000000e+05	5.505764e-01	3.319720e-01	3.471361e-01
12	12_503366	503366	1	C	T	0.348	5.643085e+01	1.048000e+02	-1.792250e+02	1.000000e-05	1.000000e+05	5.956647e-01	3.365652e-01	3.515374e-01
12	12_503401	503401	0	A	G	0.292	2.930605e+01	1.080286e+02	-1.796686e+02	1.000000e-05	1.000000e+05	7.887045e-01	8.489737e-01	8.507756e-01
12	12_503416	503416	0	G	A	0.167	1.135375e+02	1.297361e+02	-1.794526e+02	1.000000e-05	1.000000e+05	3.909514e-01	4.938260e-01	5.030311e-01
12	12_503422	503422	0	T	G	0.125	1.881248e+02	1.432084e+02	-1.790794e+02	1.000000e-05	1.000000e+05	2.025013e-01	2.704292e-01	2.882515e-01
12	12_503453	503453	0	T	C	0.125	3.519136e+01	1.485300e+02	-1.796440e+02	1.000000e-05	1.000000e+05	8.149026e-01	7.699347e-01	7.728716e-01
12	12_537923	537923	0	G	A	0.417	2.113684e+02	8.900597e+01	-1.779517e+02	1.000000e-05	1.000000e+05	2.670353e-02	6.248702e-02	8.600165e-02
12	12_704606	704606	0	A	G	0.250	-1.921406e+01	1.135153e+02	-1.796504e+02	1.000000e-05	1.000000e+05	8.671356e-01	7.875668e-01	7.902328e-01
13	13_11108	11108	0	C	T	0.125	2.345915e+02	1.400564e+02	-1.776082e+02	1.000000e-05	1.000000e+05	1.080962e-01	4.146331e-02	6.357031e-02
13	13_11118	11118	0	T	C	0.208	-1.454364e+02	1.170720e+02	-1.772446e+02	1.000000e-05	1.000000e+05	2.272124e-01	2.710408e-02	4.720564e-02
13	13_11130	11130	0	A	G	0.208	9.757257e+01	1.193086e+02	-1.796634e+02	1.000000e-05	1.000000e+05	4.222314e-01	8.290367e-01	8.311070e-01
13	13_52884	52884	0	A	G	0.167	-1.383493e+02	1.286367e+02	-1.762635e+02	1.000000e-05	1.000000e+05	2.938031e-01	8.881247e-03	2.317419e-02
13	13_111766	111766	0	G	A	0.333	-5.622816e+01	1.036483e+02	-1.796670e+02	1.000000e-05	1.000000e+05	5.929346e-01	8.426054e-01	8.444919e-01
13	13_128625	128625	6	A	G	0.444	4.875190e+01	1.138203e+02	-1.794731e+02	1.000000e-05	1.000000e+05	6.725800e-01	5.133235e-01	5.219326e-01
13	13_128715	128715	3	G	A	0.333	8.604496e+01	1.100202e+02	-1.795371e+02	1.000000e-05	1.000000e+05	4.425022e-01	5.843827e-01	5.910376e-01
13	13_128729	128729	3	G	A	0.286	1.239047e+02	1.133534e+02	-1.793671e+02	1.000000e-05	1.000000e+05	2.861827e-01	4.239871e-01	4.355464e-01
13	13_162462	162462	0	A	G	0.167	-3.069818e+00	1.319734e+02	-1.794871e+02	1.000000e-05	1.000000e+05	9.816519e-01	5.274308e-01	5.356250e-01
13	13_219021	219021	3	C	T	0.190	-9.341276e+01	1.324127e+02	-1.794338e+02	1.000000e-05	1.000000e+05	4.879229e-01	4.769129e-01	4.866566e-01
13	13_219311	219311	0	A	T	0.208	-3.028228e+01	1.209367e+02	-1.795653e+02	1.000000e-05	1.000000e+05	8.046034e-01	6.221472e-01	6.278952e-01
13	13_219312	219312	0	A	G	0.167	-4.151346e+01	1.316780e+02	-1.795265e+02	1.000000e-05	1.000000e+05	7.555316e-01	5.713104e-01	5.782999e-01
13	13_365348	365348	0	T	C	0.625	7.382360e+01	1.003712e+02	-1.795194e+02	1.000000e-05	1.000000e+05	4.698006e-01	5.629603e-01	5.701693e-01
13	13_436539	436539	0	G	A	0.333	-5.622816e+01	1.036483e+02	-1.796670e+02	1.000000e-05	1.000000e+05	5.929346e-01	8.426054e-01	8.444919e-01
13	13_436551	436551	0	C	G	0.333	-5.622816e+01	1.036483e+02	-1.796670e+02	1.000000e-05	1.000000e+05	5.929346e-01	8.426054e-01	8.444919e-01
13	13_436554	436554	0	T	C	0.333	-5.622816e+01	1.036483e+02	-1.796670e+02	1.000000e-05	1.000000e+05	5.929346e-01	8.426054e-01	8.444919e-01
13	13_511459	511459	0	T	C	0.333	-5.622816e+01	1.036483e+02	-1.796670e+02	1.000000e-05	1.000000e+05	5.929346e-01	8.426054e-01	8.444919e-01
13	13_548791	548791	0	T	C	0.083	1.315276e+02	1.757336e+02	-1.794778e+02	1.000000e-05	1.000000e+05	4.621166e-01	5.180097e-01	5.264795e-01
13	13_655915	655915	0	A	G	0.417	-1.174047e+02	9.657249e+01	-1.789919e+02	1.000000e-05	1.000000e+05	2.369782e-01	2.384618e-01	2.576951e-01
13	13_723038	723038	0	G	A	0.292	-3.721158e+01	1.079213e+02	-1.794816e+02	1.000000e-05	1.000000e+05	7.335170e-01	5.218119e-01	5.301697e-01
13	13_742766	742766	3	G	A	0.238	-9.985300e+01	1.216018e+02	-1.789316e+02	1.000000e-05	1.000000e+05	4.203721e-01	2.191037e-01	2.391829e-01
13	13_742771	742771	0	C	A	0.292	6.174729e+01	1.074052e+02	-1.794306e+02	1.000000e-05	1.000000e+05	5.711918e-01	4.741523e-01	4.839858e-01
13	13_746053	746053	0	G	A	0.083	1.313568e+02	1.757386e+02	-1.780943e+02	1.000000e-05	1.000000e+05	4.627035e-01	7.432176e-02	9.817926e-02
13	13_748576	748576	0	C	G	0.333	-5.622816e+01	1.036483e+02	-1.796670e+02	1.000000e-05	1.000000e+05	5.929346e-01	8.426054e-01	8.444919e-01
14	14_23327	23327	0	C	T	0.333	-5.622816e+01	1.036483e+02	-1.796670e+02	1.000000e-05	1.000000e+05	5.929346e-01	8.426054e-01	8.444919e-01
14	14_68046	68046	0	A	G	0.333	-5.622816e+01	1.036483e+02	-1.796670e+02	1.000000e-05	1.000000e+05	5.929346e-01	8.426054e-01	8.444919e-01
14	14_149196	149196	0	A	G	0.083	1.315276e+02	1.757336e+02	-1.794778e+02	1.000000e-05	1.000000e+05	4.621166e-01	5.180097e-01	5.264795e-01
14	14_155590	155590	0	T	C	0.208	-2.192797e+01	1.210186e+02	-1.791868e+02	1.000000e-05	1.000000e+05	8.578735e-01	3.173681e-01	3.331497e-01
14	14_231768	231768	0	A	G	0.083	1.315276e+02	1.757336e+02	-1.794778e+02	1.000000e-05	1.000000e+05	4.621166e-01	5.180097e-01	5.264795e-01
14	14_271762	271762	0	T	C	0.333	-5.622816e+01	1.036483e+02	-1.796670e+02	1.000000e-05	1.000000e+05	5.929346e-01	8.426054e-01	8.444919e-01
14	14_342562	342562	0	T	G	0.625	-6.992482e+01	1.004946e+02	-1.790286e+02	1.000000e-05	1.000000e+05	4.938356e-01	2.512637e-01	2.699324e-01
14	14_351837	351837	0	G	T	0.083	-5.283107e+01	1.775996e+02	-1.795975e+02	1.000000e-05	1.000000e+05	7.688963e-01	6.727230e-01	6.773865e-01
14	14_383626	383626	0	A	G	0.583	2.194140e+01	9.965678e+01	-1.793472e+02	1.000000e-05	1.000000e+05	8.277693e-01	4.099324e-01	4.220067e-01
14	14_555698	555698	0	G	A	0.333	-5.622816e+01	1.036483e+02	-1.796670e+02	1.000000e-05	1.000000e+05	5.929346e-01	8.426054e-01	8.444919e-01
14	14_558889	558889	0	T	C	0.333	-5.622816e+01	1.036483e+02	-1.796670e+02	1.000000e-05	1.000000e+05	5.929346e-01	8.426054e-01	8.444919e-01
14	14_612687	612687	0	T	C	0.292	-3.721158e+01	1.079213e+02	-1.794816e+02	1.000000e-05	1.000000e+05	7.335170e-01	5.218119e-01	5.301697e-01
14	14_618816	618816	0	G	T	0.333	-5.622816e+01	1.036483e+02	-1.796670e+02	1.000000e-05	1.000000e+05	5.929346e-01	8.426054e-01	8.444919e-01
14	14_716719	716719	0	T	C	0.333	-5.622816e+01	1.036483e+02	-1.796670e+02	1.000000e-05	1.000000e+05	5.929346e-01	8.426054e-01	8.444919e-01
14	14_773166	773166	0	T	C	0.208	7.303231e+00	1.211014e+02	-1.796826e+02	1.000000e-05	1.000000e+05	9.524558e-01	9.273373e-01	9.281688e-01
14	14_852745	852745	0	T	G	0.583	2.194140e+01	9.965678e+01	-1.793472e+02	1.000000e-05	1.000000e+05	8.277693e-01	4.099324e-01	4.220067e-01
14	14_908850	908850	0	A	G	0.583	4.535522e+01	9.929399e+01	-1.796853e+02	1.000000e-05	1.000000e+05	6.523093e-01	9.572946e-01	9.577791e-01
14	14_908994	908994	1	C	T	0.130	-8.463360e+01	1.480877e+02	-1.791123e+02	1.000000e-05	1.000000e+05	5.734471e-01	2.837734e-01	3.010090e-01
14	14_909011	909011	1	T	C	0.130	-8.463360e+01	1.480877e+02	-1.791123e+02	1.000000e-05	1.000000e+05	5.734471e-01	2.837734e-01	3.010090e-01
14	14_909450	909450	0	G	T	0.208	-1.457303e+02	1.170553e+02	-1.777856e+02	1.000000e-05	1.000000e+05	2.262418e-01	5.118499e-02	7.410333e-02
14	14_909472	909472	1	G	T	0.304	2.569318e+01	1.090533e+02	-1.796468e+02	1.000000e-05	1.000000e+05	8.159208e-01	7.774806e-01	7.803002e-01
14	14_909504	909504	2	T	G	0.273	4.861006e+01	1.148808e+02	-1.796866e+02	1.000000e-05	1.000000e+05	6.763046e-01	9.870244e-01	9.871710e-01
14	14_909638	909638	1	T	C	0.696	1.701243e+02	1.029908e+02	-1.787082e+02	1.000000e-05	1.000000e+05	1.127702e-01	1.618192e-01	1.842194e-01
14	14_909661	909661	0	A	G	0.667	1.460479e+02	9.958108e+01	-1.790823e+02	1.000000e-05	1.000000e+05	1.566284e-01	2.715743e-01	2.893461e-01
14	14_909704	909704	0	A	G	0.583	1.874994e+02	9.140463e+01	-1.791712e+02	1.000000e-05	1.000000e+05	5.233053e-02	3.099218e-01	3.260221e-01
14	14_910040	910040	2	A	G	0.409	1.573534e+02	9.895170e+01	-1.778941e+02	1.000000e-05	1.000000e+05	1.260574e-01	5.829371e-02	8.162285e-02
14	14_910103	910103	1	A	G	0.435	1.893621e+02	9.296181e+01	-1.770338e+02	1.000000e-05	1.000000e+05	5.386001e-02	2.125340e-02	4.008926e-02
14	14_910152	910152	1	A	G	0.348	-4.302369e+00	1.054844e+02	-1.796835e+02	1.000000e-05	1.000000e+05	9.678338e-01	9.355160e-01	9.362519e-01
14	14_910181	910181	1	G	A	0.391	1.183234e+02	9.980746e+01	-1.788473e+02	1.000000e-05	1.000000e+05	2.484607e-01	1.950771e-01	2.161766e-01
14	14_910258	910258	1	G	T	0.435	-9.388895e+00	1.013306e+02	-1.795191e+02	1.000000e-05	1.000000e+05	9.270154e-01	5.626126e-01	5.698308e-01
14	14_910323	910323	1	T	C	0.348	-4.427901e+01	1.050651e+02	-1.793393e+02	1.000000e-05	1.000000e+05	6.775206e-01	4.045166e-01	4.167930e-01
14	14_910328	910328	1	G	A	0.391	1.114415e+02	1.001669e+02	-1.789373e+02	1.000000e-05	1.000000e+05	2.779081e-01	2.208523e-01	2.408557e-01
14	14_910510	910510	1	A	G	0.391	-6.877733e+01	1.018963e+02	-1.796721e+02	1.000000e-05	1.000000e+05	5.067250e-01	8.640379e-01	8.656437e-01
14	14_910555	910555	1	C	T	0.348	-2.016310e+01	1.054007e+02	-1.795972e+02	1.000000e-05	1.000000e+05	8.500454e-01	6.722379e-01	6.769111e-01
14	14_910742	910742	0	A	G	0.250	-2.365969e+01	1.134740e+02	-1.796866e+02	1.000000e-05	1.000000e+05	8.367544e-01	9.871226e-01	9.872681e-01
14	14_910822	910822	0	G	A	0.208	-9.917025e+01	1.192487e+02	-1.795810e+02	1.000000e-05	1.000000e+05	4.145561e-01	6.455701e-01	6.507982e-01
14	14_910834	910834	1	T	A	0.130	-6.803559e+01	1.484764e+02	-1.796865e+02	1.000000e-05	1.000000e+05	6.512851e-01	9.834362e-01	9.836234e-01
14	14_910926	910926	3	G	A	0.381	-1.723542e+02	1.018478e+02	-1.784255e+02	1.000000e-05	1.000000e+05	1.047108e-01	1.122415e-01	1.360401e-01
14	14_910939	910939	3	C	A	0.524	2.396465e+01	1.051555e+02	-1.796803e+02	1.000000e-05	1.000000e+05	8.218309e-01	9.098401e-01	9.108790e-01
14	14_910964	910964	1	G	A	0.478	-1.686768e+02	9.393046e+01	-1.787466e+02	1.000000e-05	1.000000e+05	8.628127e-02	1.703008e-01	1.923869e-01
14	14_910966	910966	0	T	C	0.458	-1.532106e+02	9.315065e+01	-1.789466e+02	1.000000e-05	1.000000e+05	1.142337e-01	2.237197e-01	2.435985e-01
14	14_910979	910979	1	A	G	0.478	9.335598e+01	9.859034e+01	-1.791142e+02	1.000000e-05	1.000000e+05	3.539712e-01	2.845927e-01	3.017924e-01
14	14_911099	911099	2	A	G	0.455	-1.003091e+02	1.009287e+02	-1.796848e+02	1.000000e-05	1.000000e+05	3.310968e-01	9.503634e-01	9.509275e-01
14	14_911129	911129	0	T	C	0.542	-7.156064e+01	9.752573e+01	-1.796133e+02	1.000000e-05	1.000000e+05	4.708421e-01	7.015826e-01	7.056880e-01
14	14_911206	911206	0	G	A	0.375	-8.347457e+01	1.000238e+02	-1.796031e+02	1.000000e-05	1.000000e+05	4.129438e-01	6.825193e-01	6.869886e-01
14	14_911262	911262	1	A	C	0.348	1.480786e+01	1.054426e+02	-1.790421e+02	1.000000e-05	1.000000e+05	8.895940e-01	2.561873e-01	2.746384e-01
14	14_911292	911292	2	A	G	0.318	8.007296e+01	1.089641e+02	-1.786350e+02	1.000000e-05	1.000000e+05	4.701885e-01	1.469631e-01	1.698730e-01
14	14_911297	911297	3	A	C	0.333	1.042600e+02	1.093022e+02	-1.782557e+02	1.000000e-05	1.000000e+05	3.505141e-01	9.068878e-02	1.146903e-01
14	14_911308	911308	0	C	T	0.292	6.162370e+01	1.074093e+02	-1.779497e+02	1.000000e-05	1.000000e+05	5.719714e-01	6.233814e-02	8.584683e-02
14	14_911314	911314	0	A	G	0.167	1.902945e+02	1.255843e+02	-1.778929e+02	1.000000e-05	1.000000e+05	1.439403e-01	5.821312e-02	8.153831e-02
14	14_911321	911321	2	G	A	0.273	2.078143e+02	1.070983e+02	-1.760764e+02	2.089978e-02	1.000000e+05	6.525355e-02	7.207335e-03	2.049583e-02
14	14_911352	911352	3	G	A	0.381	-1.477939e+02	1.035875e+02	-1.766632e+02	1.000000e-05	1.000000e+05	1.676895e-01	1.392915e-02	3.052235e-02
14	14_911375	911375	1	G	A	0.391	5.767092e+01	1.022095e+02	-1.789626e+02	1.000000e-05	1.000000e+05	5.782970e-01	2.288236e-01	2.484798e-01
14	14_911385	911385	1	G	A	0.478	1.288717e+02	9.930343e+01	-1.774901e+02	4.362177e-02	1.000000e+05	2.078137e-01	3.608343e-02	5.757783e-02
14	14_911414	911414	3	G	A	0.238	2.242020e+02	1.138217e+02	-1.759589e+02	1.000000e-05	1.000000e+05	6.158324e-02	6.324073e-03	1.900855e-02
14	14_924025	924025	0	T	C	0.417	4.872774e+01	9.922281e+01	-1.794671e+02	1.000000e-05	1.000000e+05	6.282232e-01	5.074393e-01	5.162255e-01
14	14_924047	924047	0	C	A	0.500	9.021352e+00	9.835079e+01	-1.796206e+02	1.000000e-05	1.000000e+05	9.277456e-01	7.161282e-01	7.199678e-01
14	14_924049	924049	0	T	A	0.500	9.021352e+00	9.835079e+01	-1.796206e+02	1.000000e-05	1.000000e+05	9.277456e-01	7.161282e-01	7.199678e-01
14	14_924050	924050	0	C	G	0.500	9.021352e+00	9.835079e+01	-1.796206e+02	1.000000e-05	1.000000e+05	9.277456e-01	7.161282e-01	7.199678e-01
14	14_924059	924059	0	T	C	0.458	-5.709998e+01	9.795957e+01	-1.788648e+02	1.000000e-05	1.000000e+05	5.658926e-01	1.998025e-01	2.207052e-01
14	14_924128	924128	0	G	A	0.333	-5.600945e+01	1.036516e+02	-1.789077e+02	1.000000e-05	1.000000e+05	5.943757e-01	2.119364e-01	2.323244e-01
14	14_924776	924776	0	A	G	0.375	-7.361605e+01	1.003769e+02	-1.791686e+02	1.000000e-05	1.000000e+05	4.710603e-01	3.086924e-01	3.248455e-01
14	14_924866	924866	0	G	A	0.292	1.785226e+02	1.012953e+02	-1.785553e+02	1.000000e-05	1.000000e+05	9.189167e-02	1.325042e-01	1.558463e-01
14	14_925085	925085	0	G	A	0.125	-1.317306e+02	1.460434e+02	-1.792071e+02	1.000000e-05	1.000000e+05	3.768284e-01	3.273632e-01	3.427211e-01
