chr	rs	ps	n_miss	allele1	allele0	af	beta	se	logl_H1	l_remle	l_mle	p_wald	p_lrt	p_score
1	1_44747	44747	0	C	G	0.250	-4.854951e-01	1.163189e+00	-6.752376e+01	1.041721e+00	1.000000e+05	6.804435e-01	6.115012e-01	6.174961e-01
1	1_44753	44753	1	G	A	0.261	-5.820179e-01	1.163744e+00	-6.744315e+01	1.095684e+00	1.000000e+05	6.219528e-01	5.173316e-01	5.258214e-01
1	1_44785	44785	1	G	A	0.174	-1.501806e+00	1.343007e+00	-6.738284e+01	3.092854e-01	1.000000e+05	2.755264e-01	4.625000e-01	4.727186e-01
1	1_47564	47564	0	G	A	0.417	1.360564e+00	1.001979e+00	-6.712411e+01	7.880612e-02	1.000000e+05	1.882677e-01	3.038356e-01	3.201980e-01
1	1_47575	47575	1	G	A	0.435	1.049755e-01	1.072820e+00	-6.751733e+01	9.219053e-01	1.000000e+05	9.229374e-01	6.027617e-01	6.089644e-01
1	1_47671	47671	2	G	A	0.409	-1.790114e+00	1.027777e+00	-6.548272e+01	3.905997e+00	1.000000e+05	9.552143e-02	3.722520e-02	5.886136e-02
1	1_47684	47684	2	C	G	0.455	-1.176739e+00	1.039255e+00	-6.635892e+01	3.160971e+00	1.000000e+05	2.697026e-01	1.076981e-01	1.315681e-01
1	1_47686	47686	2	A	G	0.455	-1.176739e+00	1.039255e+00	-6.635892e+01	3.160971e+00	1.000000e+05	2.697026e-01	1.076981e-01	1.315681e-01
1	1_101060	101060	0	T	C	0.083	-8.679376e-01	2.300820e+00	-6.764866e+01	1.124749e+00	1.000000e+05	7.096174e-01	9.278778e-01	9.287029e-01
1	1_170985	170985	0	A	G	0.083	-8.679376e-01	2.300820e+00	-6.764866e+01	1.124749e+00	1.000000e+05	7.096174e-01	9.278778e-01	9.287029e-01
1	1_291990	291990	1	T	G	0.348	4.712752e+00	3.176607e+00	-6.649185e+01	3.347992e+00	1.000000e+05	1.521063e-01	1.275715e-01	1.510429e-01
1	1_309593	309593	2	A	G	0.364	5.110305e-01	1.043794e+00	-6.735363e+01	1.229500e+00	1.000000e+05	6.292705e-01	4.392460e-01	4.502616e-01
1	1_363954	363954	0	A	G	0.208	-4.227948e+00	1.677995e+00	-6.596532e+01	1.180870e+00	1.000000e+05	1.951069e-02	6.619750e-02	8.984618e-02
1	1_477160	477160	0	A	C	0.167	2.354293e+00	1.290932e+00	-6.685551e+01	1.000000e-05	1.000000e+05	8.181081e-02	2.066847e-01	2.272969e-01
1	1_606536	606536	0	A	G	0.083	-8.679376e-01	2.300820e+00	-6.764866e+01	1.124749e+00	1.000000e+05	7.096174e-01	9.278778e-01	9.287029e-01
1	1_743295	743295	0	T	C	0.083	-8.679376e-01	2.300820e+00	-6.764866e+01	1.124749e+00	1.000000e+05	7.096174e-01	9.278778e-01	9.287029e-01
1	1_807596	807596	0	T	C	0.083	-8.679376e-01	2.300820e+00	-6.764866e+01	1.124749e+00	1.000000e+05	7.096174e-01	9.278778e-01	9.287029e-01
1	1_927896	927896	0	C	T	0.208	-4.227948e+00	1.677995e+00	-6.596532e+01	1.180870e+00	1.000000e+05	1.951069e-02	6.619750e-02	8.984618e-02
1	1_927901	927901	0	C	A	0.208	-4.227948e+00	1.677995e+00	-6.596532e+01	1.180870e+00	1.000000e+05	1.951069e-02	6.619750e-02	8.984618e-02
1	1_944973	944973	0	G	C	0.333	2.505074e+00	3.122810e+00	-6.735711e+01	2.443749e+00	1.000000e+05	4.310261e-01	4.419184e-01	4.528405e-01
1	1_971811	971811	1	G	T	0.087	-5.165094e-01	1.751741e+00	-6.738394e+01	1.008042e+00	1.000000e+05	7.708692e-01	4.634137e-01	4.736017e-01
1	1_975012	975012	0	C	T	0.125	-1.126061e+00	1.541012e+00	-6.757600e+01	5.018336e-03	1.000000e+05	4.726565e-01	6.952118e-01	6.994369e-01
1	1_975152	975152	3	T	C	0.333	1.192284e+00	1.132561e+00	-6.738737e+01	6.433591e-02	1.000000e+05	3.038893e-01	4.662833e-01	4.763758e-01
1	1_975212	975212	0	C	T	0.375	1.134347e+00	1.033477e+00	-6.705931e+01	1.283172e+00	1.000000e+05	2.842463e-01	2.759573e-01	2.935361e-01
1	1_975397	975397	2	T	C	0.409	2.946510e-01	1.093271e+00	-6.764931e+01	1.667759e-02	1.000000e+05	7.900465e-01	9.338453e-01	9.346007e-01
1	1_975445	975445	2	T	C	0.273	8.557879e-01	1.181302e+00	-6.680975e+01	2.368538e+00	1.000000e+05	4.764274e-01	1.941273e-01	2.152661e-01
1	1_975457	975457	2	A	G	0.318	3.455911e-01	1.140390e+00	-6.756644e+01	8.051576e-02	1.000000e+05	7.647015e-01	6.777839e-01	6.823464e-01
1	1_975510	975510	1	T	C	0.130	8.690482e-01	1.470426e+00	-6.723770e+01	1.260434e+00	1.000000e+05	5.605321e-01	3.622395e-01	3.761598e-01
1	1_1065714	1065714	0	G	A	0.208	-4.227948e+00	1.677995e+00	-6.596532e+01	1.180870e+00	1.000000e+05	1.951069e-02	6.619750e-02	8.984618e-02
1	1_1317098	1317098	0	T	C	0.625	-3.868627e+00	2.009959e+00	-6.607897e+01	2.112507e+00	1.000000e+05	6.729127e-02	7.604026e-02	9.992878e-02
1	1_1354376	1354376	0	A	G	0.333	2.505074e+00	3.122810e+00	-6.735711e+01	2.443749e+00	1.000000e+05	4.310261e-01	4.419184e-01	4.528405e-01
1	1_1471243	1471243	0	T	C	0.333	2.505074e+00	3.122810e+00	-6.735711e+01	2.443749e+00	1.000000e+05	4.310261e-01	4.419184e-01	4.528405e-01
1	1_1509932	1509932	0	A	C	0.292	-8.753056e+00	1.864702e+00	-5.932562e+01	1.000000e+05	1.000000e+05	1.107845e-04	4.484926e-05	2.198848e-03
1	1_1509935	1509935	0	G	C	0.292	-8.753056e+00	1.864702e+00	-5.932562e+01	1.000000e+05	1.000000e+05	1.107845e-04	4.484926e-05	2.198848e-03
1	1_1509940	1509940	0	G	C	0.292	-8.753056e+00	1.864702e+00	-5.932562e+01	1.000000e+05	1.000000e+05	1.107845e-04	4.484926e-05	2.198848e-03
1	1_1581524	1581524	1	A	G	0.217	-1.258130e+00	1.269812e+00	-6.703785e+01	1.010140e+00	1.000000e+05	3.325558e-01	2.674451e-01	2.853990e-01
1	1_1583615	1583615	0	C	T	0.333	2.505074e+00	3.122810e+00	-6.735711e+01	2.443749e+00	1.000000e+05	4.310261e-01	4.419184e-01	4.528405e-01
1	1_1943622	1943622	0	G	A	0.333	2.505074e+00	3.122810e+00	-6.735711e+01	2.443749e+00	1.000000e+05	4.310261e-01	4.419184e-01	4.528405e-01
1	1_2108016	2108016	0	G	C	0.292	-8.753056e+00	1.864702e+00	-5.932562e+01	1.000000e+05	1.000000e+05	1.107845e-04	4.484926e-05	2.198848e-03
1	1_2194658	2194658	0	A	G	0.083	-8.679376e-01	2.300820e+00	-6.764866e+01	1.124749e+00	1.000000e+05	7.096174e-01	9.278778e-01	9.287029e-01
1	1_2205937	2205937	0	G	C	0.333	2.505074e+00	3.122810e+00	-6.735711e+01	2.443749e+00	1.000000e+05	4.310261e-01	4.419184e-01	4.528405e-01
2	2_71426	71426	0	T	C	0.333	2.505074e+00	3.122810e+00	-6.735711e+01	2.443749e+00	1.000000e+05	4.310261e-01	4.419184e-01	4.528405e-01
2	2_140257	140257	0	G	A	0.333	2.505074e+00	3.122810e+00	-6.735711e+01	2.443749e+00	1.000000e+05	4.310261e-01	4.419184e-01	4.528405e-01
2	2_150696	150696	0	T	C	0.333	2.505074e+00	3.122810e+00	-6.735711e+01	2.443749e+00	1.000000e+05	4.310261e-01	4.419184e-01	4.528405e-01
2	2_270700	270700	2	T	C	0.364	3.297448e-01	1.111349e+00	-6.764193e+01	4.523940e-02	1.000000e+05	7.694735e-01	8.829993e-01	8.843655e-01
2	2_270799	270799	4	A	G	0.150	-1.460486e+00	1.630498e+00	-6.657314e+01	4.288712e+00	1.000000e+05	3.800936e-01	1.417166e-01	1.647916e-01
2	2_270855	270855	0	G	A	0.458	4.362411e-01	1.031464e+00	-6.761379e+01	4.495093e-03	1.000000e+05	6.764488e-01	7.801139e-01	7.828930e-01
2	2_270969	270969	1	T	G	0.435	1.665154e-01	1.119699e+00	-6.764151e+01	1.167502e+00	1.000000e+05	8.831337e-01	8.808041e-01	8.821977e-01
2	2_270970	270970	1	T	A	0.435	1.665154e-01	1.119699e+00	-6.764151e+01	1.167502e+00	1.000000e+05	8.831337e-01	8.808041e-01	8.821977e-01
2	2_270971	270971	1	C	A	0.435	1.665154e-01	1.119699e+00	-6.764151e+01	1.167502e+00	1.000000e+05	8.831337e-01	8.808041e-01	8.821977e-01
2	2_270994	270994	0	A	G	0.458	-1.123295e-01	1.116064e+00	-6.756956e+01	1.472643e+00	1.000000e+05	9.207415e-01	6.833367e-01	6.877901e-01
2	2_294465	294465	1	G	A	0.174	-1.396535e+00	1.337869e+00	-6.698369e+01	1.534845e+00	1.000000e+05	3.078896e-01	2.473622e-01	2.662032e-01
2	2_508674	508674	0	G	A	0.333	2.505074e+00	3.122810e+00	-6.735711e+01	2.443749e+00	1.000000e+05	4.310261e-01	4.419184e-01	4.528405e-01
2	2_595266	595266	0	A	G	0.333	2.505074e+00	3.122810e+00	-6.735711e+01	2.443749e+00	1.000000e+05	4.310261e-01	4.419184e-01	4.528405e-01
2	2_697983	697983	0	A	G	0.583	-1.285964e-01	1.783445e+00	-6.765262e+01	1.575191e+00	1.000000e+05	9.431694e-01	9.867480e-01	9.868978e-01
2	2_774357	774357	0	A	C	0.333	2.505074e+00	3.122810e+00	-6.735711e+01	2.443749e+00	1.000000e+05	4.310261e-01	4.419184e-01	4.528405e-01
2	2_820645	820645	0	T	A	0.333	2.505074e+00	3.122810e+00	-6.735711e+01	2.443749e+00	1.000000e+05	4.310261e-01	4.419184e-01	4.528405e-01
2	2_963693	963693	0	T	G	0.292	-8.753056e+00	1.864702e+00	-5.932562e+01	1.000000e+05	1.000000e+05	1.107845e-04	4.484926e-05	2.198848e-03
2	2_983795	983795	0	G	C	0.583	-1.285964e-01	1.783445e+00	-6.765262e+01	1.575191e+00	1.000000e+05	9.431694e-01	9.867480e-01	9.868978e-01
2	2_1088064	1088064	0	T	C	0.083	-8.679376e-01	2.300820e+00	-6.764866e+01	1.124749e+00	1.000000e+05	7.096174e-01	9.278778e-01	9.287029e-01
2	2_1162362	1162362	0	G	C	0.333	2.505074e+00	3.122810e+00	-6.735711e+01	2.443749e+00	1.000000e+05	4.310261e-01	4.419184e-01	4.528405e-01
2	2_1225303	1225303	0	A	G	0.583	-1.285964e-01	1.783445e+00	-6.765262e+01	1.575191e+00	1.000000e+05	9.431694e-01	9.867480e-01	9.868978e-01
2	2_1406556	1406556	0	G	A	0.333	2.505074e+00	3.122810e+00	-6.735711e+01	2.443749e+00	1.000000e+05	4.310261e-01	4.419184e-01	4.528405e-01
2	2_1519281	1519281	0	T	C	0.333	2.505074e+00	3.122810e+00	-6.735711e+01	2.443749e+00	1.000000e+05	4.310261e-01	4.419184e-01	4.528405e-01
3	3_61845	61845	0	G	T	0.333	2.505074e+00	3.122810e+00	-6.735711e+01	2.443749e+00	1.000000e+05	4.310261e-01	4.419184e-01	4.528405e-01
3	3_83036	83036	0	T	C	0.333	2.505074e+00	3.122810e+00	-6.735711e+01	2.443749e+00	1.000000e+05	4.310261e-01	4.419184e-01	4.528405e-01
3	3_84476	84476	0	T	C	0.333	2.505074e+00	3.122810e+00	-6.735711e+01	2.443749e+00	1.000000e+05	4.310261e-01	4.419184e-01	4.528405e-01
3	3_97584	97584	0	G	T	0.083	-8.679376e-01	2.300820e+00	-6.764866e+01	1.124749e+00	1.000000e+05	7.096174e-01	9.278778e-01	9.287029e-01
3	3_189938	189938	0	T	C	0.083	-8.679376e-01	2.300820e+00	-6.764866e+01	1.124749e+00	1.000000e+05	7.096174e-01	9.278778e-01	9.287029e-01
3	3_207299	207299	1	A	G	0.130	-1.382882e+00	1.522058e+00	-6.743495e+01	7.920369e-02	1.000000e+05	3.734281e-01	5.092453e-01	5.179769e-01
3	3_288811	288811	0	T	C	0.125	-1.444112e+00	1.534818e+00	-6.692265e+01	2.024561e+00	1.000000e+05	3.569732e-01	2.268967e-01	2.466370e-01
3	3_296203	296203	0	G	A	0.208	-4.227948e+00	1.677995e+00	-6.596532e+01	1.180870e+00	1.000000e+05	1.951069e-02	6.619750e-02	8.984618e-02
3	3_354680	354680	0	C	T	0.333	2.505074e+00	3.122810e+00	-6.735711e+01	2.443749e+00	1.000000e+05	4.310261e-01	4.419184e-01	4.528405e-01
3	3_401715	401715	0	T	C	0.333	2.505074e+00	3.122810e+00	-6.735711e+01	2.443749e+00	1.000000e+05	4.310261e-01	4.419184e-01	4.528405e-01
3	3_449970	449970	0	T	C	0.292	-8.753056e+00	1.864702e+00	-5.932562e+01	1.000000e+05	1.000000e+05	1.107845e-04	4.484926e-05	2.198848e-03
3	3_485530	485530	0	T	C	0.208	-4.227948e+00	1.677995e+00	-6.596532e+01	1.180870e+00	1.000000e+05	1.951069e-02	6.619750e-02	8.984618e-02
3	3_493126	493126	0	C	T	0.375	3.868627e+00	2.009959e+00	-6.607897e+01	2.112507e+00	1.000000e+05	6.729127e-02	7.604026e-02	9.992878e-02
3	3_741271	741271	0	T	C	0.083	-8.679376e-01	2.300820e+00	-6.764866e+01	1.124749e+00	1.000000e+05	7.096174e-01	9.278778e-01	9.287029e-01
3	3_750294	750294	0	T	G	0.250	3.246335e-01	1.191900e+00	-6.760260e+01	1.099025e+00	1.000000e+05	7.878803e-01	7.514691e-01	7.547022e-01
3	3_860957	860957	0	A	T	0.500	-5.466991e-01	1.023151e+00	-6.764385e+01	2.750213e-02	1.000000e+05	5.984730e-01	8.938586e-01	8.950909e-01
3	3_862065	862065	0	G	A	0.208	3.073199e-01	1.220403e+00	-6.736360e+01	1.151971e+00	1.000000e+05	8.035190e-01	4.469750e-01	4.577215e-01
3	3_862068	862068	0	G	A	0.208	3.073199e-01	1.220403e+00	-6.736360e+01	1.151971e+00	1.000000e+05	8.035190e-01	4.469750e-01	4.577215e-01
3	3_862069	862069	2	A	G	0.227	-9.816215e-02	1.281861e+00	-6.749951e+01	3.169227e-02	1.000000e+05	9.396515e-01	5.798417e-01	5.866116e-01
3	3_968415	968415	1	G	C	0.348	4.712752e+00	3.176607e+00	-6.649185e+01	3.347992e+00	1.000000e+05	1.521063e-01	1.275715e-01	1.510429e-01
3	3_1070130	1070130	0	G	A	0.333	2.505074e+00	3.122810e+00	-6.735711e+01	2.443749e+00	1.000000e+05	4.310261e-01	4.419184e-01	4.528405e-01
3	3_1071924	1071924	0	G	A	0.333	-1.763206e+00	1.021767e+00	-6.723321e+01	5.979265e-02	1.000000e+05	9.843206e-02	3.596544e-01	3.736789e-01
3	3_1071929	1071929	0	C	T	0.333	-1.763206e+00	1.021767e+00	-6.723321e+01	5.979265e-02	1.000000e+05	9.843206e-02	3.596544e-01	3.736789e-01
3	3_1180025	1180025	0	C	T	0.333	2.505074e+00	3.122810e+00	-6.735711e+01	2.443749e+00	1.000000e+05	4.310261e-01	4.419184e-01	4.528405e-01
3	3_1234218	1234218	0	G	A	0.208	-5.314365e-01	1.265976e+00	-6.764077e+01	1.000000e-05	1.000000e+05	6.787145e-01	8.769470e-01	8.783889e-01
3	3_1318833	1318833	0	T	C	0.333	2.505074e+00	3.122810e+00	-6.735711e+01	2.443749e+00	1.000000e+05	4.310261e-01	4.419184e-01	4.528405e-01
3	3_1330004	1330004	0	T	C	0.083	-8.679376e-01	2.300820e+00	-6.764866e+01	1.124749e+00	1.000000e+05	7.096174e-01	9.278778e-01	9.287029e-01
3	3_1334793	1334793	0	C	T	0.083	-8.679376e-01	2.300820e+00	-6.764866e+01	1.124749e+00	1.000000e+05	7.096174e-01	9.278778e-01	9.287029e-01
4	4_53256	53256	0	T	C	0.083	-8.679376e-01	2.300820e+00	-6.764866e+01	1.124749e+00	1.000000e+05	7.096174e-01	9.278778e-01	9.287029e-01
4	4_106294	106294	0	C	T	0.250	-4.345503e+00	1.829304e+00	-6.595692e+01	1.711433e+00	1.000000e+05	2.666194e-02	6.552628e-02	8.915266e-02
4	4_577501	577501	0	G	A	0.333	2.505074e+00	3.122810e+00	-6.735711e+01	2.443749e+00	1.000000e+05	4.310261e-01	4.419184e-01	4.528405e-01
4	4_667433	667433	0	G	T	0.333	1.595008e+00	1.040864e+00	-6.750459e+01	1.000000e-05	1.000000e+05	1.396816e-01	5.861951e-01	5.928045e-01
4	4_667446	667446	0	G	A	0.375	1.221280e+00	1.033961e+00	-6.763581e+01	1.000000e-05	1.000000e+05	2.501489e-01	8.539448e-01	8.556814e-01
4	4_667490	667490	1	G	A	0.435	1.072907e+00	1.038785e+00	-6.765111e+01	1.000000e-05	1.000000e+05	3.128962e-01	9.543077e-01	9.548265e-01
4	4_679331	679331	0	T	A	0.333	2.505074e+00	3.122810e+00	-6.735711e+01	2.443749e+00	1.000000e+05	4.310261e-01	4.419184e-01	4.528405e-01
4	4_901105	901105	1	G	A	0.348	4.712752e+00	3.176607e+00	-6.649185e+01	3.347992e+00	1.000000e+05	1.521063e-01	1.275715e-01	1.510429e-01
4	4_995956	995956	2	A	G	0.273	1.503626e+00	1.167348e+00	-6.680469e+01	1.000000e-05	1.000000e+05	2.111051e-01	1.927950e-01	2.139888e-01
4	4_1076446	1076446	0	G	A	0.333	2.541203e-01	1.102051e+00	-6.764474e+01	8.841027e-01	1.000000e+05	8.197653e-01	8.992275e-01	9.003944e-01
4	4_1076465	1076465	0	G	A	0.375	4.918240e-01	1.061183e+00	-6.743623e+01	1.054730e+00	1.000000e+05	6.475817e-01	5.104959e-01	5.191898e-01
5	5_7093	7093	0	G	A	0.417	1.580602e+00	9.913076e-01	-6.671914e+01	1.000000e-05	1.000000e+05	1.250994e-01	1.717917e-01	1.938211e-01
5	5_168988	168988	0	G	A	0.083	-8.679376e-01	2.300820e+00	-6.764866e+01	1.124749e+00	1.000000e+05	7.096174e-01	9.278778e-01	9.287029e-01
5	5_276722	276722	0	A	G	0.583	-1.285964e-01	1.783445e+00	-6.765262e+01	1.575191e+00	1.000000e+05	9.431694e-01	9.867480e-01	9.868978e-01
5	5_475470	475470	1	T	C	0.391	-9.327530e-01	1.055942e+00	-6.764724e+01	2.877759e-01	1.000000e+05	3.866053e-01	9.163519e-01	9.173131e-01
5	5_476407	476407	0	T	A	0.542	-1.405618e+00	9.916867e-01	-6.733510e+01	1.000000e-05	1.000000e+05	1.703733e-01	4.254137e-01	4.369214e-01
5	5_500266	500266	1	G	A	0.435	-6.382182e-01	1.102434e+00	-6.723669e+01	1.727614e+00	1.000000e+05	5.685254e-01	3.616562e-01	3.756000e-01
5	5_676974	676974	0	A	C	0.458	-5.658284e-01	1.012113e+00	-6.708144e+01	1.639289e+00	1.000000e+05	5.817699e-01	2.850989e-01	3.022765e-01
5	5_773775	773775	0	C	T	0.083	-8.679376e-01	2.300820e+00	-6.764866e+01	1.124749e+00	1.000000e+05	7.096174e-01	9.278778e-01	9.287029e-01
5	5_835130	835130	1	A	G	0.391	-6.374624e-01	1.070525e+00	-6.763054e+01	7.394260e-03	1.000000e+05	5.576077e-01	8.330560e-01	8.350713e-01
5	5_835251	835251	1	G	C	0.304	-1.663943e+00	1.089660e+00	-6.641828e+01	1.000000e-05	1.000000e+05	1.410040e-01	1.161148e-01	1.398426e-01
5	5_835261	835261	2	A	G	0.273	-1.572165e+00	1.163236e+00	-6.676259e+01	1.000000e-05	1.000000e+05	1.902557e-01	1.821088e-01	2.037357e-01
5	5_836479	836479	0	G	A	0.375	-1.314592e+00	1.031341e+00	-6.727380e+01	2.078025e-01	1.000000e+05	2.157344e-01	3.839827e-01	3.970431e-01
5	5_836568	836568	0	A	G	0.417	5.581971e-01	1.050531e+00	-6.705389e+01	1.914424e+00	1.000000e+05	6.005021e-01	2.737740e-01	2.914490e-01
5	5_836697	836697	0	A	G	0.542	-2.149105e+00	9.260021e-01	-6.587241e+01	1.575470e-01	1.000000e+05	2.995654e-02	5.916333e-02	8.253411e-02
5	5_836899	836899	1	G	A	0.087	6.376161e-01	1.866391e+00	-6.754452e+01	1.000000e-05	1.000000e+05	7.358706e-01	6.417380e-01	6.470490e-01
5	5_975686	975686	0	C	G	0.375	3.868627e+00	2.009959e+00	-6.607897e+01	2.112507e+00	1.000000e+05	6.729127e-02	7.604026e-02	9.992878e-02
5	5_1037902	1037902	0	A	G	0.333	2.505074e+00	3.122810e+00	-6.735711e+01	2.443749e+00	1.000000e+05	4.310261e-01	4.419184e-01	4.528405e-01
5	5_1099536	1099536	0	A	G	0.083	-8.679376e-01	2.300820e+00	-6.764866e+01	1.124749e+00	1.000000e+05	7.096174e-01	9.278778e-01	9.287029e-01
5	5_1166880	1166880	0	A	G	0.083	-8.679376e-01	2.300820e+00	-6.764866e+01	1.124749e+00	1.000000e+05	7.096174e-01	9.278778e-01	9.287029e-01
5	5_1210544	1210544	0	A	G	0.583	-1.285964e-01	1.783445e+00	-6.765262e+01	1.575191e+00	1.000000e+05	9.431694e-01	9.867480e-01	9.868978e-01
5	5_1245074	1245074	0	G	A	0.500	-1.065608e+00	1.007087e+00	-6.760252e+01	1.000000e-05	1.000000e+05	3.014863e-01	7.512773e-01	7.545136e-01
5	5_1405166	1405166	0	G	A	0.250	-4.345503e+00	1.829304e+00	-6.595692e+01	1.711433e+00	1.000000e+05	2.666194e-02	6.552628e-02	8.915266e-02
5	5_1597105	1597105	0	C	T	0.625	-3.868627e+00	2.009959e+00	-6.607897e+01	2.112507e+00	1.000000e+05	6.729127e-02	7.604026e-02	9.992878e-02
5	5_1661241	1661241	0	G	A	0.083	-8.679376e-01	2.300820e+00	-6.764866e+01	1.124749e+00	1.000000e+05	7.096174e-01	9.278778e-01	9.287029e-01
5	5_1688982	1688982	0	A	G	0.250	-4.345503e+00	1.829304e+00	-6.595692e+01	1.711433e+00	1.000000e+05	2.666194e-02	6.552628e-02	8.915266e-02
5	5_1695239	1695239	0	C	T	0.083	-8.679376e-01	2.300820e+00	-6.764866e+01	1.124749e+00	1.000000e+05	7.096174e-01	9.278778e-01	9.287029e-01
5	5_1770892	1770892	0	G	A	0.375	9.915877e-03	1.051348e+00	-6.765219e+01	8.837957e-01	1.000000e+05	9.925598e-01	9.731040e-01	9.734084e-01
5	5_1773044	1773044	0	G	A	0.125	-2.353311e+00	1.398121e+00	-6.566618e+01	8.682540e+00	1.000000e+05	1.064763e-01	4.623133e-02	6.877766e-02
5	5_1773047	1773047	0	G	A	0.292	-2.510949e-01	1.117236e+00	-6.764410e+01	9.101810e-01	1.000000e+05	8.242508e-01	8.953135e-01	8.965280e-01
5	5_1781499	1781499	0	C	A	0.333	2.505074e+00	3.122810e+00	-6.735711e+01	2.443749e+00	1.000000e+05	4.310261e-01	4.419184e-01	4.528405e-01
6	6_191358	191358	0	C	T	0.083	-7.413859e-01	1.850150e+00	-6.737029e+01	6.301873e-02	1.000000e+05	6.924938e-01	4.522808e-01	4.628450e-01
6	6_211509	211509	0	T	C	0.083	4.244433e+00	1.633763e+00	-6.541216e+01	1.000000e-05	1.000000e+05	1.641996e-02	3.426987e-02	5.552465e-02
6	6_220264	220264	1	G	A	0.391	-2.006583e+00	9.921174e-01	-6.587327e+01	1.000000e-05	1.000000e+05	5.544471e-02	5.922424e-02	8.259788e-02
6	6_220267	220267	1	G	A	0.391	-2.006583e+00	9.921174e-01	-6.587327e+01	1.000000e-05	1.000000e+05	5.544471e-02	5.922424e-02	8.259788e-02
6	6_221273	221273	3	A	G	0.429	1.058374e+00	1.088054e+00	-6.757585e+01	2.272191e-02	1.000000e+05	3.412659e-01	6.949258e-01	6.991563e-01
6	6_221275	221275	2	A	G	0.455	8.213106e-01	1.064173e+00	-6.763546e+01	2.999003e-02	1.000000e+05	4.484543e-01	8.524652e-01	8.542212e-01
6	6_221282	221282	1	A	C	0.478	6.300346e-01	1.042204e+00	-6.765233e+01	4.104784e-02	1.000000e+05	5.516815e-01	9.766927e-01	9.769563e-01
6	6_239210	239210	0	G	A	0.333	2.505074e+00	3.122810e+00	-6.735711e+01	2.443749e+00	1.000000e+05	4.310261e-01	4.419184e-01	4.528405e-01
6	6_276397	276397	0	A	G	0.083	-8.679376e-01	2.300820e+00	-6.764866e+01	1.124749e+00	1.000000e+05	7.096174e-01	9.278778e-01	9.287029e-01
6	6_406899	406899	0	C	T	0.333	2.505074e+00	3.122810e+00	-6.735711e+01	2.443749e+00	1.000000e+05	4.310261e-01	4.419184e-01	4.528405e-01
6	6_465434	465434	0	A	G	0.083	-8.679376e-01	2.300820e+00	-6.764866e+01	1.124749e+00	1.000000e+05	7.096174e-01	9.278778e-01	9.287029e-01
6	6_484890	484890	0	T	C	0.333	2.505074e+00	3.122810e+00	-6.735711e+01	2.443749e+00	1.000000e+05	4.310261e-01	4.419184e-01	4.528405e-01
6	6_499210	499210	0	G	C	0.333	2.505074e+00	3.122810e+00	-6.735711e+01	2.443749e+00	1.000000e+05	4.310261e-01	4.419184e-01	4.528405e-01
6	6_544412	544412	0	G	A	0.083	-8.679376e-01	2.300820e+00	-6.764866e+01	1.124749e+00	1.000000e+05	7.096174e-01	9.278778e-01	9.287029e-01
6	6_554477	554477	0	G	T	0.083	-8.679376e-01	2.300820e+00	-6.764866e+01	1.124749e+00	1.000000e+05	7.096174e-01	9.278778e-01	9.287029e-01
6	6_602467	602467	0	C	G	0.333	2.505074e+00	3.122810e+00	-6.735711e+01	2.443749e+00	1.000000e+05	4.310261e-01	4.419184e-01	4.528405e-01
6	6_659075	659075	0	T	C	0.333	2.505074e+00	3.122810e+00	-6.735711e+01	2.443749e+00	1.000000e+05	4.310261e-01	4.419184e-01	4.528405e-01
6	6_739933	739933	0	G	T	0.375	8.278754e-01	1.048259e+00	-6.747096e+01	2.302576e-02	1.000000e+05	4.380964e-01	5.465172e-01	5.541716e-01
6	6_761983	761983	0	T	C	0.083	-8.679376e-01	2.300820e+00	-6.764866e+01	1.124749e+00	1.000000e+05	7.096174e-01	9.278778e-01	9.287029e-01
6	6_936535	936535	0	T	A	0.083	-2.462324e+00	1.920732e+00	-6.709001e+01	5.806930e-01	1.000000e+05	2.131983e-01	2.887379e-01	3.057563e-01
6	6_960726	960726	0	A	G	0.083	-8.679376e-01	2.300820e+00	-6.764866e+01	1.124749e+00	1.000000e+05	7.096174e-01	9.278778e-01	9.287029e-01
6	6_988043	988043	0	T	C	0.292	-1.903495e+00	1.061677e+00	-6.535974e+01	5.748113e+00	1.000000e+05	8.674870e-02	3.223347e-02	5.319624e-02
6	6_988098	988098	1	A	G	0.348	-9.692265e-01	1.075679e+00	-6.734262e+01	8.408990e-01	1.000000e+05	3.773272e-01	4.309475e-01	4.422568e-01
6	6_988261	988261	3	A	G	0.238	2.321428e+00	1.150844e+00	-6.511661e+01	2.158817e+00	1.000000e+05	5.604398e-02	2.431118e-02	4.385265e-02
6	6_988405	988405	2	T	C	0.318	1.396070e+00	1.118599e+00	-6.643539e+01	1.000000e-05	1.000000e+05	2.251321e-01	1.186749e-01	1.423512e-01
6	6_988465	988465	0	T	C	0.583	-3.847087e-02	1.034073e+00	-6.743591e+01	8.627826e-01	1.000000e+05	9.706585e-01	5.101867e-01	5.188899e-01
6	6_988478	988478	2	A	G	0.409	-1.527236e+00	1.023747e+00	-6.603040e+01	2.141424e+00	1.000000e+05	1.499504e-01	7.165459e-02	9.545530e-02
6	6_988549	988549	2	A	G	0.364	7.514081e-01	1.109258e+00	-6.731927e+01	1.000000e-05	1.000000e+05	5.052160e-01	4.141064e-01	4.260263e-01
6	6_988553	988553	2	T	G	0.364	7.514087e-01	1.109258e+00	-6.728221e+01	1.000000e-05	1.000000e+05	5.052157e-01	3.893097e-01	4.021640e-01
6	6_988631	988631	2	G	A	0.227	-6.864054e-01	1.246819e+00	-6.752249e+01	9.663957e-01	1.000000e+05	5.875063e-01	6.097612e-01	6.157971e-01
6	6_988733	988733	1	A	G	0.478	8.558253e-02	1.079048e+00	-6.765132e+01	9.742485e-01	1.000000e+05	9.375007e-01	9.572627e-01	9.577476e-01
6	6_988843	988843	3	A	G	0.429	-5.760168e-01	1.108307e+00	-6.748172e+01	1.000000e-05	1.000000e+05	6.084442e-01	5.586380e-01	5.659623e-01
6	6_988922	988922	5	A	G	0.368	-1.312732e+00	1.169659e+00	-6.718803e+01	1.000000e-05	1.000000e+05	2.738263e-01	3.350055e-01	3.500427e-01
6	6_988930	988930	2	G	A	0.273	-1.116469e+00	1.180895e+00	-6.750955e+01	3.001734e-02	1.000000e+05	3.547017e-01	5.925335e-01	5.989853e-01
6	6_988960	988960	2	T	G	0.318	9.469938e-01	1.139777e+00	-6.733171e+01	1.000000e-05	1.000000e+05	4.149800e-01	4.229524e-01	4.345491e-01
6	6_989188	989188	0	T	C	0.417	-2.464121e-02	1.058258e+00	-6.762631e+01	8.822996e-01	1.000000e+05	9.816331e-01	8.180936e-01	8.203159e-01
6	6_989334	989334	2	G	C	0.364	-8.651085e-01	1.103172e+00	-6.757754e+01	1.249486e-02	1.000000e+05	4.412846e-01	6.981299e-01	7.022999e-01
6	6_989453	989453	3	A	G	0.667	-4.577233e-01	1.165112e+00	-6.745402e+01	7.989418e-03	1.000000e+05	6.982054e-01	5.283971e-01	5.365634e-01
6	6_989490	989490	0	T	C	0.417	4.334834e-01	1.042934e+00	-6.761288e+01	1.000000e-05	1.000000e+05	6.817009e-01	7.776372e-01	7.804544e-01
6	6_989528	989528	0	T	C	0.542	2.817913e-01	1.013423e+00	-6.765275e+01	7.581273e-01	1.000000e+05	7.835636e-01	9.993906e-01	9.993975e-01
6	6_989732	989732	4	T	C	0.400	1.560770e+00	1.105226e+00	-6.636965e+01	1.000000e-05	1.000000e+05	1.718886e-01	1.091688e-01	1.330171e-01
6	6_989861	989861	2	A	G	0.500	-5.476117e-01	1.023706e+00	-6.708605e+01	1.702014e+00	1.000000e+05	5.980636e-01	2.870473e-01	3.041396e-01
6	6_989960	989960	0	A	G	0.458	-4.079827e-01	1.030141e+00	-6.746950e+01	1.375976e-02	1.000000e+05	6.958865e-01	5.449097e-01	5.526087e-01
6	6_990258	990258	2	G	T	0.409	-1.071197e+00	1.024087e+00	-6.690551e+01	1.105452e+00	1.000000e+05	3.069174e-01	2.215226e-01	2.414969e-01
6	6_990671	990671	5	G	A	0.526	-8.806491e-01	1.146632e+00	-6.763023e+01	1.000000e-05	1.000000e+05	4.506346e-01	8.319055e-01	8.339365e-01
6	6_990699	990699	2	G	A	0.545	-1.260850e+00	1.048871e+00	-6.733543e+01	1.000000e-05	1.000000e+05	2.421039e-01	4.256516e-01	4.371508e-01
6	6_990701	990701	1	A	G	0.565	-1.354137e+00	1.023744e+00	-6.725499e+01	1.000000e-05	1.000000e+05	1.995108e-01	3.724338e-01	3.859472e-01
6	6_990771	990771	3	T	C	0.381	9.801502e-01	1.199679e+00	-6.722494e+01	1.559651e+00	1.000000e+05	4.226821e-01	3.549638e-01	3.691784e-01
6	6_990777	990777	1	A	G	0.391	8.062048e-01	1.135182e+00	-6.727244e+01	1.559876e+00	1.000000e+05	4.850417e-01	3.831287e-01	3.962223e-01
6	6_990851	990851	1	T	C	0.304	1.620592e+00	1.141014e+00	-6.632795e+01	1.721269e+00	1.000000e+05	1.695355e-01	1.035751e-01	1.274978e-01
6	6_990862	990862	1	G	T	0.261	2.237953e+00	1.139579e+00	-6.550666e+01	1.840961e+00	1.000000e+05	6.230885e-02	3.828789e-02	6.005003e-02
6	6_990885	990885	2	A	G	0.227	1.227966e+00	1.358552e+00	-6.713429e+01	1.560051e+00	1.000000e+05	3.758513e-01	3.085349e-01	3.246948e-01
6	6_990992	990992	1	T	C	0.174	-1.998430e+00	1.472351e+00	-6.629700e+01	2.768815e+00	1.000000e+05	1.884466e-01	9.962668e-02	1.235882e-01
6	6_991027	991027	0	T	C	0.167	1.972834e+00	1.416280e+00	-6.647893e+01	1.084226e+00	1.000000e+05	1.775467e-01	1.254714e-01	1.489945e-01
6	6_1031241	1031241	1	A	G	0.478	-1.157111e+00	1.026365e+00	-6.744874e+01	1.000000e-05	1.000000e+05	2.717250e-01	5.229661e-01	5.312902e-01
6	6_1116760	1116760	0	G	A	0.333	2.505074e+00	3.122810e+00	-6.735711e+01	2.443749e+00	1.000000e+05	4.310261e-01	4.419184e-01	4.528405e-01
6	6_1160524	1160524	0	A	G	0.375	-7.612430e-01	1.055778e+00	-6.763808e+01	4.387869e-01	1.000000e+05	4.784866e-01	8.639803e-01	8.655868e-01
6	6_1160528	1160528	0	A	G	0.375	-7.612430e-01	1.055778e+00	-6.763808e+01	4.387869e-01	1.000000e+05	4.784866e-01	8.639803e-01	8.655868e-01
6	6_1160532	1160532	0	A	G	0.375	-7.612430e-01	1.055778e+00	-6.763808e+01	4.387869e-01	1.000000e+05	4.784866e-01	8.639803e-01	8.655868e-01
6	6_1167676	1167676	0	C	G	0.333	2.505074e+00	3.122810e+00	-6.735711e+01	2.443749e+00	1.000000e+05	4.310261e-01	4.419184e-01	4.528405e-01
6	6_1174733	1174733	0	G	C	0.083	-8.679376e-01	2.300820e+00	-6.764866e+01	1.124749e+00	1.000000e+05	7.096174e-01	9.278778e-01	9.287029e-01
6	6_1249810	1249810	0	G	A	0.208	-4.227948e+00	1.677995e+00	-6.596532e+01	1.180870e+00	1.000000e+05	1.951069e-02	6.619750e-02	8.984618e-02
6	6_1279254	1279254	0	C	T	0.333	2.505074e+00	3.122810e+00	-6.735711e+01	2.443749e+00	1.000000e+05	4.310261e-01	4.419184e-01	4.528405e-01
7	7_11056	11056	1	A	C	0.348	7.741457e-01	1.117113e+00	-6.670927e+01	2.816091e+00	1.000000e+05	4.955683e-01	1.695444e-01	1.916590e-01
7	7_14006	14006	2	A	G	0.273	-8.818964e-01	1.157459e+00	-6.727888e+01	1.153712e+00	1.000000e+05	4.541964e-01	3.871909e-01	4.001269e-01
7	7_36839	36839	0	G	A	0.125	1.658898e+00	1.509212e+00	-6.720018e+01	9.984984e-01	1.000000e+05	2.835724e-01	3.414039e-01	3.561750e-01
7	7_37788	37788	0	C	T	0.333	2.505074e+00	3.122810e+00	-6.735711e+01	2.443749e+00	1.000000e+05	4.310261e-01	4.419184e-01	4.528405e-01
7	7_49744	49744	0	G	A	0.083	-2.135561e+00	1.757566e+00	-6.660133e+01	1.706228e+00	1.000000e+05	2.372203e-01	1.470251e-01	1.699331e-01
7	7_164473	164473	2	G	A	0.364	-1.484307e+00	1.068371e+00	-6.735376e+01	4.696165e-02	1.000000e+05	1.786390e-01	4.393433e-01	4.503555e-01
7	7_164511	164511	0	T	C	0.542	-1.085412e+00	1.009800e+00	-6.730846e+01	1.000000e-05	1.000000e+05	2.940771e-01	4.066429e-01	4.188397e-01
7	7_164589	164589	1	C	T	0.391	1.673926e+00	1.019771e+00	-6.619846e+01	1.000000e-05	1.000000e+05	1.149192e-01	8.810933e-02	1.121085e-01
7	7_164636	164636	1	A	G	0.391	-9.794695e-01	1.051767e+00	-6.699828e+01	1.556594e+00	1.000000e+05	3.618260e-01	2.525866e-01	2.711968e-01
7	7_164887	164887	1	G	A	0.348	1.161904e+00	1.027288e+00	-6.682655e+01	1.662872e+00	1.000000e+05	2.702178e-01	1.986303e-01	2.195820e-01
7	7_164926	164926	2	G	A	0.273	3.094739e+00	9.906949e-01	-6.282765e+01	5.876760e+00	1.000000e+05	4.942006e-03	1.893297e-03	9.997755e-03
7	7_165027	165027	3	T	C	0.190	1.504969e+00	1.285345e+00	-6.657187e+01	2.299263e+00	1.000000e+05	2.541787e-01	1.414819e-01	1.645642e-01
7	7_165292	165292	0	C	A	0.583	-1.265930e+00	1.011633e+00	-6.741197e+01	1.000000e-05	1.000000e+05	2.239419e-01	4.877133e-01	4.971108e-01
7	7_165637	165637	0	A	G	0.458	-3.178921e-01	1.006397e+00	-6.763594e+01	9.738259e-01	1.000000e+05	7.550772e-01	8.545008e-01	8.562302e-01
7	7_165657	165657	2	A	G	0.409	-3.507514e-01	1.073763e+00	-6.748265e+01	1.233001e+00	1.000000e+05	7.470153e-01	5.597088e-01	5.670044e-01
7	7_165680	165680	0	T	C	0.417	-6.550512e-01	1.023873e+00	-6.721047e+01	1.661035e+00	1.000000e+05	5.289240e-01	3.469509e-01	3.614930e-01
7	7_165704	165704	1	A	G	0.478	4.545701e-01	1.043588e+00	-6.730638e+01	1.599261e+00	1.000000e+05	6.673826e-01	4.052304e-01	4.174800e-01
7	7_165798	165798	2	C	T	0.409	1.741440e+00	1.031794e+00	-6.739213e+01	1.000000e-05	1.000000e+05	1.055817e-01	4.703090e-01	4.802685e-01
7	7_165854	165854	2	T	C	0.545	-1.466307e+00	1.036653e+00	-6.614456e+01	1.000000e-05	1.000000e+05	1.712237e-01	8.242719e-02	1.063961e-01
7	7_165873	165873	1	A	G	0.391	1.462977e+00	1.034416e+00	-6.685543e+01	1.000000e-05	1.000000e+05	1.712701e-01	2.066623e-01	2.272754e-01
7	7_165955	165955	2	T	C	0.409	-1.222376e+00	1.014157e+00	-6.625104e+01	2.578402e+00	1.000000e+05	2.408877e-01	9.406255e-02	1.180574e-01
7	7_166056	166056	1	C	A	0.522	-4.667780e-01	1.044974e+00	-6.764728e+01	4.043392e-02	1.000000e+05	6.594661e-01	9.166702e-01	9.176276e-01
7	7_166309	166309	1	G	A	0.478	-7.332250e-01	9.668169e-01	-6.686012e+01	1.229532e+00	1.000000e+05	4.562654e-01	2.080044e-01	2.285604e-01
7	7_166838	166838	0	T	A	0.125	-3.809917e-01	1.559246e+00	-6.764942e+01	8.463387e-03	1.000000e+05	8.092291e-01	9.348934e-01	9.356365e-01
7	7_166992	166992	2	A	G	0.318	-5.831306e-02	1.151004e+00	-6.764923e+01	2.966520e-02	1.000000e+05	9.600514e-01	9.330609e-01	9.338254e-01
7	7_167034	167034	2	T	C	0.318	-6.743910e-01	1.086437e+00	-6.722764e+01	1.079193e+00	1.000000e+05	5.411511e-01	3.564878e-01	3.706405e-01
7	7_167035	167035	1	C	A	0.348	-4.734666e-01	1.094890e+00	-6.747216e+01	4.305570e-02	1.000000e+05	6.696359e-01	5.478417e-01	5.554596e-01
7	7_167135	167135	2	A	G	0.591	2.297787e-01	1.096441e+00	-6.756430e+01	2.335185e-02	1.000000e+05	8.359336e-01	6.740404e-01	6.786774e-01
7	7_167192	167192	2	C	T	0.500	-1.697099e-01	1.049769e+00	-6.760026e+01	4.992832e-01	1.000000e+05	8.730459e-01	7.459258e-01	7.492506e-01
7	7_167224	167224	4	T	A	0.400	-3.073697e-01	1.120358e+00	-6.764923e+01	6.061530e-01	1.000000e+05	7.863757e-01	9.331038e-01	9.338678e-01
7	7_167292	167292	3	A	G	0.429	-1.070643e+00	1.035278e+00	-6.727770e+01	6.773420e-01	1.000000e+05	3.122962e-01	3.864431e-01	3.994081e-01
7	7_167370	167370	1	A	G	0.391	-2.941605e-01	1.011937e+00	-6.730760e+01	1.058912e+00	1.000000e+05	7.740108e-01	4.060610e-01	4.182795e-01
7	7_167655	167655	2	G	A	0.364	1.381419e+00	1.089565e+00	-6.678396e+01	1.315243e+00	1.000000e+05	2.181016e-01	1.874433e-01	2.088558e-01
7	7_167687	167687	1	A	C	0.130	-4.897558e-01	1.562190e+00	-6.750895e+01	1.000000e-05	1.000000e+05	7.568494e-01	5.917517e-01	5.982228e-01
7	7_226969	226969	0	G	A	0.333	2.505074e+00	3.122810e+00	-6.735711e+01	2.443749e+00	1.000000e+05	4.310261e-01	4.419184e-01	4.528405e-01
7	7_230511	230511	0	A	G	0.333	2.505074e+00	3.122810e+00	-6.735711e+01	2.443749e+00	1.000000e+05	4.310261e-01	4.419184e-01	4.528405e-01
7	7_347542	347542	0	C	T	0.292	-8.753056e+00	1.864702e+00	-5.932562e+01	1.000000e+05	1.000000e+05	1.107845e-04	4.484926e-05	2.198848e-03
7	7_453828	453828	2	T	C	0.182	-1.098907e+00	1.378065e+00	-6.764261e+01	1.000000e-05	1.000000e+05	4.337256e-01	8.867245e-01	8.880445e-01
7	7_479542	479542	1	A	G	0.130	-1.211389e+00	1.535834e+00	-6.694032e+01	6.788564e-02	1.000000e+05	4.386756e-01	2.326047e-01	2.520953e-01
7	7_508893	508893	0	G	C	0.333	2.505074e+00	3.122810e+00	-6.735711e+01	2.443749e+00	1.000000e+05	4.310261e-01	4.419184e-01	4.528405e-01
7	7_672119	672119	0	G	A	0.292	-4.600873e-01	1.128033e+00	-6.737566e+01	1.502076e-02	1.000000e+05	6.873135e-01	4.566080e-01	4.670249e-01
7	7_752860	752860	2	A	T	0.273	-2.592261e-01	1.204073e+00	-6.764750e+01	3.281947e-02	1.000000e+05	8.315237e-01	9.183249e-01	9.192627e-01
7	7_752861	752861	0	A	T	0.125	9.682622e-01	1.487807e+00	-6.680121e+01	1.818250e+00	1.000000e+05	5.219165e-01	1.918844e-01	2.131156e-01
7	7_813688	813688	1	C	T	0.348	4.712752e+00	3.176607e+00	-6.649185e+01	3.347992e+00	1.000000e+05	1.521063e-01	1.275715e-01	1.510429e-01
7	7_819348	819348	0	A	C	0.333	2.505074e+00	3.122810e+00	-6.735711e+01	2.443749e+00	1.000000e+05	4.310261e-01	4.419184e-01	4.528405e-01
7	7_831960	831960	0	T	G	0.250	-4.345503e+00	1.829304e+00	-6.595692e+01	1.711433e+00	1.000000e+05	2.666194e-02	6.552628e-02	8.915266e-02
7	7_908360	908360	3	C	A	0.143	3.119116e-01	1.566821e+00	-6.764747e+01	3.781643e-02	1.000000e+05	8.440341e-01	9.181421e-01	9.190820e-01
7	7_911043	911043	0	C	T	0.333	2.505074e+00	3.122810e+00	-6.735711e+01	2.443749e+00	1.000000e+05	4.310261e-01	4.419184e-01	4.528405e-01
7	7_1008288	1008288	0	G	A	0.333	2.505074e+00	3.122810e+00	-6.735711e+01	2.443749e+00	1.000000e+05	4.310261e-01	4.419184e-01	4.528405e-01
7	7_1024334	1024334	0	G	A	0.333	2.505074e+00	3.122810e+00	-6.735711e+01	2.443749e+00	1.000000e+05	4.310261e-01	4.419184e-01	4.528405e-01
7	7_1024356	1024356	0	T	C	0.333	2.505074e+00	3.122810e+00	-6.735711e+01	2.443749e+00	1.000000e+05	4.310261e-01	4.419184e-01	4.528405e-01
7	7_1171945	1171945	0	A	G	0.083	-8.679376e-01	2.300820e+00	-6.764866e+01	1.124749e+00	1.000000e+05	7.096174e-01	9.278778e-01	9.287029e-01
7	7_1191543	1191543	0	C	T	0.333	2.505074e+00	3.122810e+00	-6.735711e+01	2.443749e+00	1.000000e+05	4.310261e-01	4.419184e-01	4.528405e-01
7	7_1192832	1192832	0	T	C	0.083	-8.679376e-01	2.300820e+00	-6.764866e+01	1.124749e+00	1.000000e+05	7.096174e-01	9.278778e-01	9.287029e-01
7	7_1193976	1193976	0	C	T	0.333	2.505074e+00	3.122810e+00	-6.735711e+01	2.443749e+00	1.000000e+05	4.310261e-01	4.419184e-01	4.528405e-01
7	7_1196178	1196178	0	C	T	0.583	-2.396423e-01	1.043384e+00	-6.760806e+01	1.149220e+00	1.000000e+05	8.204641e-01	7.649422e-01	7.679579e-01
7	7_1205599	1205599	3	G	T	0.381	5.348731e-01	1.093448e+00	-6.705834e+01	1.139675e+00	1.000000e+05	6.295686e-01	2.755638e-01	2.931599e-01
7	7_1205600	1205600	2	G	A	0.364	4.934809e-01	1.095295e+00	-6.716996e+01	1.084035e+00	1.000000e+05	6.567257e-01	3.257822e-01	3.412068e-01
7	7_1205735	1205735	2	T	A	0.364	1.933032e+00	1.042247e+00	-6.618904e+01	1.000000e-05	1.000000e+05	7.709513e-02	8.708597e-02	1.110823e-01
7	7_1227094	1227094	0	A	G	0.333	2.505074e+00	3.122810e+00	-6.735711e+01	2.443749e+00	1.000000e+05	4.310261e-01	4.419184e-01	4.528405e-01
7	7_1240469	1240469	0	C	T	0.083	-8.679376e-01	2.300820e+00	-6.764866e+01	1.124749e+00	1.000000e+05	7.096174e-01	9.278778e-01	9.287029e-01
7	7_1263585	1263585	0	T	C	0.292	-4.401022e-01	1.169990e+00	-6.764526e+01	1.026370e+00	1.000000e+05	7.104018e-01	9.025872e-01	9.037133e-01
7	7_1263610	1263610	0	G	A	0.375	6.315935e-01	1.071145e+00	-6.761362e+01	6.436409e-01	1.000000e+05	5.614373e-01	7.796686e-01	7.824546e-01
7	7_1266484	1266484	1	A	T	0.435	-1.846333e+00	9.881534e-01	-6.680014e+01	1.000000e-05	1.000000e+05	7.507199e-02	1.916043e-01	2.128470e-01
7	7_1276916	1276916	0	A	G	0.208	3.758302e-01	1.268481e+00	-6.729648e+01	1.268558e-04	1.000000e+05	7.697923e-01	3.985979e-01	4.110973e-01
7	7_1276919	1276919	0	G	A	0.167	4.144439e-01	1.382253e+00	-6.704018e+01	1.000000e-05	1.000000e+05	7.671199e-01	2.683526e-01	2.862665e-01
7	7_1341024	1341024	0	A	C	0.333	1.221084e+00	1.063758e+00	-6.669309e+01	2.521109e+00	1.000000e+05	2.633410e-01	1.659308e-01	1.881805e-01
8	8_144493	144493	0	A	G	0.333	2.505074e+00	3.122810e+00	-6.735711e+01	2.443749e+00	1.000000e+05	4.310261e-01	4.419184e-01	4.528405e-01
8	8_174475	174475	0	G	T	0.333	2.505074e+00	3.122810e+00	-6.735711e+01	2.443749e+00	1.000000e+05	4.310261e-01	4.419184e-01	4.528405e-01
8	8_208859	208859	0	G	A	0.208	-4.227948e+00	1.677995e+00	-6.596532e+01	1.180870e+00	1.000000e+05	1.951069e-02	6.619750e-02	8.984618e-02
8	8_294928	294928	0	T	A	0.333	2.505074e+00	3.122810e+00	-6.735711e+01	2.443749e+00	1.000000e+05	4.310261e-01	4.419184e-01	4.528405e-01
8	8_553155	553155	0	T	C	0.083	-8.679376e-01	2.300820e+00	-6.764866e+01	1.124749e+00	1.000000e+05	7.096174e-01	9.278778e-01	9.287029e-01
8	8_725537	725537	0	A	C	0.333	2.505074e+00	3.122810e+00	-6.735711e+01	2.443749e+00	1.000000e+05	4.310261e-01	4.419184e-01	4.528405e-01
8	8_817562	817562	3	T	C	0.095	-1.510407e+00	1.767649e+00	-6.739526e+01	8.518660e-01	1.000000e+05	4.020526e-01	4.729905e-01	4.828620e-01
8	8_817567	817567	3	C	T	0.095	-1.510407e+00	1.767649e+00	-6.739526e+01	8.518660e-01	1.000000e+05	4.020526e-01	4.729905e-01	4.828620e-01
8	8_817674	817674	3	A	G	0.143	-2.145392e+00	1.446629e+00	-6.662385e+01	1.425552e+00	1.000000e+05	1.522519e-01	1.514274e-01	1.741903e-01
8	8_818838	818838	3	G	A	0.429	-5.224874e-01	1.044118e+00	-6.740282e+01	6.952749e-01	1.000000e+05	6.217555e-01	4.795573e-01	4.892155e-01
8	8_847517	847517	0	A	G	0.167	7.155243e-01	1.336409e+00	-6.751165e+01	5.058155e-01	1.000000e+05	5.977391e-01	5.952521e-01	6.016371e-01
8	8_874822	874822	1	G	A	0.087	-5.036026e-01	1.867734e+00	-6.765115e+01	8.696558e-03	1.000000e+05	7.899556e-01	9.547954e-01	9.553086e-01
8	8_874895	874895	3	T	C	0.143	-1.364576e-01	1.566098e+00	-6.749701e+01	4.352595e-02	1.000000e+05	9.313546e-01	5.767612e-01	5.836098e-01
8	8_874992	874992	0	C	T	0.083	-1.785797e+00	1.828416e+00	-6.632189e+01	1.000000e-05	1.000000e+05	3.393407e-01	1.027883e-01	1.267197e-01
8	8_1083181	1083181	0	T	C	0.333	2.505074e+00	3.122810e+00	-6.735711e+01	2.443749e+00	1.000000e+05	4.310261e-01	4.419184e-01	4.528405e-01
8	8_1161462	1161462	0	C	T	0.625	-1.376651e+00	1.944574e+00	-6.741257e+01	1.379107e+00	1.000000e+05	4.864128e-01	4.882583e-01	4.976385e-01
8	8_1252135	1252135	1	T	C	0.435	-1.551991e+00	1.014494e+00	-6.749106e+01	5.812709e-02	1.000000e+05	1.403146e-01	5.695733e-01	5.766081e-01
8	8_1256218	1256218	0	G	A	0.333	2.505074e+00	3.122810e+00	-6.735711e+01	2.443749e+00	1.000000e+05	4.310261e-01	4.419184e-01	4.528405e-01
8	8_1326133	1326133	0	A	G	0.208	7.251657e-01	1.261593e+00	-6.764833e+01	1.000000e-05	1.000000e+05	5.712573e-01	9.250694e-01	9.259275e-01
8	8_1326140	1326140	0	G	A	0.167	1.352229e+00	1.354738e+00	-6.745656e+01	1.000000e-05	1.000000e+05	3.290604e-01	5.310491e-01	5.391391e-01
8	8_1383765	1383765	0	A	G	0.417	-1.200705e+00	1.015241e+00	-6.741804e+01	1.000000e-05	1.000000e+05	2.495602e-01	4.932521e-01	5.024752e-01
9	9_5213	5213	3	G	C	0.238	2.763733e+00	1.153893e+00	-6.550003e+01	1.000000e-05	1.000000e+05	2.556176e-02	3.799054e-02	5.971799e-02
9	9_6619	6619	1	C	T	0.304	4.205275e-01	1.142442e+00	-6.765044e+01	1.000000e-05	1.000000e+05	7.163202e-01	9.457102e-01	9.463278e-01
9	9_7470	7470	0	A	G	0.292	8.506689e-01	1.126467e+00	-6.758862e+01	1.550524e-01	1.000000e+05	4.581587e-01	7.202362e-01	7.240025e-01
9	9_7729	7729	1	C	T	0.435	1.063668e+00	1.039209e+00	-6.762432e+01	1.000000e-05	1.000000e+05	3.171781e-01	8.115034e-01	8.138189e-01
9	9_8171	8171	2	G	A	0.364	-9.002203e-01	1.104221e+00	-6.764475e+01	1.000000e-05	1.000000e+05	4.236658e-01	8.992881e-01	9.004542e-01
9	9_10033	10033	1	C	T	0.174	-1.324758e+00	1.320600e+00	-6.698458e+01	1.390865e+00	1.000000e+05	3.266960e-01	2.476799e-01	2.665068e-01
9	9_49163	49163	0	A	G	0.250	-4.345503e+00	1.829304e+00	-6.595692e+01	1.711433e+00	1.000000e+05	2.666194e-02	6.552628e-02	8.915266e-02
9	9_220237	220237	2	A	G	0.091	-6.260001e-01	1.870646e+00	-6.765272e+01	1.000000e-05	1.000000e+05	7.410633e-01	9.934268e-01	9.935010e-01
9	9_220963	220963	1	C	T	0.174	-2.281392e+00	1.235369e+00	-6.521583e+01	4.068800e+00	1.000000e+05	7.828247e-02	2.726665e-02	4.739864e-02
9	9_272607	272607	0	A	G	0.333	2.505074e+00	3.122810e+00	-6.735711e+01	2.443749e+00	1.000000e+05	4.310261e-01	4.419184e-01	4.528405e-01
9	9_338278	338278	1	A	G	0.348	4.712752e+00	3.176607e+00	-6.649185e+01	3.347992e+00	1.000000e+05	1.521063e-01	1.275715e-01	1.510429e-01
9	9_491535	491535	0	A	G	0.333	2.505074e+00	3.122810e+00	-6.735711e+01	2.443749e+00	1.000000e+05	4.310261e-01	4.419184e-01	4.528405e-01
9	9_534468	534468	0	C	T	0.333	2.505074e+00	3.122810e+00	-6.735711e+01	2.443749e+00	1.000000e+05	4.310261e-01	4.419184e-01	4.528405e-01
9	9_705343	705343	1	G	A	0.261	7.752504e-01	1.200416e+00	-6.746528e+01	1.162710e+00	1.000000e+05	5.250768e-01	5.403227e-01	5.481497e-01
9	9_705571	705571	0	T	C	0.500	-1.233162e+00	9.985855e-01	-6.612239e+01	2.462383e+00	1.000000e+05	2.298917e-01	8.020549e-02	1.041524e-01
9	9_706175	706175	2	G	A	0.318	1.941809e+00	1.080771e+00	-6.707559e+01	2.715135e-01	1.000000e+05	8.612979e-02	2.826460e-01	2.999310e-01
9	9_741562	741562	0	T	C	0.250	-4.345503e+00	1.829304e+00	-6.595692e+01	1.711433e+00	1.000000e+05	2.666194e-02	6.552628e-02	8.915266e-02
9	9_942229	942229	0	A	G	0.292	-8.753056e+00	1.864702e+00	-5.932562e+01	1.000000e+05	1.000000e+05	1.107845e-04	4.484926e-05	2.198848e-03
9	9_981209	981209	0	G	A	0.083	-8.679376e-01	2.300820e+00	-6.764866e+01	1.124749e+00	1.000000e+05	7.096174e-01	9.278778e-01	9.287029e-01
9	9_1115286	1115286	0	G	A	0.500	-8.219075e-01	1.015711e+00	-6.679846e+01	2.132395e+00	1.000000e+05	4.270687e-01	1.911688e-01	2.124294e-01
10	10_13558	13558	0	C	T	0.333	2.505074e+00	3.122810e+00	-6.735711e+01	2.443749e+00	1.000000e+05	4.310261e-01	4.419184e-01	4.528405e-01
10	10_15220	15220	1	T	A	0.130	4.293526e-01	1.559424e+00	-6.760404e+01	2.422911e-02	1.000000e+05	7.856338e-01	7.549276e-01	7.581043e-01
10	10_15251	15251	2	G	A	0.091	-1.787722e+00	1.790660e+00	-6.688906e+01	8.004941e-01	1.000000e+05	3.289604e-01	2.165046e-01	2.366961e-01
10	10_15279	15279	1	A	G	0.261	-4.142508e-01	1.191127e+00	-6.762013e+01	4.329860e-02	1.000000e+05	7.313105e-01	7.983852e-01	8.008905e-01
10	10_15288	15288	2	C	T	0.227	5.654758e-01	1.241946e+00	-6.757229e+01	9.013538e-01	1.000000e+05	6.533448e-01	6.882993e-01	6.926565e-01
10	10_15302	15302	2	T	C	0.318	-1.551622e+00	1.109243e+00	-6.677598e+01	1.000000e-05	1.000000e+05	1.758099e-01	1.854319e-01	2.069256e-01
10	10_15428	15428	1	C	G	0.130	-2.115530e+00	1.477447e+00	-6.620267e+01	1.476033e+00	1.000000e+05	1.662326e-01	8.857046e-02	1.125705e-01
10	10_15438	15438	0	G	A	0.125	-2.069301e+00	1.483041e+00	-6.623731e+01	1.579091e+00	1.000000e+05	1.768493e-01	9.246710e-02	1.164664e-01
10	10_15441	15441	1	A	G	0.130	-2.115530e+00	1.477447e+00	-6.620267e+01	1.476033e+00	1.000000e+05	1.662326e-01	8.857046e-02	1.125705e-01
10	10_15449	15449	1	C	T	0.087	-2.172488e+00	1.812460e+00	-6.710667e+01	1.035297e+00	1.000000e+05	2.434204e-01	2.959900e-01	3.126923e-01
10	10_15455	15455	0	C	T	0.083	-2.120540e+00	1.818141e+00	-6.712594e+01	1.078136e+00	1.000000e+05	2.559721e-01	3.046722e-01	3.209984e-01
10	10_15458	15458	0	G	A	0.083	-2.120540e+00	1.818141e+00	-6.712594e+01	1.078136e+00	1.000000e+05	2.559721e-01	3.046722e-01	3.209984e-01
10	10_15461	15461	0	T	C	0.083	-2.120540e+00	1.818141e+00	-6.712594e+01	1.078136e+00	1.000000e+05	2.559721e-01	3.046722e-01	3.209984e-01
10	10_15463	15463	0	A	T	0.083	-2.120540e+00	1.818141e+00	-6.712594e+01	1.078136e+00	1.000000e+05	2.559721e-01	3.046722e-01	3.209984e-01
10	10_15473	15473	0	C	T	0.083	-2.120540e+00	1.818141e+00	-6.712594e+01	1.078136e+00	1.000000e+05	2.559721e-01	3.046722e-01	3.209984e-01
10	10_17879	17879	0	T	C	0.333	1.566772e+00	1.042805e+00	-6.725831e+01	1.000000e-05	1.000000e+05	1.471975e-01	3.744349e-01	3.878693e-01
10	10_17897	17897	0	A	G	0.333	1.566772e+00	1.042805e+00	-6.725831e+01	1.000000e-05	1.000000e+05	1.471975e-01	3.744349e-01	3.878693e-01
10	10_18092	18092	1	A	G	0.522	4.770397e-01	1.050665e+00	-6.745143e+01	1.000000e-05	1.000000e+05	6.542506e-01	5.257249e-01	5.339686e-01
10	10_18647	18647	3	C	T	0.381	1.648190e+00	1.080653e+00	-6.740196e+01	1.000000e-05	1.000000e+05	1.414625e-01	4.788012e-01	4.884838e-01
10	10_18785	18785	0	G	A	0.375	2.503979e+00	1.230152e+00	-6.570554e+01	5.624470e-01	1.000000e+05	5.402076e-02	4.844648e-02	7.116890e-02
10	10_18869	18869	0	A	G	0.500	-1.476250e+00	9.832467e-01	-6.739226e+01	1.000000e-05	1.000000e+05	1.474687e-01	4.704222e-01	4.803779e-01
10	10_18908	18908	0	G	A	0.292	-1.474303e+00	1.091294e+00	-6.638359e+01	1.000000e-05	1.000000e+05	1.904374e-01	1.111127e-01	1.349303e-01
10	10_18915	18915	0	T	C	0.292	-1.474303e+00	1.091294e+00	-6.638359e+01	1.000000e-05	1.000000e+05	1.904374e-01	1.111127e-01	1.349303e-01
10	10_18933	18933	0	A	G	0.292	-1.122605e+00	1.110151e+00	-6.754415e+01	1.000000e-05	1.000000e+05	3.229052e-01	6.411758e-01	6.464991e-01
10	10_18941	18941	2	T	C	0.318	-1.254779e+00	1.126194e+00	-6.757099e+01	1.000000e-05	1.000000e+05	2.772283e-01	6.859209e-01	6.903240e-01
10	10_18943	18943	1	G	A	0.348	-1.116719e+00	1.081205e+00	-6.763088e+01	1.000000e-05	1.000000e+05	3.128967e-01	8.343157e-01	8.363139e-01
10	10_18983	18983	2	C	T	0.227	2.776637e+00	1.705452e+00	-6.680325e+01	1.104139e+00	1.000000e+05	1.177428e-01	1.924171e-01	2.136264e-01
10	10_19002	19002	0	C	T	0.583	-3.983754e+00	1.584453e+00	-6.422872e+01	3.599558e+00	1.000000e+05	1.974124e-02	8.873700e-03	2.316246e-02
10	10_19004	19004	0	A	G	0.583	-3.983754e+00	1.584453e+00	-6.422872e+01	3.599558e+00	1.000000e+05	1.974124e-02	8.873700e-03	2.316246e-02
10	10_19008	19008	0	T	C	0.292	2.480849e+00	1.878671e+00	-6.706433e+01	1.178367e+00	1.000000e+05	2.002305e-01	2.779997e-01	2.954888e-01
10	10_19015	19015	0	G	A	0.583	-3.983754e+00	1.584453e+00	-6.422872e+01	3.599558e+00	1.000000e+05	1.974124e-02	8.873700e-03	2.316246e-02
10	10_19031	19031	0	A	G	0.625	-2.530403e+00	1.835272e+00	-6.638717e+01	1.814264e+00	1.000000e+05	1.818272e-01	1.116172e-01	1.354264e-01
10	10_19062	19062	1	A	G	0.304	2.916127e+00	2.291361e+00	-6.703471e+01	1.615584e+00	1.000000e+05	2.164244e-01	2.662262e-01	2.842339e-01
10	10_19067	19067	1	T	A	0.565	-2.069063e+00	1.528211e+00	-6.703147e+01	1.003236e+00	1.000000e+05	1.895105e-01	2.649763e-01	2.830392e-01
10	10_19151	19151	1	G	A	0.261	-3.444018e+00	1.740038e+00	-6.505116e+01	6.691411e+00	1.000000e+05	6.043401e-02	2.254536e-02	4.169239e-02
10	10_318276	318276	0	G	A	0.333	-3.843113e-01	1.097283e+00	-6.763909e+01	7.095439e-01	1.000000e+05	7.294905e-01	8.686993e-01	8.702455e-01
10	10_381155	381155	0	G	A	0.292	-8.753056e+00	1.864702e+00	-5.932562e+01	1.000000e+05	1.000000e+05	1.107845e-04	4.484926e-05	2.198848e-03
10	10_387430	387430	1	A	G	0.565	-9.584114e-01	1.770710e+00	-6.755360e+01	1.291317e+00	1.000000e+05	5.937687e-01	6.560959e-01	6.611003e-01
10	10_474627	474627	0	A	G	0.333	2.505074e+00	3.122810e+00	-6.735711e+01	2.443749e+00	1.000000e+05	4.310261e-01	4.419184e-01	4.528405e-01
10	10_583208	583208	1	A	G	0.348	-1.489766e+00	1.060570e+00	-6.648791e+01	1.000000e-05	1.000000e+05	1.740774e-01	1.269268e-01	1.504143e-01
10	10_584652	584652	0	G	T	0.333	-7.979343e-01	1.081704e+00	-6.764071e+01	1.000000e-05	1.000000e+05	4.685144e-01	8.766490e-01	8.780947e-01
10	10_612064	612064	0	A	G	0.208	-4.227948e+00	1.677995e+00	-6.596532e+01	1.180870e+00	1.000000e+05	1.951069e-02	6.619750e-02	8.984618e-02
10	10_724149	724149	0	G	A	0.208	-5.147974e-01	1.245646e+00	-6.763677e+01	9.882417e-01	1.000000e+05	6.834039e-01	8.580749e-01	8.597577e-01
10	10_724150	724150	0	A	G	0.208	-5.147974e-01	1.245646e+00	-6.763677e+01	9.882417e-01	1.000000e+05	6.834039e-01	8.580749e-01	8.597577e-01
10	10_969715	969715	0	T	C	0.292	-8.753056e+00	1.864702e+00	-5.932562e+01	1.000000e+05	1.000000e+05	1.107845e-04	4.484926e-05	2.198848e-03
10	10_989095	989095	0	G	A	0.333	2.505074e+00	3.122810e+00	-6.735711e+01	2.443749e+00	1.000000e+05	4.310261e-01	4.419184e-01	4.528405e-01
11	11_9749	9749	1	A	G	0.174	-1.687671e+00	1.328824e+00	-6.671868e+01	1.091805e+00	1.000000e+05	2.173363e-01	1.716865e-01	1.937199e-01
11	11_10019	10019	1	G	C	0.304	-4.781845e-01	1.090892e+00	-6.698476e+01	1.378783e+00	1.000000e+05	6.654122e-01	2.477433e-01	2.665675e-01
11	11_10896	10896	0	C	G	0.125	-1.346451e+00	1.527997e+00	-6.741584e+01	6.730210e-01	1.000000e+05	3.877425e-01	4.912316e-01	5.005180e-01
11	11_10931	10931	0	T	A	0.167	-3.474918e-01	1.374820e+00	-6.764914e+01	8.351287e-02	1.000000e+05	8.028047e-01	9.322772e-01	9.330508e-01
11	11_10934	10934	0	G	T	0.208	-6.818680e-01	1.252233e+00	-6.758873e+01	5.703643e-02	1.000000e+05	5.915598e-01	7.204650e-01	7.242272e-01
11	11_104630	104630	0	A	G	0.125	-1.066753e+00	1.544147e+00	-6.748218e+01	1.000000e-05	1.000000e+05	4.968933e-01	5.591606e-01	5.664709e-01
11	11_104688	104688	1	G	A	0.130	-4.897547e-01	1.562190e+00	-6.755938e+01	1.000000e-05	1.000000e+05	7.568500e-01	6.656279e-01	6.704350e-01
11	11_152800	152800	0	C	T	0.333	2.505074e+00	3.122810e+00	-6.735711e+01	2.443749e+00	1.000000e+05	4.310261e-01	4.419184e-01	4.528405e-01
11	11_153063	153063	0	A	G	0.333	2.505074e+00	3.122810e+00	-6.735711e+01	2.443749e+00	1.000000e+05	4.310261e-01	4.419184e-01	4.528405e-01
11	11_159356	159356	0	A	C	0.208	-4.227948e+00	1.677995e+00	-6.596532e+01	1.180870e+00	1.000000e+05	1.951069e-02	6.619750e-02	8.984618e-02
11	11_165295	165295	0	A	G	0.625	-3.868627e+00	2.009959e+00	-6.607897e+01	2.112507e+00	1.000000e+05	6.729127e-02	7.604026e-02	9.992878e-02
11	11_236388	236388	0	A	G	0.333	2.505074e+00	3.122810e+00	-6.735711e+01	2.443749e+00	1.000000e+05	4.310261e-01	4.419184e-01	4.528405e-01
11	11_384025	384025	0	T	C	0.167	1.192342e+00	1.301948e+00	-6.639765e+01	4.569361e+00	1.000000e+05	3.696946e-01	1.131111e-01	1.368945e-01
11	11_393213	393213	0	G	A	0.333	2.505074e+00	3.122810e+00	-6.735711e+01	2.443749e+00	1.000000e+05	4.310261e-01	4.419184e-01	4.528405e-01
11	11_433361	433361	0	G	A	0.333	2.505074e+00	3.122810e+00	-6.735711e+01	2.443749e+00	1.000000e+05	4.310261e-01	4.419184e-01	4.528405e-01
11	11_547884	547884	0	T	C	0.583	-1.285964e-01	1.783445e+00	-6.765262e+01	1.575191e+00	1.000000e+05	9.431694e-01	9.867480e-01	9.868978e-01
11	11_548586	548586	0	C	T	0.333	2.505074e+00	3.122810e+00	-6.735711e+01	2.443749e+00	1.000000e+05	4.310261e-01	4.419184e-01	4.528405e-01
11	11_621705	621705	0	A	C	0.333	2.505074e+00	3.122810e+00	-6.735711e+01	2.443749e+00	1.000000e+05	4.310261e-01	4.419184e-01	4.528405e-01
11	11_674162	674162	0	C	A	0.333	2.505074e+00	3.122810e+00	-6.735711e+01	2.443749e+00	1.000000e+05	4.310261e-01	4.419184e-01	4.528405e-01
11	11_804706	804706	2	A	G	0.364	-3.382954e-01	1.086783e+00	-6.742189e+01	9.761363e-01	1.000000e+05	7.585172e-01	4.968139e-01	5.059259e-01
11	11_804710	804710	6	C	T	0.333	-1.078235e+00	1.203001e+00	-6.726177e+01	8.984121e-01	1.000000e+05	3.798022e-01	3.765423e-01	3.898936e-01
11	11_804742	804742	1	G	A	0.304	2.294103e-01	1.130492e+00	-6.748782e+01	9.313415e-01	1.000000e+05	8.410552e-01	5.657340e-01	5.728696e-01
11	11_804763	804763	2	C	T	0.182	-2.826544e-01	1.390693e+00	-6.765144e+01	2.712167e-02	1.000000e+05	8.408100e-01	9.590648e-01	9.595291e-01
11	11_966513	966513	1	T	A	0.087	-7.546965e-01	1.864408e+00	-6.757861e+01	1.000000e-05	1.000000e+05	6.895397e-01	7.001783e-01	7.043099e-01
11	11_966516	966516	0	C	T	0.083	-6.740700e-01	1.862098e+00	-6.759605e+01	1.000000e-05	1.000000e+05	7.208098e-01	7.362853e-01	7.397724e-01
11	11_966519	966519	0	C	T	0.083	-6.740700e-01	1.862098e+00	-6.759605e+01	1.000000e-05	1.000000e+05	7.208098e-01	7.362853e-01	7.397724e-01
11	11_966569	966569	1	C	G	0.087	-7.546965e-01	1.864408e+00	-6.757861e+01	1.000000e-05	1.000000e+05	6.895397e-01	7.001783e-01	7.043099e-01
11	11_966644	966644	2	C	A	0.182	-3.716211e-01	1.391113e+00	-6.751143e+01	2.730633e-02	1.000000e+05	7.918500e-01	5.949706e-01	6.013625e-01
11	11_966669	966669	2	C	T	0.364	5.029623e-01	1.055244e+00	-6.742543e+01	8.739672e-01	1.000000e+05	6.383247e-01	5.001380e-01	5.091473e-01
11	11_966684	966684	2	C	T	0.500	8.595723e-01	1.043848e+00	-6.744514e+01	6.056380e-01	1.000000e+05	4.190814e-01	5.193301e-01	5.277609e-01
11	11_966699	966699	1	T	C	0.304	1.355791e+00	1.055674e+00	-6.651881e+01	6.863115e-01	1.000000e+05	2.124007e-01	1.320789e-01	1.554325e-01
11	11_966700	966700	1	G	A	0.304	1.355791e+00	1.055674e+00	-6.651881e+01	6.863115e-01	1.000000e+05	2.124007e-01	1.320789e-01	1.554325e-01
11	11_966735	966735	1	A	C	0.174	5.173756e-01	1.386591e+00	-6.761055e+01	8.718023e-01	1.000000e+05	7.126244e-01	7.714194e-01	7.743331e-01
11	11_966738	966738	2	T	A	0.227	-2.037671e-01	1.282829e+00	-6.764400e+01	2.480749e-02	1.000000e+05	8.752425e-01	8.947168e-01	8.959386e-01
11	11_966756	966756	0	A	G	0.167	-8.697591e-01	1.331069e+00	-6.728900e+01	1.076408e+00	1.000000e+05	5.202513e-01	3.936900e-01	4.063763e-01
11	11_966757	966757	0	T	C	0.167	-8.697591e-01	1.331069e+00	-6.728900e+01	1.076408e+00	1.000000e+05	5.202513e-01	3.936900e-01	4.063763e-01
11	11_966771	966771	0	T	C	0.208	-7.898874e-01	1.259826e+00	-6.758823e+01	1.000000e-05	1.000000e+05	5.371244e-01	7.194272e-01	7.232079e-01
11	11_1272894	1272894	0	A	G	0.250	-4.345503e+00	1.829304e+00	-6.595692e+01	1.711433e+00	1.000000e+05	2.666194e-02	6.552628e-02	8.915266e-02
11	11_1301130	1301130	0	T	C	0.083	-8.679376e-01	2.300820e+00	-6.764866e+01	1.124749e+00	1.000000e+05	7.096174e-01	9.278778e-01	9.287029e-01
11	11_1314578	1314578	0	G	C	0.333	2.505074e+00	3.122810e+00	-6.735711e+01	2.443749e+00	1.000000e+05	4.310261e-01	4.419184e-01	4.528405e-01
11	11_1478119	1478119	0	A	G	0.417	9.569219e-01	1.026951e+00	-6.728197e+01	1.000000e-05	1.000000e+05	3.615494e-01	3.891585e-01	4.020187e-01
11	11_1501898	1501898	0	G	T	0.250	-4.345503e+00	1.829304e+00	-6.595692e+01	1.711433e+00	1.000000e+05	2.666194e-02	6.552628e-02	8.915266e-02
11	11_1538971	1538971	0	T	C	0.292	-8.753056e+00	1.864702e+00	-5.932562e+01	1.000000e+05	1.000000e+05	1.107845e-04	4.484926e-05	2.198848e-03
12	12_11092	11092	0	A	G	0.458	-8.344089e-01	1.388122e+00	-6.746808e+01	1.118353e+00	1.000000e+05	5.539127e-01	5.433611e-01	5.511032e-01
12	12_11094	11094	0	A	G	0.333	-6.561867e-02	1.364527e+00	-6.755718e+01	1.425050e+00	1.000000e+05	9.620793e-01	6.619680e-01	6.668504e-01
12	12_11122	11122	0	C	G	0.458	-8.846699e-01	1.353686e+00	-6.752020e+01	1.049309e+00	1.000000e+05	5.201895e-01	6.066265e-01	6.127368e-01
12	12_11170	11170	0	T	C	0.417	-1.091663e+00	1.319897e+00	-6.719651e+01	1.317104e+00	1.000000e+05	4.170718e-01	3.394560e-01	3.543079e-01
12	12_11223	11223	0	G	C	0.208	-6.377791e-01	1.263745e+00	-6.763319e+01	1.000000e-05	1.000000e+05	6.188055e-01	8.431961e-01	8.450747e-01
12	12_11400	11400	0	A	C	0.292	-5.604299e-01	1.338455e+00	-6.744567e+01	1.452244e+00	1.000000e+05	6.794847e-01	5.198595e-01	5.282747e-01
12	12_11406	11406	0	A	G	0.292	-5.604299e-01	1.338455e+00	-6.744567e+01	1.452244e+00	1.000000e+05	6.794847e-01	5.198595e-01	5.282747e-01
12	12_11407	11407	0	C	A	0.292	-5.604299e-01	1.338455e+00	-6.744567e+01	1.452244e+00	1.000000e+05	6.794847e-01	5.198595e-01	5.282747e-01
12	12_11410	11410	0	C	T	0.292	-5.604299e-01	1.338455e+00	-6.744567e+01	1.452244e+00	1.000000e+05	6.794847e-01	5.198595e-01	5.282747e-01
12	12_11413	11413	1	T	G	0.304	-4.410343e-01	1.389693e+00	-6.759312e+01	1.378728e+00	1.000000e+05	7.539621e-01	7.298302e-01	7.334282e-01
12	12_13625	13625	0	G	A	0.625	-3.868627e+00	2.009959e+00	-6.607897e+01	2.112507e+00	1.000000e+05	6.729127e-02	7.604026e-02	9.992878e-02
12	12_13643	13643	0	G	A	0.625	-3.868627e+00	2.009959e+00	-6.607897e+01	2.112507e+00	1.000000e+05	6.729127e-02	7.604026e-02	9.992878e-02
12	12_13645	13645	0	A	G	0.625	-3.868627e+00	2.009959e+00	-6.607897e+01	2.112507e+00	1.000000e+05	6.729127e-02	7.604026e-02	9.992878e-02
12	12_13857	13857	1	A	G	0.174	-1.120235e+00	1.464705e+00	-6.764688e+01	4.299048e-01	1.000000e+05	4.525057e-01	9.137131e-01	9.147057e-01
12	12_13936	13936	0	C	T	0.208	-1.245691e+00	1.283470e+00	-6.746117e+01	4.454295e-01	1.000000e+05	3.423155e-01	5.359160e-01	5.438673e-01
12	12_13979	13979	3	T	C	0.238	-1.268485e+00	1.310830e+00	-6.748759e+01	4.221476e-01	1.000000e+05	3.437150e-01	5.654651e-01	5.726078e-01
12	12_14009	14009	1	C	T	0.348	-9.967855e-01	1.121811e+00	-6.755610e+01	4.082999e-01	1.000000e+05	3.838571e-01	6.601772e-01	6.650966e-01
12	12_14035	14035	1	C	T	0.435	-4.537194e-02	1.084356e+00	-6.755802e+01	1.051141e+00	1.000000e+05	9.670018e-01	6.633560e-01	6.682097e-01
12	12_14096	14096	2	C	T	0.318	1.220795e+00	1.120067e+00	-6.738015e+01	2.325810e-01	1.000000e+05	2.875387e-01	4.602782e-01	4.705712e-01
12	12_14104	14104	2	C	T	0.318	1.337801e+00	1.108860e+00	-6.700094e+01	6.454076e-01	1.000000e+05	2.404522e-01	2.535517e-01	2.721193e-01
12	12_14114	14114	3	T	C	0.286	1.168370e+00	1.185401e+00	-6.749962e+01	9.844645e-02	1.000000e+05	3.350300e-01	5.799773e-01	5.867437e-01
12	12_14125	14125	1	A	G	0.174	-7.944233e-01	1.380792e+00	-6.753688e+01	1.000000e-05	1.000000e+05	5.709003e-01	6.302239e-01	6.357891e-01
12	12_14197	14197	0	G	A	0.083	-6.306323e-01	1.862664e+00	-6.763714e+01	1.768607e-03	1.000000e+05	7.381476e-01	8.597231e-01	8.613846e-01
12	12_14202	14202	0	A	G	0.083	-6.306323e-01	1.862664e+00	-6.763714e+01	1.768607e-03	1.000000e+05	7.381476e-01	8.597231e-01	8.613846e-01
12	12_14301	14301	2	G	A	0.500	-4.061786e-01	1.074239e+00	-6.764236e+01	7.348129e-03	1.000000e+05	7.089739e-01	8.853366e-01	8.866738e-01
12	12_14318	14318	0	A	G	0.250	-2.179472e-01	1.189861e+00	-6.763937e+01	2.566998e-02	1.000000e+05	8.563420e-01	8.700509e-01	8.715800e-01
12	12_14635	14635	0	G	A	0.250	2.473722e+00	1.069088e+00	-6.644842e+01	1.000000e-05	1.000000e+05	3.040328e-02	1.206645e-01	1.442984e-01
12	12_14741	14741	1	C	G	0.304	-7.872598e-01	1.133598e+00	-6.765274e+01	1.000000e-05	1.000000e+05	4.946515e-01	9.962350e-01	9.962775e-01
12	12_14783	14783	2	A	G	0.091	-1.774648e+00	1.827100e+00	-6.743018e+01	4.749049e-02	1.000000e+05	3.419615e-01	5.046462e-01	5.135173e-01
12	12_15014	15014	1	A	G	0.391	1.809268e+00	9.647805e-01	-6.550204e+01	1.463540e+00	1.000000e+05	7.408470e-02	3.808016e-02	5.981811e-02
12	12_19728	19728	0	A	G	0.167	7.420354e-01	1.381916e+00	-6.731989e+01	1.506589e+00	1.000000e+05	5.966837e-01	4.145444e-01	4.264481e-01
12	12_19741	19741	0	C	T	0.250	4.855062e-01	1.188661e+00	-6.716382e+01	1.688537e+00	1.000000e+05	6.868931e-01	3.227232e-01	3.382772e-01
12	12_22806	22806	0	T	C	0.250	-4.345503e+00	1.829304e+00	-6.595692e+01	1.711433e+00	1.000000e+05	2.666194e-02	6.552628e-02	8.915266e-02
12	12_259454	259454	0	A	G	0.167	-2.289727e+00	1.462029e+00	-6.585523e+01	8.105396e+00	1.000000e+05	1.315901e-01	5.795169e-02	8.126397e-02
12	12_315987	315987	0	T	C	0.333	2.505074e+00	3.122810e+00	-6.735711e+01	2.443749e+00	1.000000e+05	4.310261e-01	4.419184e-01	4.528405e-01
12	12_495113	495113	0	T	C	0.083	-8.679376e-01	2.300820e+00	-6.764866e+01	1.124749e+00	1.000000e+05	7.096174e-01	9.278778e-01	9.287029e-01
12	12_502808	502808	2	A	G	0.455	5.881097e-01	1.075480e+00	-6.764695e+01	1.000000e-05	1.000000e+05	5.899965e-01	9.141929e-01	9.151798e-01
12	12_502864	502864	2	T	C	0.409	4.882241e-01	1.089441e+00	-6.759546e+01	1.180705e+00	1.000000e+05	6.584332e-01	7.349860e-01	7.384953e-01
12	12_502865	502865	2	G	T	0.409	4.882241e-01	1.089441e+00	-6.759546e+01	1.180705e+00	1.000000e+05	6.584332e-01	7.349860e-01	7.384953e-01
12	12_502882	502882	3	G	A	0.381	2.045606e-01	1.119722e+00	-6.760275e+01	1.117061e+00	1.000000e+05	8.567153e-01	7.518110e-01	7.550386e-01
12	12_502888	502888	0	G	A	0.458	-3.939846e-01	1.032566e+00	-6.763188e+01	1.000000e-05	1.000000e+05	7.064490e-01	8.380808e-01	8.400280e-01
12	12_502890	502890	3	G	A	0.381	-3.007947e-01	1.134455e+00	-6.765127e+01	1.582549e-03	1.000000e+05	7.933665e-01	9.565189e-01	9.570123e-01
12	12_502909	502909	0	C	T	0.458	5.793644e-01	1.028589e+00	-6.763764e+01	1.000000e-05	1.000000e+05	5.789531e-01	8.619818e-01	8.636141e-01
12	12_502926	502926	3	G	C	0.429	-5.387696e-01	1.098665e+00	-6.752262e+01	1.212208e+00	1.000000e+05	6.287163e-01	6.099401e-01	6.159718e-01
12	12_502937	502937	2	C	T	0.455	5.881096e-01	1.075480e+00	-6.764619e+01	1.000000e-05	1.000000e+05	5.899967e-01	9.087390e-01	9.097910e-01
12	12_502942	502942	2	T	C	0.409	5.719861e-01	1.089754e+00	-6.743128e+01	1.000000e-05	1.000000e+05	6.049187e-01	5.057060e-01	5.145449e-01
12	12_502956	502956	1	A	G	0.348	6.497211e-01	1.096271e+00	-6.733483e+01	1.286087e-02	1.000000e+05	5.594490e-01	4.252170e-01	4.367318e-01
12	12_503049	503049	2	C	G	0.182	1.134307e+00	1.264353e+00	-6.660808e+01	2.138886e+00	1.000000e+05	3.793552e-01	1.483282e-01	1.711939e-01
12	12_503112	503112	4	G	A	0.250	2.210206e+00	1.107855e+00	-6.501243e+01	5.018906e+00	1.000000e+05	5.857211e-02	2.156379e-02	4.047627e-02
12	12_503171	503171	3	G	A	0.286	-2.544425e-01	1.215470e+00	-6.765239e+01	2.729294e-02	1.000000e+05	8.361118e-01	9.784031e-01	9.786473e-01
12	12_503254	503254	1	G	C	0.609	-2.085919e-01	1.081091e+00	-6.753420e+01	4.266240e-02	1.000000e+05	8.487716e-01	6.263009e-01	6.319544e-01
12	12_503293	503293	2	A	C	0.455	-2.785855e-01	1.078110e+00	-6.765267e+01	7.671018e-01	1.000000e+05	7.984990e-01	9.893969e-01	9.895167e-01
12	12_503311	503311	2	C	A	0.545	2.244983e-01	1.066459e+00	-6.764990e+01	5.661965e-01	1.000000e+05	8.352085e-01	9.397641e-01	9.404506e-01
12	12_503313	503313	2	T	A	0.545	1.294675e-01	1.077114e+00	-6.764557e+01	5.874532e-02	1.000000e+05	9.054169e-01	9.045972e-01	9.056991e-01
12	12_503321	503321	2	C	T	0.500	3.774079e-01	1.072283e+00	-6.763506e+01	2.196760e-02	1.000000e+05	7.282123e-01	8.507913e-01	8.525693e-01
12	12_503327	503327	1	A	C	0.435	6.180832e-01	1.055470e+00	-6.761387e+01	1.000000e-05	1.000000e+05	5.641038e-01	7.803344e-01	7.831101e-01
12	12_503356	503356	0	A	C	0.333	-1.423430e+00	1.031399e+00	-6.661959e+01	1.476520e+00	1.000000e+05	1.814219e-01	1.505838e-01	1.733749e-01
12	12_503357	503357	0	T	G	0.375	5.197663e-01	1.060457e+00	-6.760755e+01	1.000000e-05	1.000000e+05	6.288915e-01	7.636509e-01	7.666871e-01
12	12_503364	503364	0	T	C	0.333	8.551361e-01	1.079713e+00	-6.746878e+01	1.000000e-05	1.000000e+05	4.368159e-01	5.441190e-01	5.518399e-01
12	12_503366	503366	1	C	T	0.348	7.650031e-01	1.095017e+00	-6.752233e+01	1.000000e-05	1.000000e+05	4.921082e-01	6.095349e-01	6.155762e-01
12	12_503401	503401	0	A	G	0.292	-6.754234e-01	1.126485e+00	-6.755226e+01	1.000000e-05	1.000000e+05	5.549084e-01	6.539170e-01	6.589672e-01
12	12_503416	503416	0	G	A	0.167	2.021659e-02	1.376645e+00	-6.765275e+01	6.152697e-02	1.000000e+05	9.884155e-01	9.984544e-01	9.984718e-01
12	12_503422	503422	0	T	G	0.125	-1.281900e+00	1.516560e+00	-6.732375e+01	9.616132e-01	1.000000e+05	4.070605e-01	4.172608e-01	4.290648e-01
12	12_503453	503453	0	T	C	0.125	-2.355701e+00	1.495654e+00	-6.648099e+01	1.145348e+00	1.000000e+05	1.295214e-01	1.258044e-01	1.493195e-01
12	12_537923	537923	0	G	A	0.417	-1.852996e+00	9.678239e-01	-6.691135e+01	7.538892e-02	1.000000e+05	6.863738e-02	2.233364e-01	2.432319e-01
12	12_704606	704606	0	A	G	0.250	-4.345503e+00	1.829304e+00	-6.595692e+01	1.711433e+00	1.000000e+05	2.666194e-02	6.552628e-02	8.915266e-02
13	13_11108	11108	0	C	T	0.125	-3.209634e-01	1.552095e+00	-6.752619e+01	2.884971e-02	1.000000e+05	8.380731e-01	6.148843e-01	6.208000e-01
13	13_11118	11118	0	T	C	0.208	-1.592643e+00	1.178756e+00	-6.630271e+01	1.687297e+00	1.000000e+05	1.903892e-01	1.003424e-01	1.242978e-01
13	13_11130	11130	0	A	G	0.208	-1.576086e+00	1.225810e+00	-6.738745e+01	1.000000e-05	1.000000e+05	2.118992e-01	4.663472e-01	4.764376e-01
13	13_52884	52884	0	A	G	0.167	-1.425164e+00	1.343125e+00	-6.719979e+01	1.396655e-01	1.000000e+05	3.001634e-01	3.411945e-01	3.559742e-01
13	13_111766	111766	0	G	A	0.333	2.505074e+00	3.122810e+00	-6.735711e+01	2.443749e+00	1.000000e+05	4.310261e-01	4.419184e-01	4.528405e-01
13	13_128625	128625	6	A	G	0.444	-1.435568e+00	1.034686e+00	-6.597567e+01	2.403292e+00	1.000000e+05	1.792020e-01	6.703530e-02	9.071066e-02
13	13_128715	128715	3	G	A	0.333	-1.640031e+00	9.648156e-01	-6.532936e+01	2.020964e+00	1.000000e+05	1.032581e-01	3.111153e-02	5.190216e-02
13	13_128729	128729	3	G	A	0.286	-1.392967e+00	1.018512e+00	-6.576922e+01	2.358833e+00	1.000000e+05	1.852322e-01	5.227114e-02	7.526099e-02
13	13_162462	162462	0	A	G	0.167	2.547299e+00	1.241875e+00	-6.561015e+01	9.580104e-01	1.000000e+05	5.234527e-02	4.326030e-02	6.554322e-02
13	13_219021	219021	3	C	T	0.190	-6.665080e-01	1.399246e+00	-6.764778e+01	8.768798e-01	1.000000e+05	6.385335e-01	9.205087e-01	9.214206e-01
13	13_219311	219311	0	A	T	0.208	1.501252e+00	1.230076e+00	-6.765125e+01	1.000000e-05	1.000000e+05	2.352132e-01	9.562852e-01	9.567813e-01
13	13_219312	219312	0	A	G	0.167	2.273844e+00	1.297466e+00	-6.763117e+01	1.000000e-05	1.000000e+05	9.361053e-02	8.354006e-01	8.373841e-01
13	13_365348	365348	0	T	C	0.625	-3.868627e+00	2.009959e+00	-6.607897e+01	2.112507e+00	1.000000e+05	6.729127e-02	7.604026e-02	9.992878e-02
13	13_436539	436539	0	G	A	0.333	2.505074e+00	3.122810e+00	-6.735711e+01	2.443749e+00	1.000000e+05	4.310261e-01	4.419184e-01	4.528405e-01
13	13_436551	436551	0	C	G	0.333	2.505074e+00	3.122810e+00	-6.735711e+01	2.443749e+00	1.000000e+05	4.310261e-01	4.419184e-01	4.528405e-01
13	13_436554	436554	0	T	C	0.333	2.505074e+00	3.122810e+00	-6.735711e+01	2.443749e+00	1.000000e+05	4.310261e-01	4.419184e-01	4.528405e-01
13	13_511459	511459	0	T	C	0.333	2.505074e+00	3.122810e+00	-6.735711e+01	2.443749e+00	1.000000e+05	4.310261e-01	4.419184e-01	4.528405e-01
13	13_548791	548791	0	T	C	0.083	-8.679376e-01	2.300820e+00	-6.764866e+01	1.124749e+00	1.000000e+05	7.096174e-01	9.278778e-01	9.287029e-01
13	13_655915	655915	0	A	G	0.417	-9.466752e-02	1.040644e+00	-6.765225e+01	3.342315e-02	1.000000e+05	9.283395e-01	9.745928e-01	9.748802e-01
13	13_723038	723038	0	G	A	0.292	-8.753056e+00	1.864702e+00	-5.932562e+01	1.000000e+05	1.000000e+05	1.107845e-04	4.484926e-05	2.198848e-03
13	13_742766	742766	3	G	A	0.238	-1.505417e+00	1.214940e+00	-6.630833e+01	2.907966e+00	1.000000e+05	2.283703e-01	1.010526e-01	1.250015e-01
13	13_742771	742771	0	C	A	0.292	-1.081577e+00	1.118474e+00	-6.711727e+01	1.400358e+00	1.000000e+05	3.440491e-01	3.007249e-01	3.172218e-01
13	13_746053	746053	0	G	A	0.083	4.244444e+00	1.633773e+00	-6.458412e+01	1.000000e-05	1.000000e+05	1.642029e-02	1.323610e-02	2.956131e-02
13	13_748576	748576	0	C	G	0.333	2.505074e+00	3.122810e+00	-6.735711e+01	2.443749e+00	1.000000e+05	4.310261e-01	4.419184e-01	4.528405e-01
14	14_23327	23327	0	C	T	0.333	2.505074e+00	3.122810e+00	-6.735711e+01	2.443749e+00	1.000000e+05	4.310261e-01	4.419184e-01	4.528405e-01
14	14_68046	68046	0	A	G	0.333	2.505074e+00	3.122810e+00	-6.735711e+01	2.443749e+00	1.000000e+05	4.310261e-01	4.419184e-01	4.528405e-01
14	14_149196	149196	0	A	G	0.083	-8.679376e-01	2.300820e+00	-6.764866e+01	1.124749e+00	1.000000e+05	7.096174e-01	9.278778e-01	9.287029e-01
14	14_155590	155590	0	T	C	0.208	-2.013872e+00	1.179270e+00	-6.559929e+01	2.977532e+00	1.000000e+05	1.017619e-01	4.270790e-02	6.493814e-02
14	14_231768	231768	0	A	G	0.083	-8.679376e-01	2.300820e+00	-6.764866e+01	1.124749e+00	1.000000e+05	7.096174e-01	9.278778e-01	9.287029e-01
14	14_271762	271762	0	T	C	0.333	2.505074e+00	3.122810e+00	-6.735711e+01	2.443749e+00	1.000000e+05	4.310261e-01	4.419184e-01	4.528405e-01
14	14_342562	342562	0	T	G	0.625	-1.629176e-01	1.061824e+00	-6.764321e+01	3.740489e-02	1.000000e+05	8.794564e-01	8.900872e-01	8.913658e-01
14	14_351837	351837	0	G	T	0.083	-2.730708e+00	1.956073e+00	-6.707479e+01	9.499179e-01	1.000000e+05	1.766392e-01	2.823113e-01	2.996110e-01
14	14_383626	383626	0	A	G	0.583	-1.285964e-01	1.783445e+00	-6.765262e+01	1.575191e+00	1.000000e+05	9.431694e-01	9.867480e-01	9.868978e-01
14	14_555698	555698	0	G	A	0.333	2.505074e+00	3.122810e+00	-6.735711e+01	2.443749e+00	1.000000e+05	4.310261e-01	4.419184e-01	4.528405e-01
14	14_558889	558889	0	T	C	0.333	2.505074e+00	3.122810e+00	-6.735711e+01	2.443749e+00	1.000000e+05	4.310261e-01	4.419184e-01	4.528405e-01
14	14_612687	612687	0	T	C	0.292	-8.753056e+00	1.864702e+00	-5.932562e+01	1.000000e+05	1.000000e+05	1.107845e-04	4.484926e-05	2.198848e-03
14	14_618816	618816	0	G	T	0.333	2.505074e+00	3.122810e+00	-6.735711e+01	2.443749e+00	1.000000e+05	4.310261e-01	4.419184e-01	4.528405e-01
14	14_716719	716719	0	T	C	0.333	2.505074e+00	3.122810e+00	-6.735711e+01	2.443749e+00	1.000000e+05	4.310261e-01	4.419184e-01	4.528405e-01
14	14_773166	773166	0	T	C	0.208	-4.227948e+00	1.677995e+00	-6.596532e+01	1.180870e+00	1.000000e+05	1.951069e-02	6.619750e-02	8.984618e-02
14	14_852745	852745	0	T	G	0.583	-1.285964e-01	1.783445e+00	-6.765262e+01	1.575191e+00	1.000000e+05	9.431694e-01	9.867480e-01	9.868978e-01
14	14_908850	908850	0	A	G	0.583	3.166498e-01	1.035306e+00	-6.723261e+01	1.419602e+00	1.000000e+05	7.625931e-01	3.593113e-01	3.733496e-01
14	14_908994	908994	1	C	T	0.130	-1.276458e+00	1.537043e+00	-6.754301e+01	2.121943e-02	1.000000e+05	4.151987e-01	6.394305e-01	6.447918e-01
14	14_909011	909011	1	T	C	0.130	-1.276458e+00	1.537043e+00	-6.754301e+01	2.121943e-02	1.000000e+05	4.151987e-01	6.394305e-01	6.447918e-01
14	14_909450	909450	0	G	T	0.208	-2.067777e+00	1.192128e+00	-6.536700e+01	1.000000e-05	1.000000e+05	9.681617e-02	3.250782e-02	5.351142e-02
14	14_909472	909472	1	G	T	0.304	1.011899e+00	1.080178e+00	-6.697004e+01	1.423844e+00	1.000000e+05	3.590381e-01	2.425994e-01	2.616505e-01
14	14_909504	909504	2	T	G	0.273	-1.333755e+00	1.176696e+00	-6.744020e+01	1.000000e-05	1.000000e+05	2.692163e-01	5.143991e-01	5.229761e-01
14	14_909638	909638	1	T	C	0.696	-9.837750e-01	1.126598e+00	-6.757550e+01	1.000000e-05	1.000000e+05	3.919717e-01	6.942612e-01	6.985043e-01
14	14_909661	909661	0	A	G	0.667	8.546546e-02	1.094300e+00	-6.765153e+01	8.698778e-01	1.000000e+05	9.384541e-01	9.605460e-01	9.609934e-01
14	14_909704	909704	0	A	G	0.583	-2.149105e+00	9.414393e-01	-6.501710e+01	1.000000e-05	1.000000e+05	3.246735e-02	2.167964e-02	4.062041e-02
14	14_910040	910040	2	A	G	0.409	-1.494923e+00	1.048838e+00	-6.765079e+01	4.002448e-03	1.000000e+05	1.681007e-01	9.500364e-01	9.506042e-01
14	14_910103	910103	1	A	G	0.435	-1.577191e+00	1.009030e+00	-6.752055e+01	8.754190e-04	1.000000e+05	1.323062e-01	6.071005e-01	6.131995e-01
14	14_910152	910152	1	A	G	0.348	-1.794138e+00	1.036706e+00	-6.653808e+01	4.481757e-02	1.000000e+05	9.752497e-02	1.354102e-01	1.586714e-01
14	14_910181	910181	1	G	A	0.391	-1.430974e+00	1.036448e+00	-6.755099e+01	1.000000e-05	1.000000e+05	1.812531e-01	6.518798e-01	6.569731e-01
14	14_910258	910258	1	G	T	0.435	1.294094e+00	1.068562e+00	-6.762827e+01	2.283427e-01	1.000000e+05	2.387214e-01	8.248710e-01	8.269987e-01
14	14_910323	910323	1	T	C	0.348	1.520475e+00	1.057461e+00	-6.749098e+01	7.182527e-02	1.000000e+05	1.645485e-01	5.694804e-01	5.765176e-01
14	14_910328	910328	1	G	A	0.391	1.550931e+00	1.031908e+00	-6.672721e+01	2.309584e-01	1.000000e+05	1.470655e-01	1.736563e-01	1.956142e-01
14	14_910510	910510	1	A	G	0.391	1.407028e+00	1.033656e+00	-6.722887e+01	2.693050e-02	1.000000e+05	1.872261e-01	3.571813e-01	3.713058e-01
14	14_910555	910555	1	C	T	0.348	1.011160e+00	1.084466e+00	-6.741117e+01	9.386666e-03	1.000000e+05	3.612486e-01	4.869863e-01	4.964068e-01
14	14_910742	910742	0	A	G	0.250	5.804438e-01	1.156245e+00	-6.729490e+01	1.432158e+00	1.000000e+05	6.206495e-01	3.975551e-01	4.100941e-01
14	14_910822	910822	0	G	A	0.208	-1.866321e-01	1.249316e+00	-6.764925e+01	9.153838e-01	1.000000e+05	8.826089e-01	9.332837e-01	9.340456e-01
14	14_910834	910834	1	T	A	0.130	-2.186117e-01	1.555925e+00	-6.764566e+01	8.867653e-01	1.000000e+05	8.895413e-01	9.051958e-01	9.062904e-01
14	14_910926	910926	3	G	A	0.381	-1.452427e+00	1.068938e+00	-6.598290e+01	5.887720e+00	1.000000e+05	1.879930e-01	6.762647e-02	9.131991e-02
14	14_910939	910939	3	C	A	0.524	2.101179e+00	7.631083e-01	-6.359836e+01	1.440604e+01	1.000000e+05	1.159582e-02	4.405135e-03	1.552656e-02
14	14_910964	910964	1	G	A	0.478	1.730089e-01	1.073069e+00	-6.746582e+01	8.271419e-01	1.000000e+05	8.733852e-01	5.409054e-01	5.487160e-01
14	14_910966	910966	0	T	C	0.458	4.608772e-01	1.030662e+00	-6.758256e+01	1.181779e-01	1.000000e+05	6.591266e-01	7.078920e-01	7.118809e-01
14	14_910979	910979	1	A	G	0.478	-1.180470e+00	1.031265e+00	-6.764469e+01	1.291471e-01	1.000000e+05	2.646424e-01	8.989441e-01	9.001143e-01
14	14_911099	911099	2	A	G	0.455	2.900183e-01	1.077106e+00	-6.749927e+01	2.632270e-02	1.000000e+05	7.902412e-01	5.795504e-01	5.863277e-01
14	14_911129	911129	0	T	C	0.542	-3.732046e-01	1.022906e+00	-6.755675e+01	1.039251e+00	1.000000e+05	7.187091e-01	6.612437e-01	6.661410e-01
14	14_911206	911206	0	G	A	0.375	-5.781519e-01	1.089360e+00	-6.677352e+01	2.476687e+00	1.000000e+05	6.009258e-01	1.848142e-01	2.063328e-01
14	14_911262	911262	1	A	C	0.348	-2.113041e-01	1.312493e+00	-6.738412e+01	1.326980e+00	1.000000e+05	8.735671e-01	4.635673e-01	4.737502e-01
14	14_911292	911292	2	A	G	0.318	7.486266e-01	1.146469e+00	-6.765180e+01	1.000000e-05	1.000000e+05	5.205323e-01	9.651991e-01	9.655934e-01
14	14_911297	911297	3	A	C	0.333	6.380826e-01	1.162673e+00	-6.764791e+01	1.000000e-05	1.000000e+05	5.886653e-01	9.216152e-01	9.225141e-01
14	14_911308	911308	0	C	T	0.292	1.604365e+00	1.082924e+00	-6.709350e+01	1.000000e-05	1.000000e+05	1.526520e-01	2.902376e-01	3.071905e-01
14	14_911314	911314	0	A	G	0.167	-1.453354e+00	1.337797e+00	-6.762641e+01	2.778063e-01	1.000000e+05	2.890722e-01	8.184381e-01	8.206556e-01
14	14_911321	911321	2	G	A	0.273	-1.467235e+00	1.160515e+00	-6.742294e+01	6.057741e-01	1.000000e+05	2.193548e-01	4.978003e-01	5.068818e-01
14	14_911352	911352	3	G	A	0.381	8.615021e-02	1.129632e+00	-6.735096e+01	2.878759e-02	1.000000e+05	9.398984e-01	4.372144e-01	4.483015e-01
14	14_911375	911375	1	G	A	0.391	1.464176e-01	1.087738e+00	-6.763016e+01	6.495035e-02	1.000000e+05	8.941462e-01	8.316529e-01	8.336874e-01
14	14_911385	911385	1	G	A	0.478	-2.439327e-01	1.088596e+00	-6.764909e+01	7.977613e-01	1.000000e+05	8.247629e-01	9.317632e-01	9.325428e-01
14	14_911414	911414	3	G	A	0.238	-4.615623e-01	1.243681e+00	-6.765275e+01	6.999053e-01	1.000000e+05	7.140936e-01	9.967537e-01	9.967904e-01
14	14_924025	924025	0	T	C	0.417	3.199671e-01	1.300881e+00	-6.760298e+01	1.423170e+00	1.000000e+05	8.079920e-01	7.523757e-01	7.555940e-01
14	14_924047	924047	0	C	A	0.500	1.157571e-01	1.299320e+00	-6.749523e+01	1.565983e+00	1.000000e+05	9.298160e-01	5.745924e-01	5.814968e-01
14	14_924049	924049	0	T	A	0.500	1.157571e-01	1.299320e+00	-6.749523e+01	1.565983e+00	1.000000e+05	9.298160e-01	5.745924e-01	5.814968e-01
14	14_924050	924050	0	C	G	0.500	1.157571e-01	1.299320e+00	-6.749523e+01	1.565983e+00	1.000000e+05	9.298160e-01	5.745924e-01	5.814968e-01
14	14_924059	924059	0	T	C	0.458	-2.078092e-01	1.276971e+00	-6.740438e+01	1.475227e+00	1.000000e+05	8.722118e-01	4.809309e-01	4.905449e-01
14	14_924128	924128	0	G	A	0.333	-1.939561e+00	1.327859e+00	-6.637215e+01	2.119328e+00	1.000000e+05	1.582418e-01	1.095142e-01	1.333572e-01
14	14_924776	924776	0	A	G	0.375	9.581757e-01	1.424213e+00	-6.738112e+01	1.037464e+00	1.000000e+05	5.080959e-01	4.610788e-01	4.713450e-01
14	14_924866	924866	0	G	A	0.292	-1.202622e+00	1.106337e+00	-6.746559e+01	1.000000e-05	1.000000e+05	2.887903e-01	5.406580e-01	5.484755e-01
14	14_925085	925085	0	G	A	0.125	-1.051320e-01	1.542175e+00	-6.757045e+01	7.978827e-01	1.000000e+05	9.462651e-01	6.849531e-01	6.893750e-01
