chr	rs	ps	n_miss	allele1	allele0	af	beta	se	logl_H1	l_remle	l_mle	p_wald	p_lrt	p_score
1	1_44747	44747	0	C	G	0.250	9.059325e+00	4.779635e+00	-1.030548e+02	2.440740e-02	1.000000e+05	7.125413e-02	5.851013e-02	8.184980e-02
1	1_44753	44753	1	G	A	0.261	8.976621e+00	4.820654e+00	-1.031588e+02	1.426793e-02	1.000000e+05	7.599784e-02	6.634966e-02	9.000329e-02
1	1_44785	44785	1	G	A	0.174	-2.467249e+00	5.979960e+00	-1.046970e+02	1.000000e-05	1.000000e+05	6.839029e-01	5.872327e-01	5.938161e-01
1	1_47564	47564	0	G	A	0.417	-3.654495e+00	4.450417e+00	-1.046857e+02	1.000000e-05	1.000000e+05	4.203661e-01	5.732113e-01	5.801514e-01
1	1_47575	47575	1	G	A	0.435	-3.951301e+00	4.511974e+00	-1.045349e+02	1.000000e-05	1.000000e+05	3.906348e-01	4.314391e-01	4.427308e-01
1	1_47671	47671	2	G	A	0.409	-4.013409e+00	4.653868e+00	-1.046724e+02	1.000000e-05	1.000000e+05	3.977811e-01	5.576407e-01	5.649918e-01
1	1_47684	47684	2	C	G	0.455	-4.342574e+00	4.579703e+00	-1.045605e+02	1.000000e-05	1.000000e+05	3.533169e-01	4.511903e-01	4.617918e-01
1	1_47686	47686	2	A	G	0.455	-4.342574e+00	4.579703e+00	-1.045605e+02	1.000000e-05	1.000000e+05	3.533169e-01	4.511903e-01	4.617918e-01
1	1_101060	101060	0	T	C	0.083	-2.241516e+00	8.045135e+00	-1.048117e+02	1.000000e-05	1.000000e+05	7.831404e-01	7.983682e-01	8.008738e-01
1	1_170985	170985	0	A	G	0.083	-2.241516e+00	8.045135e+00	-1.048117e+02	1.000000e-05	1.000000e+05	7.831404e-01	7.983682e-01	8.008738e-01
1	1_291990	291990	1	T	G	0.348	-3.498108e+00	4.718964e+00	-1.046337e+02	1.000000e-05	1.000000e+05	4.663590e-01	5.163140e-01	5.248340e-01
1	1_309593	309593	2	A	G	0.364	-3.666958e+00	4.772735e+00	-1.046332e+02	1.000000e-05	1.000000e+05	4.504700e-01	5.157713e-01	5.243075e-01
1	1_363954	363954	0	A	G	0.208	-2.675130e+00	5.455162e+00	-1.048440e+02	1.000000e-05	1.000000e+05	6.287167e-01	9.792241e-01	9.794590e-01
1	1_477160	477160	0	A	C	0.167	-2.644423e+00	5.950263e+00	-1.048443e+02	1.000000e-05	1.000000e+05	6.610792e-01	9.900357e-01	9.901482e-01
1	1_606536	606536	0	A	G	0.083	-2.241516e+00	8.045135e+00	-1.048117e+02	1.000000e-05	1.000000e+05	7.831404e-01	7.983682e-01	8.008738e-01
1	1_743295	743295	0	T	C	0.083	-2.241516e+00	8.045135e+00	-1.048117e+02	1.000000e-05	1.000000e+05	7.831404e-01	7.983682e-01	8.008738e-01
1	1_807596	807596	0	T	C	0.083	-2.241516e+00	8.045135e+00	-1.048117e+02	1.000000e-05	1.000000e+05	7.831404e-01	7.983682e-01	8.008738e-01
1	1_927896	927896	0	C	T	0.208	-2.675130e+00	5.455162e+00	-1.048440e+02	1.000000e-05	1.000000e+05	6.287167e-01	9.792241e-01	9.794590e-01
1	1_927901	927901	0	C	A	0.208	-2.675130e+00	5.455162e+00	-1.048440e+02	1.000000e-05	1.000000e+05	6.287167e-01	9.792241e-01	9.794590e-01
1	1_944973	944973	0	G	C	0.333	-3.299134e+00	4.672677e+00	-1.048439e+02	1.000000e-05	1.000000e+05	4.875686e-01	9.764297e-01	9.766963e-01
1	1_971811	971811	1	G	T	0.087	-2.619674e+00	8.055866e+00	-1.048299e+02	1.000000e-05	1.000000e+05	7.481109e-01	8.651390e-01	8.667307e-01
1	1_975012	975012	0	C	T	0.125	-2.668946e+00	6.711108e+00	-1.047538e+02	1.000000e-05	1.000000e+05	6.946907e-01	6.703939e-01	6.751043e-01
1	1_975152	975152	3	T	C	0.333	-3.776596e+00	4.986806e+00	-1.042641e+02	1.000000e-05	1.000000e+05	4.568949e-01	2.813792e-01	2.987198e-01
1	1_975212	975212	0	C	T	0.375	-3.548350e+00	4.538391e+00	-1.043169e+02	1.000000e-05	1.000000e+05	4.426354e-01	3.043868e-01	3.207254e-01
1	1_975397	975397	2	T	C	0.409	5.729984e+00	4.571458e+00	-1.039882e+02	1.000000e-05	1.000000e+05	2.232083e-01	1.906997e-01	2.119795e-01
1	1_975445	975445	2	T	C	0.273	8.760091e+00	4.888936e+00	-1.028348e+02	1.697920e-02	1.000000e+05	8.692853e-02	4.498672e-02	6.742667e-02
1	1_975457	975457	2	A	G	0.318	7.246213e+00	4.750029e+00	-1.035420e+02	1.000000e-05	1.000000e+05	1.413807e-01	1.065432e-01	1.304291e-01
1	1_975510	975510	1	T	C	0.130	-2.577961e+00	6.733806e+00	-1.045236e+02	1.000000e-05	1.000000e+05	7.055134e-01	4.231521e-01	4.347416e-01
1	1_1065714	1065714	0	G	A	0.208	-2.675130e+00	5.455162e+00	-1.048440e+02	1.000000e-05	1.000000e+05	6.287167e-01	9.792241e-01	9.794590e-01
1	1_1317098	1317098	0	T	C	0.625	3.463134e+00	4.541534e+00	-1.042564e+02	1.000000e-05	1.000000e+05	4.538324e-01	2.781988e-01	2.956791e-01
1	1_1354376	1354376	0	A	G	0.333	-3.299134e+00	4.672677e+00	-1.048439e+02	1.000000e-05	1.000000e+05	4.875686e-01	9.764297e-01	9.766963e-01
1	1_1471243	1471243	0	T	C	0.333	-3.299134e+00	4.672677e+00	-1.048439e+02	1.000000e-05	1.000000e+05	4.875686e-01	9.764297e-01	9.766963e-01
1	1_1509932	1509932	0	A	C	0.292	-3.077627e+00	4.856606e+00	-1.047436e+02	1.000000e-05	1.000000e+05	5.328109e-01	6.535908e-01	6.586479e-01
1	1_1509935	1509935	0	G	C	0.292	-3.077627e+00	4.856606e+00	-1.047436e+02	1.000000e-05	1.000000e+05	5.328109e-01	6.535908e-01	6.586479e-01
1	1_1509940	1509940	0	G	C	0.292	-3.077627e+00	4.856606e+00	-1.047436e+02	1.000000e-05	1.000000e+05	5.328109e-01	6.535908e-01	6.586479e-01
1	1_1581524	1581524	1	A	G	0.217	-2.796386e+00	5.484127e+00	-1.042612e+02	1.000000e-05	1.000000e+05	6.151953e-01	2.801753e-01	2.975687e-01
1	1_1583615	1583615	0	C	T	0.333	-3.299134e+00	4.672677e+00	-1.048439e+02	1.000000e-05	1.000000e+05	4.875686e-01	9.764297e-01	9.766963e-01
1	1_1943622	1943622	0	G	A	0.333	-3.299134e+00	4.672677e+00	-1.048439e+02	1.000000e-05	1.000000e+05	4.875686e-01	9.764297e-01	9.766963e-01
1	1_2108016	2108016	0	G	C	0.292	-3.077627e+00	4.856606e+00	-1.047436e+02	1.000000e-05	1.000000e+05	5.328109e-01	6.535908e-01	6.586479e-01
1	1_2194658	2194658	0	A	G	0.083	-2.241516e+00	8.045135e+00	-1.048117e+02	1.000000e-05	1.000000e+05	7.831404e-01	7.983682e-01	8.008738e-01
1	1_2205937	2205937	0	G	C	0.333	-3.299134e+00	4.672677e+00	-1.048439e+02	1.000000e-05	1.000000e+05	4.875686e-01	9.764297e-01	9.766963e-01
2	2_71426	71426	0	T	C	0.333	-3.299134e+00	4.672677e+00	-1.048439e+02	1.000000e-05	1.000000e+05	4.875686e-01	9.764297e-01	9.766963e-01
2	2_140257	140257	0	G	A	0.333	-3.299134e+00	4.672677e+00	-1.048439e+02	1.000000e-05	1.000000e+05	4.875686e-01	9.764297e-01	9.766963e-01
2	2_150696	150696	0	T	C	0.333	-3.299134e+00	4.672677e+00	-1.048439e+02	1.000000e-05	1.000000e+05	4.875686e-01	9.764297e-01	9.766963e-01
2	2_270700	270700	2	T	C	0.364	-3.692118e+00	4.771848e+00	-1.044039e+02	1.000000e-05	1.000000e+05	4.473260e-01	3.479639e-01	3.624644e-01
2	2_270799	270799	4	A	G	0.150	-2.864954e+00	6.806185e+00	-1.047291e+02	1.000000e-05	1.000000e+05	6.778871e-01	6.311784e-01	6.367222e-01
2	2_270855	270855	0	G	A	0.458	4.912807e+00	4.346026e+00	-1.044515e+02	1.000000e-05	1.000000e+05	2.704758e-01	3.754310e-01	3.888260e-01
2	2_270969	270969	1	T	G	0.435	5.412404e+00	4.442524e+00	-1.045476e+02	1.000000e-05	1.000000e+05	2.360080e-01	4.410501e-01	4.520025e-01
2	2_270970	270970	1	T	A	0.435	5.412404e+00	4.442524e+00	-1.045476e+02	1.000000e-05	1.000000e+05	2.360080e-01	4.410501e-01	4.520025e-01
2	2_270971	270971	1	C	A	0.435	5.412404e+00	4.442524e+00	-1.045476e+02	1.000000e-05	1.000000e+05	2.360080e-01	4.410501e-01	4.520025e-01
2	2_270994	270994	0	A	G	0.458	4.912754e+00	4.346034e+00	-1.047292e+02	1.000000e-05	1.000000e+05	2.704816e-01	6.312790e-01	6.368206e-01
2	2_294465	294465	1	G	A	0.174	-2.629502e+00	5.976812e+00	-1.046857e+02	1.000000e-05	1.000000e+05	6.642647e-01	5.732806e-01	5.802190e-01
2	2_508674	508674	0	G	A	0.333	-3.299134e+00	4.672677e+00	-1.048439e+02	1.000000e-05	1.000000e+05	4.875686e-01	9.764297e-01	9.766963e-01
2	2_595266	595266	0	A	G	0.333	-3.299134e+00	4.672677e+00	-1.048439e+02	1.000000e-05	1.000000e+05	4.875686e-01	9.764297e-01	9.766963e-01
2	2_697983	697983	0	A	G	0.583	3.639815e+00	4.451090e+00	-1.047903e+02	1.000000e-05	1.000000e+05	4.222767e-01	7.422203e-01	7.456070e-01
2	2_774357	774357	0	A	C	0.333	-3.299134e+00	4.672677e+00	-1.048439e+02	1.000000e-05	1.000000e+05	4.875686e-01	9.764297e-01	9.766963e-01
2	2_820645	820645	0	T	A	0.333	-3.299134e+00	4.672677e+00	-1.048439e+02	1.000000e-05	1.000000e+05	4.875686e-01	9.764297e-01	9.766963e-01
2	2_963693	963693	0	T	G	0.292	-3.077627e+00	4.856606e+00	-1.047436e+02	1.000000e-05	1.000000e+05	5.328109e-01	6.535908e-01	6.586479e-01
2	2_983795	983795	0	G	C	0.583	3.639815e+00	4.451090e+00	-1.047903e+02	1.000000e-05	1.000000e+05	4.222767e-01	7.422203e-01	7.456070e-01
2	2_1088064	1088064	0	T	C	0.083	-2.241516e+00	8.045135e+00	-1.048117e+02	1.000000e-05	1.000000e+05	7.831404e-01	7.983682e-01	8.008738e-01
2	2_1162362	1162362	0	G	C	0.333	-3.299134e+00	4.672677e+00	-1.048439e+02	1.000000e-05	1.000000e+05	4.875686e-01	9.764297e-01	9.766963e-01
2	2_1225303	1225303	0	A	G	0.583	3.639815e+00	4.451090e+00	-1.047903e+02	1.000000e-05	1.000000e+05	4.222767e-01	7.422203e-01	7.456070e-01
2	2_1406556	1406556	0	G	A	0.333	-3.299134e+00	4.672677e+00	-1.048439e+02	1.000000e-05	1.000000e+05	4.875686e-01	9.764297e-01	9.766963e-01
2	2_1519281	1519281	0	T	C	0.333	-3.299134e+00	4.672677e+00	-1.048439e+02	1.000000e-05	1.000000e+05	4.875686e-01	9.764297e-01	9.766963e-01
3	3_61845	61845	0	G	T	0.333	-3.299134e+00	4.672677e+00	-1.048439e+02	1.000000e-05	1.000000e+05	4.875686e-01	9.764297e-01	9.766963e-01
3	3_83036	83036	0	T	C	0.333	-3.299134e+00	4.672677e+00	-1.048439e+02	1.000000e-05	1.000000e+05	4.875686e-01	9.764297e-01	9.766963e-01
3	3_84476	84476	0	T	C	0.333	-3.299134e+00	4.672677e+00	-1.048439e+02	1.000000e-05	1.000000e+05	4.875686e-01	9.764297e-01	9.766963e-01
3	3_97584	97584	0	G	T	0.083	-2.241516e+00	8.045135e+00	-1.048117e+02	1.000000e-05	1.000000e+05	7.831404e-01	7.983682e-01	8.008738e-01
3	3_189938	189938	0	T	C	0.083	-2.241516e+00	8.045135e+00	-1.048117e+02	1.000000e-05	1.000000e+05	7.831404e-01	7.983682e-01	8.008738e-01
3	3_207299	207299	1	A	G	0.130	-2.749438e+00	6.730724e+00	-1.048301e+02	1.000000e-05	1.000000e+05	6.868623e-01	8.661306e-01	8.677097e-01
3	3_288811	288811	0	T	C	0.125	-2.668844e+00	6.711128e+00	-1.048164e+02	1.000000e-05	1.000000e+05	6.947025e-01	8.131401e-01	8.154324e-01
3	3_296203	296203	0	G	A	0.208	-2.675130e+00	5.455162e+00	-1.048440e+02	1.000000e-05	1.000000e+05	6.287167e-01	9.792241e-01	9.794590e-01
3	3_354680	354680	0	C	T	0.333	-3.299134e+00	4.672677e+00	-1.048439e+02	1.000000e-05	1.000000e+05	4.875686e-01	9.764297e-01	9.766963e-01
3	3_401715	401715	0	T	C	0.333	-3.299134e+00	4.672677e+00	-1.048439e+02	1.000000e-05	1.000000e+05	4.875686e-01	9.764297e-01	9.766963e-01
3	3_449970	449970	0	T	C	0.292	-3.077627e+00	4.856606e+00	-1.047436e+02	1.000000e-05	1.000000e+05	5.328109e-01	6.535908e-01	6.586479e-01
3	3_485530	485530	0	T	C	0.208	-2.675130e+00	5.455162e+00	-1.048440e+02	1.000000e-05	1.000000e+05	6.287167e-01	9.792241e-01	9.794590e-01
3	3_493126	493126	0	C	T	0.375	-3.463134e+00	4.541534e+00	-1.042564e+02	1.000000e-05	1.000000e+05	4.538324e-01	2.781988e-01	2.956791e-01
3	3_741271	741271	0	T	C	0.083	-2.241516e+00	8.045135e+00	-1.048117e+02	1.000000e-05	1.000000e+05	7.831404e-01	7.983682e-01	8.008738e-01
3	3_750294	750294	0	T	G	0.250	8.534568e+00	4.811533e+00	-1.039025e+02	1.000000e-05	1.000000e+05	8.994463e-02	1.699245e-01	1.920248e-01
3	3_860957	860957	0	A	T	0.500	4.234221e+00	4.362486e+00	-1.048288e+02	1.000000e-05	1.000000e+05	3.422993e-01	8.601473e-01	8.618032e-01
3	3_862065	862065	0	G	A	0.208	1.042540e+01	5.014209e+00	-1.015920e+02	1.000000e-05	1.000000e+05	4.946641e-02	1.075947e-02	2.601348e-02
3	3_862068	862068	0	G	A	0.208	1.042540e+01	5.014209e+00	-1.015920e+02	1.000000e-05	1.000000e+05	4.946641e-02	1.075947e-02	2.601348e-02
3	3_862069	862069	2	A	G	0.227	1.040618e+01	5.088989e+00	-1.021286e+02	1.000000e-05	1.000000e+05	5.301656e-02	1.977596e-02	3.822990e-02
3	3_968415	968415	1	G	C	0.348	-3.498108e+00	4.718964e+00	-1.046337e+02	1.000000e-05	1.000000e+05	4.663590e-01	5.163140e-01	5.248340e-01
3	3_1070130	1070130	0	G	A	0.333	-3.299134e+00	4.672677e+00	-1.048439e+02	1.000000e-05	1.000000e+05	4.875686e-01	9.764297e-01	9.766963e-01
3	3_1071924	1071924	0	G	A	0.333	-3.100642e+00	4.678674e+00	-1.047499e+02	1.000000e-05	1.000000e+05	5.143950e-01	6.638514e-01	6.686950e-01
3	3_1071929	1071929	0	C	T	0.333	-3.100642e+00	4.678674e+00	-1.047499e+02	1.000000e-05	1.000000e+05	5.143950e-01	6.638514e-01	6.686950e-01
3	3_1180025	1180025	0	C	T	0.333	-3.299134e+00	4.672677e+00	-1.048439e+02	1.000000e-05	1.000000e+05	4.875686e-01	9.764297e-01	9.766963e-01
3	3_1234218	1234218	0	G	A	0.208	-2.688864e+00	5.454751e+00	-1.044600e+02	1.000000e-05	1.000000e+05	6.269394e-01	3.806223e-01	3.938136e-01
3	3_1318833	1318833	0	T	C	0.333	-3.299134e+00	4.672677e+00	-1.048439e+02	1.000000e-05	1.000000e+05	4.875686e-01	9.764297e-01	9.766963e-01
3	3_1330004	1330004	0	T	C	0.083	-2.241516e+00	8.045135e+00	-1.048117e+02	1.000000e-05	1.000000e+05	7.831404e-01	7.983682e-01	8.008738e-01
3	3_1334793	1334793	0	C	T	0.083	-2.241516e+00	8.045135e+00	-1.048117e+02	1.000000e-05	1.000000e+05	7.831404e-01	7.983682e-01	8.008738e-01
4	4_53256	53256	0	T	C	0.083	-2.241516e+00	8.045135e+00	-1.048117e+02	1.000000e-05	1.000000e+05	7.831404e-01	7.983682e-01	8.008738e-01
4	4_106294	106294	0	C	T	0.250	-2.872099e+00	5.107656e+00	-1.048402e+02	1.000000e-05	1.000000e+05	5.795882e-01	9.272505e-01	9.280830e-01
4	4_577501	577501	0	G	A	0.333	-3.299134e+00	4.672677e+00	-1.048439e+02	1.000000e-05	1.000000e+05	4.875686e-01	9.764297e-01	9.766963e-01
4	4_667433	667433	0	G	T	0.333	-3.210428e+00	4.675341e+00	-1.045843e+02	1.000000e-05	1.000000e+05	4.994637e-01	4.708232e-01	4.807658e-01
4	4_667446	667446	0	G	A	0.375	-3.359412e+00	4.544972e+00	-1.044295e+02	1.000000e-05	1.000000e+05	4.676303e-01	3.623728e-01	3.762877e-01
4	4_667490	667490	1	G	A	0.435	9.610829e-02	4.589924e+00	-1.048437e+02	1.000000e-05	1.000000e+05	9.834831e-01	9.709829e-01	9.713113e-01
4	4_679331	679331	0	T	A	0.333	-3.299134e+00	4.672677e+00	-1.048439e+02	1.000000e-05	1.000000e+05	4.875686e-01	9.764297e-01	9.766963e-01
4	4_901105	901105	1	G	A	0.348	-3.498108e+00	4.718964e+00	-1.046337e+02	1.000000e-05	1.000000e+05	4.663590e-01	5.163140e-01	5.248340e-01
4	4_995956	995956	2	A	G	0.273	-3.502939e+00	5.170186e+00	-1.046881e+02	1.000000e-05	1.000000e+05	5.051353e-01	5.761155e-01	5.829807e-01
4	4_1076446	1076446	0	G	A	0.333	-3.110704e+00	4.678374e+00	-1.048074e+02	1.000000e-05	1.000000e+05	5.130176e-01	7.857956e-01	7.884883e-01
4	4_1076465	1076465	0	G	A	0.375	-3.364595e+00	4.544753e+00	-1.048432e+02	1.000000e-05	1.000000e+05	4.669308e-01	9.625446e-01	9.629692e-01
5	5_7093	7093	0	G	A	0.417	-3.731691e+00	4.447511e+00	-1.046561e+02	1.000000e-05	1.000000e+05	4.104653e-01	5.394961e-01	5.473463e-01
5	5_168988	168988	0	G	A	0.083	-2.241516e+00	8.045135e+00	-1.048117e+02	1.000000e-05	1.000000e+05	7.831404e-01	7.983682e-01	8.008738e-01
5	5_276722	276722	0	A	G	0.583	3.639815e+00	4.451090e+00	-1.047903e+02	1.000000e-05	1.000000e+05	4.222767e-01	7.422203e-01	7.456070e-01
5	5_475470	475470	1	T	C	0.391	6.172034e+00	4.495072e+00	-1.025193e+02	3.207627e-02	1.000000e+05	1.835658e-01	3.105172e-02	5.183293e-02
5	5_476407	476407	0	T	A	0.542	3.968066e+00	4.389686e+00	-1.043877e+02	1.000000e-05	1.000000e+05	3.758132e-01	3.392683e-01	3.541280e-01
5	5_500266	500266	1	G	A	0.435	-3.955609e+00	4.511801e+00	-1.046296e+02	1.000000e-05	1.000000e+05	3.901093e-01	5.122303e-01	5.208722e-01
5	5_676974	676974	0	A	C	0.458	-3.963908e+00	4.389852e+00	-1.045126e+02	1.000000e-05	1.000000e+05	3.763224e-01	4.153517e-01	4.272257e-01
5	5_773775	773775	0	C	T	0.083	-2.241516e+00	8.045135e+00	-1.048117e+02	1.000000e-05	1.000000e+05	7.831404e-01	7.983682e-01	8.008738e-01
5	5_835130	835130	1	A	G	0.391	-6.084411e-02	4.662204e+00	-1.048439e+02	1.000000e-05	1.000000e+05	9.897051e-01	9.755399e-01	9.758166e-01
5	5_835251	835251	1	G	C	0.304	-3.330322e+00	4.893794e+00	-1.047118e+02	1.000000e-05	1.000000e+05	5.032753e-01	6.066525e-01	6.127621e-01
5	5_835261	835261	2	A	G	0.273	-3.347360e+00	5.174866e+00	-1.046774e+02	1.000000e-05	1.000000e+05	5.244214e-01	5.634268e-01	5.706233e-01
5	5_836479	836479	0	G	A	0.375	-3.636761e+00	4.535216e+00	-1.044861e+02	1.000000e-05	1.000000e+05	4.311916e-01	3.972729e-01	4.098227e-01
5	5_836568	836568	0	A	G	0.417	5.078621e+00	4.386443e+00	-1.040154e+02	1.000000e-05	1.000000e+05	2.593616e-01	1.978765e-01	2.188596e-01
5	5_836697	836697	0	A	G	0.542	-4.485984e+00	4.366957e+00	-1.039491e+02	1.000000e-05	1.000000e+05	3.154625e-01	1.808668e-01	2.025430e-01
5	5_836899	836899	1	G	A	0.087	-2.619670e+00	8.055868e+00	-1.048165e+02	1.000000e-05	1.000000e+05	7.481113e-01	8.134619e-01	8.157496e-01
5	5_975686	975686	0	C	G	0.375	-3.463134e+00	4.541534e+00	-1.042564e+02	1.000000e-05	1.000000e+05	4.538324e-01	2.781988e-01	2.956791e-01
5	5_1037902	1037902	0	A	G	0.333	-3.299134e+00	4.672677e+00	-1.048439e+02	1.000000e-05	1.000000e+05	4.875686e-01	9.764297e-01	9.766963e-01
5	5_1099536	1099536	0	A	G	0.083	-2.241516e+00	8.045135e+00	-1.048117e+02	1.000000e-05	1.000000e+05	7.831404e-01	7.983682e-01	8.008738e-01
5	5_1166880	1166880	0	A	G	0.083	-2.241516e+00	8.045135e+00	-1.048117e+02	1.000000e-05	1.000000e+05	7.831404e-01	7.983682e-01	8.008738e-01
5	5_1210544	1210544	0	A	G	0.583	3.639815e+00	4.451090e+00	-1.047903e+02	1.000000e-05	1.000000e+05	4.222767e-01	7.422203e-01	7.456070e-01
5	5_1245074	1245074	0	G	A	0.500	4.065623e+00	4.369866e+00	-1.047928e+02	1.000000e-05	1.000000e+05	3.622734e-01	7.482520e-01	7.515382e-01
5	5_1405166	1405166	0	G	A	0.250	-2.872099e+00	5.107656e+00	-1.048402e+02	1.000000e-05	1.000000e+05	5.795882e-01	9.272505e-01	9.280830e-01
5	5_1597105	1597105	0	C	T	0.625	3.463134e+00	4.541534e+00	-1.042564e+02	1.000000e-05	1.000000e+05	4.538324e-01	2.781988e-01	2.956791e-01
5	5_1661241	1661241	0	G	A	0.083	-2.241516e+00	8.045135e+00	-1.048117e+02	1.000000e-05	1.000000e+05	7.831404e-01	7.983682e-01	8.008738e-01
5	5_1688982	1688982	0	A	G	0.250	-2.872099e+00	5.107656e+00	-1.048402e+02	1.000000e-05	1.000000e+05	5.795882e-01	9.272505e-01	9.280830e-01
5	5_1695239	1695239	0	C	T	0.083	-2.241516e+00	8.045135e+00	-1.048117e+02	1.000000e-05	1.000000e+05	7.831404e-01	7.983682e-01	8.008738e-01
5	5_1770892	1770892	0	G	A	0.375	-3.364590e+00	4.544752e+00	-1.048097e+02	1.000000e-05	1.000000e+05	4.669314e-01	7.923594e-01	7.949538e-01
5	5_1773044	1773044	0	G	A	0.125	-2.275146e+00	6.717698e+00	-1.045453e+02	1.000000e-05	1.000000e+05	7.380624e-01	4.393315e-01	4.503441e-01
5	5_1773047	1773047	0	G	A	0.292	7.387863e+00	4.640547e+00	-1.037764e+02	1.000000e-05	1.000000e+05	1.256471e-01	1.438928e-01	1.669005e-01
5	5_1781499	1781499	0	C	A	0.333	-3.299134e+00	4.672677e+00	-1.048439e+02	1.000000e-05	1.000000e+05	4.875686e-01	9.764297e-01	9.766963e-01
6	6_191358	191358	0	C	T	0.083	-2.547566e+00	8.040912e+00	-1.047823e+02	1.000000e-05	1.000000e+05	7.543629e-01	7.245929e-01	7.282822e-01
6	6_211509	211509	0	T	C	0.083	-2.547599e+00	8.040911e+00	-1.048375e+02	1.000000e-05	1.000000e+05	7.543598e-01	9.066231e-01	9.077005e-01
6	6_220264	220264	1	G	A	0.391	-4.444363e+00	4.669940e+00	-1.036271e+02	4.292083e-02	1.000000e+05	3.515908e-01	1.186896e-01	1.423656e-01
6	6_220267	220267	1	G	A	0.391	-4.444363e+00	4.669940e+00	-1.036271e+02	4.292083e-02	1.000000e+05	3.515908e-01	1.186896e-01	1.423656e-01
6	6_221273	221273	3	A	G	0.429	5.607814e+00	4.660951e+00	-1.037689e+02	1.000000e-05	1.000000e+05	2.417072e-01	1.424794e-01	1.655310e-01
6	6_221275	221275	2	A	G	0.455	5.128767e+00	4.542596e+00	-1.038555e+02	1.000000e-05	1.000000e+05	2.710428e-01	1.596324e-01	1.821111e-01
6	6_221282	221282	1	A	C	0.478	4.642837e+00	4.446178e+00	-1.041228e+02	1.000000e-05	1.000000e+05	3.077175e-01	2.296255e-01	2.492466e-01
6	6_239210	239210	0	G	A	0.333	-3.299134e+00	4.672677e+00	-1.048439e+02	1.000000e-05	1.000000e+05	4.875686e-01	9.764297e-01	9.766963e-01
6	6_276397	276397	0	A	G	0.083	-2.241516e+00	8.045135e+00	-1.048117e+02	1.000000e-05	1.000000e+05	7.831404e-01	7.983682e-01	8.008738e-01
6	6_406899	406899	0	C	T	0.333	-3.299134e+00	4.672677e+00	-1.048439e+02	1.000000e-05	1.000000e+05	4.875686e-01	9.764297e-01	9.766963e-01
6	6_465434	465434	0	A	G	0.083	-2.241516e+00	8.045135e+00	-1.048117e+02	1.000000e-05	1.000000e+05	7.831404e-01	7.983682e-01	8.008738e-01
6	6_484890	484890	0	T	C	0.333	-3.299134e+00	4.672677e+00	-1.048439e+02	1.000000e-05	1.000000e+05	4.875686e-01	9.764297e-01	9.766963e-01
6	6_499210	499210	0	G	C	0.333	-3.299134e+00	4.672677e+00	-1.048439e+02	1.000000e-05	1.000000e+05	4.875686e-01	9.764297e-01	9.766963e-01
6	6_544412	544412	0	G	A	0.083	-2.241516e+00	8.045135e+00	-1.048117e+02	1.000000e-05	1.000000e+05	7.831404e-01	7.983682e-01	8.008738e-01
6	6_554477	554477	0	G	T	0.083	-2.241516e+00	8.045135e+00	-1.048117e+02	1.000000e-05	1.000000e+05	7.831404e-01	7.983682e-01	8.008738e-01
6	6_602467	602467	0	C	G	0.333	-3.299134e+00	4.672677e+00	-1.048439e+02	1.000000e-05	1.000000e+05	4.875686e-01	9.764297e-01	9.766963e-01
6	6_659075	659075	0	T	C	0.333	-3.299134e+00	4.672677e+00	-1.048439e+02	1.000000e-05	1.000000e+05	4.875686e-01	9.764297e-01	9.766963e-01
6	6_739933	739933	0	G	T	0.375	-3.453020e+00	4.541731e+00	-1.045714e+02	1.000000e-05	1.000000e+05	4.551543e-01	4.599957e-01	4.702983e-01
6	6_761983	761983	0	T	C	0.083	-2.241516e+00	8.045135e+00	-1.048117e+02	1.000000e-05	1.000000e+05	7.831404e-01	7.983682e-01	8.008738e-01
6	6_936535	936535	0	T	A	0.083	-2.241513e+00	8.045117e+00	-1.047775e+02	1.000000e-05	1.000000e+05	7.831402e-01	7.146941e-01	7.185595e-01
6	6_960726	960726	0	A	G	0.083	-2.241516e+00	8.045135e+00	-1.048117e+02	1.000000e-05	1.000000e+05	7.831404e-01	7.983682e-01	8.008738e-01
6	6_988043	988043	0	T	C	0.292	-2.761804e+00	4.865070e+00	-1.041536e+02	1.000000e-05	1.000000e+05	5.760003e-01	2.398531e-01	2.590252e-01
6	6_988098	988098	1	A	G	0.348	6.818768e+00	4.550795e+00	-1.036909e+02	1.000000e-05	1.000000e+05	1.482501e-01	1.287943e-01	1.522346e-01
6	6_988261	988261	3	A	G	0.238	-1.939213e-01	5.590725e+00	-1.048443e+02	1.000000e-05	1.000000e+05	9.726427e-01	9.895843e-01	9.897020e-01
6	6_988405	988405	2	T	C	0.318	-3.701413e+00	4.932216e+00	-1.047042e+02	1.000000e-05	1.000000e+05	4.609315e-01	5.965715e-01	6.029242e-01
6	6_988465	988465	0	T	C	0.583	-5.333055e+00	4.372699e+00	-1.047224e+02	1.000000e-05	1.000000e+05	2.355214e-01	6.214378e-01	6.272020e-01
6	6_988478	988478	2	A	G	0.409	2.051784e-02	4.731886e+00	-1.043121e+02	1.000000e-05	1.000000e+05	9.965794e-01	3.022039e-01	3.186368e-01
6	6_988549	988549	2	A	G	0.364	-3.692061e+00	4.771860e+00	-1.048072e+02	1.000000e-05	1.000000e+05	4.473341e-01	7.851468e-01	7.878494e-01
6	6_988553	988553	2	T	G	0.364	-3.692063e+00	4.771860e+00	-1.048095e+02	1.000000e-05	1.000000e+05	4.473338e-01	7.917820e-01	7.943849e-01
6	6_988631	988631	2	G	A	0.227	-2.853201e+00	5.518153e+00	-1.044360e+02	1.000000e-05	1.000000e+05	6.102758e-01	3.661643e-01	3.799272e-01
6	6_988733	988733	1	A	G	0.478	4.541214e+00	4.450964e+00	-1.044641e+02	1.000000e-05	1.000000e+05	3.186867e-01	3.831462e-01	3.962391e-01
6	6_988843	988843	3	A	G	0.429	6.026510e+00	4.637137e+00	-1.035780e+02	1.000000e-05	1.000000e+05	2.071855e-01	1.115099e-01	1.353209e-01
6	6_988922	988922	5	A	G	0.368	7.431626e+00	4.942034e+00	-1.035051e+02	1.000000e-05	1.000000e+05	1.468646e-01	1.017165e-01	1.256590e-01
6	6_988930	988930	2	G	A	0.273	8.758552e+00	4.878688e+00	-1.027902e+02	1.000000e-05	1.000000e+05	8.636219e-02	4.267323e-02	6.490012e-02
6	6_988960	988960	2	T	G	0.318	7.414178e+00	4.738121e+00	-1.027063e+02	2.346859e-03	1.000000e+05	1.319032e-01	3.865323e-02	6.045741e-02
6	6_989188	989188	0	T	C	0.417	5.828851e+00	4.392953e+00	-1.032390e+02	4.213175e-02	1.000000e+05	1.981618e-01	7.316172e-02	9.699585e-02
6	6_989334	989334	2	G	C	0.364	-3.867828e+00	4.765518e+00	-1.048426e+02	1.000000e-05	1.000000e+05	4.256998e-01	9.532077e-01	9.537391e-01
6	6_989453	989453	3	A	G	0.667	3.890603e+00	4.982822e+00	-1.048066e+02	1.000000e-05	1.000000e+05	4.432394e-01	7.836103e-01	7.863361e-01
6	6_989490	989490	0	T	C	0.417	5.383721e+00	4.402371e+00	-1.043631e+02	2.385518e-02	1.000000e+05	2.343012e-01	3.265621e-01	3.419538e-01
6	6_989528	989528	0	T	C	0.542	3.871856e+00	4.393584e+00	-1.048349e+02	1.000000e-05	1.000000e+05	3.877079e-01	8.907514e-01	8.920218e-01
6	6_989732	989732	4	T	C	0.400	-9.168812e-02	4.980718e+00	-1.048304e+02	1.000000e-05	1.000000e+05	9.854788e-01	8.675490e-01	8.691099e-01
6	6_989861	989861	2	A	G	0.500	4.807091e+00	4.538725e+00	-1.048259e+02	1.000000e-05	1.000000e+05	3.010322e-01	8.475653e-01	8.493858e-01
6	6_989960	989960	0	A	G	0.458	4.829242e+00	4.350278e+00	-1.045780e+02	1.000000e-05	1.000000e+05	2.789428e-01	4.655156e-01	4.756336e-01
6	6_990258	990258	2	G	T	0.409	5.886107e+00	4.562429e+00	-1.037002e+02	1.000000e-05	1.000000e+05	2.104034e-01	1.303541e-01	1.537538e-01
6	6_990671	990671	5	G	A	0.526	5.071642e+00	4.895876e+00	-1.046724e+02	1.000000e-05	1.000000e+05	3.115014e-01	5.575642e-01	5.649174e-01
6	6_990699	990699	2	G	A	0.545	4.297425e+00	4.581672e+00	-1.048246e+02	1.000000e-05	1.000000e+05	3.584490e-01	8.426100e-01	8.444965e-01
6	6_990701	990701	1	A	G	0.565	4.138477e+00	4.504374e+00	-1.047606e+02	1.000000e-05	1.000000e+05	3.681807e-01	6.823377e-01	6.868106e-01
6	6_990771	990771	3	T	C	0.381	-3.776406e+00	4.836985e+00	-1.047214e+02	1.000000e-05	1.000000e+05	4.432784e-01	6.200535e-01	6.258496e-01
6	6_990777	990777	1	A	G	0.391	-3.399190e+00	4.605571e+00	-1.047797e+02	1.000000e-05	1.000000e+05	4.682782e-01	7.190858e-01	7.228726e-01
6	6_990851	990851	1	T	C	0.304	-3.131951e+00	4.899752e+00	-1.048251e+02	1.000000e-05	1.000000e+05	5.292889e-01	8.444638e-01	8.463256e-01
6	6_990862	990862	1	G	T	0.261	-2.962183e+00	5.143146e+00	-1.048173e+02	1.000000e-05	1.000000e+05	5.704960e-01	8.162498e-01	8.184980e-01
6	6_990885	990885	2	A	G	0.227	-2.821848e+00	5.518902e+00	-1.048336e+02	1.000000e-05	1.000000e+05	6.142304e-01	8.833883e-01	8.847497e-01
6	6_990992	990992	1	T	C	0.174	-2.316783e+00	5.982713e+00	-1.048384e+02	1.000000e-05	1.000000e+05	7.022947e-01	9.132823e-01	9.142800e-01
6	6_991027	991027	0	T	C	0.167	-2.492272e+00	5.953230e+00	-1.048208e+02	1.000000e-05	1.000000e+05	6.795366e-01	8.282499e-01	8.303310e-01
6	6_1031241	1031241	1	A	G	0.478	4.462734e+00	4.454646e+00	-1.047611e+02	1.000000e-05	1.000000e+05	3.273251e-01	6.832835e-01	6.877379e-01
6	6_1116760	1116760	0	G	A	0.333	-3.299134e+00	4.672677e+00	-1.048439e+02	1.000000e-05	1.000000e+05	4.875686e-01	9.764297e-01	9.766963e-01
6	6_1160524	1160524	0	A	G	0.375	-3.454726e+00	4.541679e+00	-1.048438e+02	1.000000e-05	1.000000e+05	4.549293e-01	9.725686e-01	9.728790e-01
6	6_1160528	1160528	0	A	G	0.375	-3.454726e+00	4.541679e+00	-1.048438e+02	1.000000e-05	1.000000e+05	4.549293e-01	9.725686e-01	9.728790e-01
6	6_1160532	1160532	0	A	G	0.375	-3.454726e+00	4.541679e+00	-1.048438e+02	1.000000e-05	1.000000e+05	4.549293e-01	9.725686e-01	9.728790e-01
6	6_1167676	1167676	0	C	G	0.333	-3.299134e+00	4.672677e+00	-1.048439e+02	1.000000e-05	1.000000e+05	4.875686e-01	9.764297e-01	9.766963e-01
6	6_1174733	1174733	0	G	C	0.083	-2.241516e+00	8.045135e+00	-1.048117e+02	1.000000e-05	1.000000e+05	7.831404e-01	7.983682e-01	8.008738e-01
6	6_1249810	1249810	0	G	A	0.208	-2.675130e+00	5.455162e+00	-1.048440e+02	1.000000e-05	1.000000e+05	6.287167e-01	9.792241e-01	9.794590e-01
6	6_1279254	1279254	0	C	T	0.333	-3.299134e+00	4.672677e+00	-1.048439e+02	1.000000e-05	1.000000e+05	4.875686e-01	9.764297e-01	9.766963e-01
7	7_11056	11056	1	A	C	0.348	6.905069e+00	4.544889e+00	-1.036565e+02	1.000000e-05	1.000000e+05	1.429277e-01	1.232295e-01	1.468056e-01
7	7_14006	14006	2	A	G	0.273	-3.137495e+00	5.180846e+00	-1.045648e+02	1.000000e-05	1.000000e+05	5.509808e-01	4.546530e-01	4.651363e-01
7	7_36839	36839	0	G	A	0.125	1.747133e+01	5.611423e+00	-1.017693e+02	1.000000e-05	1.000000e+05	5.062351e-03	1.314086e-02	2.942825e-02
7	7_37788	37788	0	C	T	0.333	-3.299134e+00	4.672677e+00	-1.048439e+02	1.000000e-05	1.000000e+05	4.875686e-01	9.764297e-01	9.766963e-01
7	7_49744	49744	0	G	A	0.083	-2.547598e+00	8.040910e+00	-1.047568e+02	1.000000e-05	1.000000e+05	7.543598e-01	6.756422e-01	6.802473e-01
7	7_164473	164473	2	G	A	0.364	-3.586787e+00	4.775500e+00	-1.046066e+02	1.000000e-05	1.000000e+05	4.605631e-01	4.904897e-01	4.997995e-01
7	7_164511	164511	0	T	C	0.542	4.058053e+00	4.385938e+00	-1.047145e+02	1.000000e-05	1.000000e+05	3.648787e-01	6.103299e-01	6.163524e-01
7	7_164589	164589	1	C	T	0.391	-3.883545e+00	4.588114e+00	-1.047689e+02	1.000000e-05	1.000000e+05	4.064229e-01	6.977058e-01	7.018838e-01
7	7_164636	164636	1	A	G	0.391	5.855957e+00	4.491947e+00	-1.047339e+02	1.000000e-05	1.000000e+05	2.058284e-01	6.383821e-01	6.437664e-01
7	7_164887	164887	1	G	A	0.348	-3.699096e+00	4.711812e+00	-1.043825e+02	1.000000e-05	1.000000e+05	4.407863e-01	3.364951e-01	3.514702e-01
7	7_164926	164926	2	G	A	0.273	-3.271124e+00	5.177088e+00	-1.047131e+02	1.000000e-05	1.000000e+05	5.339987e-01	6.083958e-01	6.144640e-01
7	7_165027	165027	3	T	C	0.190	-3.124757e+00	6.027438e+00	-1.047622e+02	1.000000e-05	1.000000e+05	6.093391e-01	6.851605e-01	6.895783e-01
7	7_165292	165292	0	C	A	0.583	-4.982517e+00	4.391449e+00	-1.035509e+02	1.000000e-05	1.000000e+05	2.687565e-01	1.077580e-01	1.316271e-01
7	7_165637	165637	0	A	G	0.458	-4.049535e+00	4.386296e+00	-1.046191e+02	1.000000e-05	1.000000e+05	3.659058e-01	5.021449e-01	5.110925e-01
7	7_165657	165657	2	A	G	0.409	-3.983351e+00	4.655039e+00	-1.040355e+02	1.000000e-05	1.000000e+05	4.013836e-01	2.034258e-01	2.241760e-01
7	7_165680	165680	0	T	C	0.417	-3.735960e+00	4.447340e+00	-1.044436e+02	1.000000e-05	1.000000e+05	4.099207e-01	3.706696e-01	3.842530e-01
7	7_165704	165704	1	A	G	0.478	4.823407e+00	4.437435e+00	-1.043644e+02	1.000000e-05	1.000000e+05	2.888115e-01	3.272260e-01	3.425897e-01
7	7_165798	165798	2	C	T	0.409	-3.983326e+00	4.655060e+00	-1.045688e+02	1.000000e-05	1.000000e+05	4.013887e-01	4.578469e-01	4.682219e-01
7	7_165854	165854	2	T	C	0.545	4.199163e+00	4.585786e+00	-1.041874e+02	1.000000e-05	1.000000e+05	3.697576e-01	2.516747e-01	2.703252e-01
7	7_165873	165873	1	A	G	0.391	-3.596299e+00	4.598753e+00	-1.039770e+02	1.000000e-05	1.000000e+05	4.425410e-01	1.878012e-01	2.091992e-01
7	7_165955	165955	2	T	C	0.409	5.669487e+00	4.574887e+00	-1.042882e+02	1.000000e-05	1.000000e+05	2.283066e-01	2.915809e-01	3.084752e-01
7	7_166056	166056	1	C	A	0.522	2.047703e-01	4.554821e+00	-1.048442e+02	1.000000e-05	1.000000e+05	9.645473e-01	9.871682e-01	9.873132e-01
7	7_166309	166309	1	G	A	0.478	4.817400e+00	4.437725e+00	-1.043613e+02	1.000000e-05	1.000000e+05	2.894278e-01	3.256788e-01	3.411078e-01
7	7_166838	166838	0	T	A	0.125	-2.669025e+00	6.711120e+00	-1.048428e+02	1.000000e-05	1.000000e+05	6.946826e-01	9.558419e-01	9.563431e-01
7	7_166992	166992	2	A	G	0.318	-3.736509e+00	4.931011e+00	-1.047614e+02	1.000000e-05	1.000000e+05	4.566369e-01	6.838265e-01	6.882703e-01
7	7_167034	167034	2	T	C	0.318	-3.665937e+00	4.933420e+00	-1.043325e+02	1.000000e-05	1.000000e+05	4.652936e-01	3.116470e-01	3.276733e-01
7	7_167035	167035	1	C	A	0.348	-3.665951e+00	4.712987e+00	-1.042846e+02	1.000000e-05	1.000000e+05	4.449483e-01	2.900260e-01	3.069882e-01
7	7_167135	167135	2	A	G	0.591	-5.743949e+00	4.570668e+00	-1.042045e+02	1.000000e-05	1.000000e+05	2.220430e-01	2.579628e-01	2.763355e-01
7	7_167192	167192	2	C	T	0.500	-4.627657e+00	4.547202e+00	-1.043993e+02	1.000000e-05	1.000000e+05	3.198857e-01	3.454649e-01	3.600682e-01
7	7_167224	167224	4	T	A	0.400	-4.204981e+00	4.899399e+00	-1.044388e+02	1.000000e-05	1.000000e+05	4.000007e-01	3.678250e-01	3.815216e-01
7	7_167292	167292	3	A	G	0.429	5.825010e+00	4.648825e+00	-1.036633e+02	1.000000e-05	1.000000e+05	2.233579e-01	1.243199e-01	1.478706e-01
7	7_167370	167370	1	A	G	0.391	-3.727941e+00	4.593973e+00	-1.036445e+02	1.000000e-05	1.000000e+05	4.257801e-01	1.213668e-01	1.449852e-01
7	7_167655	167655	2	G	A	0.364	-3.811582e+00	4.767585e+00	-1.042941e+02	1.000000e-05	1.000000e+05	4.325608e-01	2.941644e-01	3.109461e-01
7	7_167687	167687	1	A	C	0.130	-2.802512e+00	6.729749e+00	-1.047451e+02	1.000000e-05	1.000000e+05	6.811256e-01	6.559699e-01	6.609770e-01
7	7_226969	226969	0	G	A	0.333	-3.299134e+00	4.672677e+00	-1.048439e+02	1.000000e-05	1.000000e+05	4.875686e-01	9.764297e-01	9.766963e-01
7	7_230511	230511	0	A	G	0.333	-3.299134e+00	4.672677e+00	-1.048439e+02	1.000000e-05	1.000000e+05	4.875686e-01	9.764297e-01	9.766963e-01
7	7_347542	347542	0	C	T	0.292	-3.077627e+00	4.856606e+00	-1.047436e+02	1.000000e-05	1.000000e+05	5.328109e-01	6.535908e-01	6.586479e-01
7	7_453828	453828	2	T	C	0.182	-3.023801e+00	5.997421e+00	-1.048191e+02	1.000000e-05	1.000000e+05	6.191445e-01	8.221839e-01	8.243490e-01
7	7_479542	479542	1	A	G	0.130	-2.774308e+00	6.730264e+00	-1.047861e+02	1.000000e-05	1.000000e+05	6.841718e-01	7.327993e-01	7.363461e-01
7	7_508893	508893	0	G	C	0.333	-3.299134e+00	4.672677e+00	-1.048439e+02	1.000000e-05	1.000000e+05	4.875686e-01	9.764297e-01	9.766963e-01
7	7_672119	672119	0	G	A	0.292	-3.296940e+00	4.849894e+00	-1.042795e+02	1.000000e-05	1.000000e+05	5.037244e-01	2.878214e-01	3.048799e-01
7	7_752860	752860	2	A	T	0.273	8.751957e+00	4.879228e+00	-1.027927e+02	1.000000e-05	1.000000e+05	8.661637e-02	4.279922e-02	6.503824e-02
7	7_752861	752861	0	A	T	0.125	-2.669023e+00	6.711120e+00	-1.048248e+02	1.000000e-05	1.000000e+05	6.946828e-01	8.431500e-01	8.450292e-01
7	7_813688	813688	1	C	T	0.348	-3.498108e+00	4.718964e+00	-1.046337e+02	1.000000e-05	1.000000e+05	4.663590e-01	5.163140e-01	5.248340e-01
7	7_819348	819348	0	A	C	0.333	-3.299134e+00	4.672677e+00	-1.048439e+02	1.000000e-05	1.000000e+05	4.875686e-01	9.764297e-01	9.766963e-01
7	7_831960	831960	0	T	G	0.250	-2.872099e+00	5.107656e+00	-1.048402e+02	1.000000e-05	1.000000e+05	5.795882e-01	9.272505e-01	9.280830e-01
7	7_908360	908360	3	C	A	0.143	-2.691138e+00	6.780753e+00	-1.043209e+02	1.000000e-05	1.000000e+05	6.952806e-01	3.062147e-01	3.224744e-01
7	7_911043	911043	0	C	T	0.333	-3.299134e+00	4.672677e+00	-1.048439e+02	1.000000e-05	1.000000e+05	4.875686e-01	9.764297e-01	9.766963e-01
7	7_1008288	1008288	0	G	A	0.333	-3.299134e+00	4.672677e+00	-1.048439e+02	1.000000e-05	1.000000e+05	4.875686e-01	9.764297e-01	9.766963e-01
7	7_1024334	1024334	0	G	A	0.333	-3.299134e+00	4.672677e+00	-1.048439e+02	1.000000e-05	1.000000e+05	4.875686e-01	9.764297e-01	9.766963e-01
7	7_1024356	1024356	0	T	C	0.333	-3.299134e+00	4.672677e+00	-1.048439e+02	1.000000e-05	1.000000e+05	4.875686e-01	9.764297e-01	9.766963e-01
7	7_1171945	1171945	0	A	G	0.083	-2.241516e+00	8.045135e+00	-1.048117e+02	1.000000e-05	1.000000e+05	7.831404e-01	7.983682e-01	8.008738e-01
7	7_1191543	1191543	0	C	T	0.333	-3.299134e+00	4.672677e+00	-1.048439e+02	1.000000e-05	1.000000e+05	4.875686e-01	9.764297e-01	9.766963e-01
7	7_1192832	1192832	0	T	C	0.083	-2.241516e+00	8.045135e+00	-1.048117e+02	1.000000e-05	1.000000e+05	7.831404e-01	7.983682e-01	8.008738e-01
7	7_1193976	1193976	0	C	T	0.333	-3.299134e+00	4.672677e+00	-1.048439e+02	1.000000e-05	1.000000e+05	4.875686e-01	9.764297e-01	9.766963e-01
7	7_1196178	1196178	0	C	T	0.583	3.548563e+00	4.454312e+00	-1.037630e+02	1.000000e-05	1.000000e+05	4.341633e-01	1.413994e-01	1.644841e-01
7	7_1205599	1205599	3	G	T	0.381	6.895801e+00	4.698494e+00	-1.032654e+02	3.073466e-02	1.000000e+05	1.563481e-01	7.556143e-02	9.944173e-02
7	7_1205600	1205600	2	G	A	0.364	7.002821e+00	4.634167e+00	-1.032386e+02	4.160252e-02	1.000000e+05	1.449873e-01	7.312642e-02	9.695981e-02
7	7_1205735	1205735	2	T	A	0.364	-3.899977e+00	4.764349e+00	-1.048433e+02	1.000000e-05	1.000000e+05	4.218076e-01	9.635081e-01	9.639216e-01
7	7_1227094	1227094	0	A	G	0.333	-3.299134e+00	4.672677e+00	-1.048439e+02	1.000000e-05	1.000000e+05	4.875686e-01	9.764297e-01	9.766963e-01
7	7_1240469	1240469	0	C	T	0.083	-2.241516e+00	8.045135e+00	-1.048117e+02	1.000000e-05	1.000000e+05	7.831404e-01	7.983682e-01	8.008738e-01
7	7_1263585	1263585	0	T	C	0.292	-2.784140e+00	4.864499e+00	-1.045016e+02	1.000000e-05	1.000000e+05	5.728956e-01	4.077171e-01	4.198738e-01
7	7_1263610	1263610	0	G	A	0.375	-3.736580e+00	4.531528e+00	-1.046643e+02	1.000000e-05	1.000000e+05	4.184645e-01	5.484372e-01	5.560387e-01
7	7_1266484	1266484	1	A	T	0.435	-4.752918e+00	4.639996e+00	-1.043808e+02	6.448721e-02	1.000000e+05	3.168084e-01	3.356229e-01	3.506344e-01
7	7_1276916	1276916	0	A	G	0.208	-2.836011e+00	5.451338e+00	-1.045444e+02	1.000000e-05	1.000000e+05	6.080917e-01	4.385878e-01	4.496265e-01
7	7_1276919	1276919	0	G	A	0.167	-2.667161e+00	5.949779e+00	-1.042440e+02	1.000000e-05	1.000000e+05	6.583357e-01	2.731765e-01	2.908777e-01
7	7_1341024	1341024	0	A	C	0.333	-3.404297e+00	4.669070e+00	-1.048391e+02	1.000000e-05	1.000000e+05	4.736217e-01	9.187772e-01	9.197096e-01
8	8_144493	144493	0	A	G	0.333	-3.299134e+00	4.672677e+00	-1.048439e+02	1.000000e-05	1.000000e+05	4.875686e-01	9.764297e-01	9.766963e-01
8	8_174475	174475	0	G	T	0.333	-3.299134e+00	4.672677e+00	-1.048439e+02	1.000000e-05	1.000000e+05	4.875686e-01	9.764297e-01	9.766963e-01
8	8_208859	208859	0	G	A	0.208	-2.675130e+00	5.455162e+00	-1.048440e+02	1.000000e-05	1.000000e+05	6.287167e-01	9.792241e-01	9.794590e-01
8	8_294928	294928	0	T	A	0.333	-3.299134e+00	4.672677e+00	-1.048439e+02	1.000000e-05	1.000000e+05	4.875686e-01	9.764297e-01	9.766963e-01
8	8_553155	553155	0	T	C	0.083	-2.241516e+00	8.045135e+00	-1.048117e+02	1.000000e-05	1.000000e+05	7.831404e-01	7.983682e-01	8.008738e-01
8	8_725537	725537	0	A	C	0.333	-3.299134e+00	4.672677e+00	-1.048439e+02	1.000000e-05	1.000000e+05	4.875686e-01	9.764297e-01	9.766963e-01
8	8_817562	817562	3	T	C	0.095	-2.364854e+00	8.096395e+00	-1.048416e+02	1.000000e-05	1.000000e+05	7.729566e-01	9.406662e-01	9.413422e-01
8	8_817567	817567	3	C	T	0.095	-2.364854e+00	8.096395e+00	-1.048416e+02	1.000000e-05	1.000000e+05	7.729566e-01	9.406662e-01	9.413422e-01
8	8_817674	817674	3	A	G	0.143	-2.300075e+00	6.787292e+00	-1.048441e+02	1.000000e-05	1.000000e+05	7.379137e-01	9.832053e-01	9.833952e-01
8	8_818838	818838	3	G	A	0.429	5.765094e+00	4.652220e+00	-1.037137e+02	1.000000e-05	1.000000e+05	2.283244e-01	1.326404e-01	1.559788e-01
8	8_847517	847517	0	A	G	0.167	1.292289e+01	5.303982e+00	-1.010722e+02	1.000000e-05	1.000000e+05	2.338377e-02	6.020237e-03	1.848246e-02
8	8_874822	874822	1	G	A	0.087	-2.647596e+00	8.055464e+00	-1.047337e+02	1.000000e-05	1.000000e+05	7.455126e-01	6.380808e-01	6.434718e-01
8	8_874895	874895	3	T	C	0.143	-2.733872e+00	6.779974e+00	-1.043665e+02	1.000000e-05	1.000000e+05	6.906729e-01	3.282806e-01	3.435999e-01
8	8_874992	874992	0	C	T	0.083	-2.547723e+00	8.040918e+00	-1.047081e+02	1.000000e-05	1.000000e+05	7.543485e-01	6.016171e-01	6.078473e-01
8	8_1083181	1083181	0	T	C	0.333	-3.299134e+00	4.672677e+00	-1.048439e+02	1.000000e-05	1.000000e+05	4.875686e-01	9.764297e-01	9.766963e-01
8	8_1161462	1161462	0	C	T	0.625	3.543234e+00	4.538720e+00	-1.047634e+02	1.000000e-05	1.000000e+05	4.433172e-01	6.873809e-01	6.917557e-01
8	8_1252135	1252135	1	T	C	0.435	-4.118996e+00	4.505153e+00	-1.047819e+02	1.000000e-05	1.000000e+05	3.704793e-01	7.237178e-01	7.274225e-01
8	8_1256218	1256218	0	G	A	0.333	-3.299134e+00	4.672677e+00	-1.048439e+02	1.000000e-05	1.000000e+05	4.875686e-01	9.764297e-01	9.766963e-01
8	8_1326133	1326133	0	A	G	0.208	-2.682439e+00	5.454869e+00	-1.047902e+02	1.000000e-05	1.000000e+05	6.277660e-01	7.421364e-01	7.455245e-01
8	8_1326140	1326140	0	G	A	0.167	-2.484766e+00	5.953366e+00	-1.048438e+02	1.000000e-05	1.000000e+05	6.804516e-01	9.726881e-01	9.729972e-01
8	8_1383765	1383765	0	A	G	0.417	-3.644745e+00	4.450777e+00	-1.046680e+02	1.000000e-05	1.000000e+05	4.216255e-01	5.526140e-01	5.601012e-01
9	9_5213	5213	3	G	C	0.238	-3.329692e+00	5.545672e+00	-1.048046e+02	1.000000e-05	1.000000e+05	5.543667e-01	7.779374e-01	7.807500e-01
9	9_6619	6619	1	C	T	0.304	7.586853e+00	4.673010e+00	-1.030214e+02	1.000000e-05	1.000000e+05	1.187157e-01	5.621096e-02	7.943313e-02
9	9_7470	7470	0	A	G	0.292	7.365539e+00	4.642169e+00	-1.046557e+02	1.000000e-05	1.000000e+05	1.268598e-01	5.390515e-01	5.469142e-01
9	9_7729	7729	1	C	T	0.435	-3.851969e+00	4.515870e+00	-1.045291e+02	1.000000e-05	1.000000e+05	4.028592e-01	4.271626e-01	4.386073e-01
9	9_8171	8171	2	G	A	0.364	6.408579e+00	4.639382e+00	-1.046203e+02	1.000000e-05	1.000000e+05	1.810433e-01	5.032083e-01	5.121234e-01
9	9_10033	10033	1	C	T	0.174	-2.637147e+00	5.976672e+00	-1.046374e+02	1.000000e-05	1.000000e+05	6.633453e-01	5.200379e-01	5.284479e-01
9	9_49163	49163	0	A	G	0.250	-2.872099e+00	5.107656e+00	-1.048402e+02	1.000000e-05	1.000000e+05	5.795882e-01	9.272505e-01	9.280830e-01
9	9_220237	220237	2	A	G	0.091	-1.816061e-01	8.092661e+00	-1.048333e+02	1.000000e-05	1.000000e+05	9.822986e-01	8.819570e-01	8.833362e-01
9	9_220963	220963	1	C	T	0.174	-2.637038e+00	5.976657e+00	-1.047515e+02	1.000000e-05	1.000000e+05	6.633574e-01	6.666025e-01	6.713898e-01
9	9_272607	272607	0	A	G	0.333	-3.299134e+00	4.672677e+00	-1.048439e+02	1.000000e-05	1.000000e+05	4.875686e-01	9.764297e-01	9.766963e-01
9	9_338278	338278	1	A	G	0.348	-3.498108e+00	4.718964e+00	-1.046337e+02	1.000000e-05	1.000000e+05	4.663590e-01	5.163140e-01	5.248340e-01
9	9_491535	491535	0	A	G	0.333	-3.299134e+00	4.672677e+00	-1.048439e+02	1.000000e-05	1.000000e+05	4.875686e-01	9.764297e-01	9.766963e-01
9	9_534468	534468	0	C	T	0.333	-3.299134e+00	4.672677e+00	-1.048439e+02	1.000000e-05	1.000000e+05	4.875686e-01	9.764297e-01	9.766963e-01
9	9_705343	705343	1	G	A	0.261	-2.931716e+00	5.143942e+00	-1.047513e+02	1.000000e-05	1.000000e+05	5.744960e-01	6.661749e-01	6.709709e-01
9	9_705571	705571	0	T	C	0.500	-4.153326e+00	4.366019e+00	-1.039294e+02	1.000000e-05	1.000000e+05	3.517949e-01	1.761514e-01	1.980128e-01
9	9_706175	706175	2	G	A	0.318	-3.425593e+00	4.941278e+00	-1.035106e+02	1.000000e-05	1.000000e+05	4.954007e-01	1.024114e-01	1.263468e-01
9	9_741562	741562	0	T	C	0.250	-2.872099e+00	5.107656e+00	-1.048402e+02	1.000000e-05	1.000000e+05	5.795882e-01	9.272505e-01	9.280830e-01
9	9_942229	942229	0	A	G	0.292	-3.077627e+00	4.856606e+00	-1.047436e+02	1.000000e-05	1.000000e+05	5.328109e-01	6.535908e-01	6.586479e-01
9	9_981209	981209	0	G	A	0.083	-2.241516e+00	8.045135e+00	-1.048117e+02	1.000000e-05	1.000000e+05	7.831404e-01	7.983682e-01	8.008738e-01
9	9_1115286	1115286	0	G	A	0.500	-4.325627e+00	4.358407e+00	-1.038572e+02	1.000000e-05	1.000000e+05	3.317552e-01	1.600034e-01	1.824688e-01
10	10_13558	13558	0	C	T	0.333	-3.299134e+00	4.672677e+00	-1.048439e+02	1.000000e-05	1.000000e+05	4.875686e-01	9.764297e-01	9.766963e-01
10	10_15220	15220	1	T	A	0.130	-2.031631e+00	6.742307e+00	-1.046859e+02	1.000000e-05	1.000000e+05	7.659957e-01	5.735239e-01	5.804559e-01
10	10_15251	15251	2	G	A	0.091	-2.438678e+00	8.076026e+00	-1.048338e+02	1.000000e-05	1.000000e+05	7.655148e-01	8.844886e-01	8.858363e-01
10	10_15279	15279	1	A	G	0.261	9.102604e+00	4.804634e+00	-1.035969e+02	1.000000e-05	1.000000e+05	7.137252e-02	1.142133e-01	1.379769e-01
10	10_15288	15288	2	C	T	0.227	1.079037e+01	5.052487e+00	-1.025260e+02	1.000000e-05	1.000000e+05	4.408710e-02	3.129548e-02	5.211490e-02
10	10_15302	15302	2	T	C	0.318	7.720625e+00	4.715935e+00	-1.042893e+02	1.000000e-05	1.000000e+05	1.158282e-01	2.920525e-01	3.089262e-01
10	10_15428	15428	1	C	G	0.130	-2.204375e+00	6.739837e+00	-1.048251e+02	1.000000e-05	1.000000e+05	7.467092e-01	8.445589e-01	8.464193e-01
10	10_15438	15438	0	G	A	0.125	-2.074636e+00	6.720650e+00	-1.048393e+02	1.000000e-05	1.000000e+05	7.604572e-01	9.200896e-01	9.210064e-01
10	10_15441	15441	1	A	G	0.130	-2.204375e+00	6.739837e+00	-1.048251e+02	1.000000e-05	1.000000e+05	7.467092e-01	8.445589e-01	8.464193e-01
10	10_15449	15449	1	C	T	0.087	-1.814602e+00	8.065941e+00	-1.048443e+02	1.000000e-05	1.000000e+05	8.240784e-01	9.990543e-01	9.990650e-01
10	10_15455	15455	0	C	T	0.083	-1.696658e+00	8.051119e+00	-1.048410e+02	1.000000e-05	1.000000e+05	8.350332e-01	9.348994e-01	9.356425e-01
10	10_15458	15458	0	G	A	0.083	-1.696658e+00	8.051119e+00	-1.048410e+02	1.000000e-05	1.000000e+05	8.350332e-01	9.348994e-01	9.356425e-01
10	10_15461	15461	0	T	C	0.083	-1.696658e+00	8.051119e+00	-1.048410e+02	1.000000e-05	1.000000e+05	8.350332e-01	9.348994e-01	9.356425e-01
10	10_15463	15463	0	A	T	0.083	-1.696658e+00	8.051119e+00	-1.048410e+02	1.000000e-05	1.000000e+05	8.350332e-01	9.348994e-01	9.356425e-01
10	10_15473	15473	0	C	T	0.083	-1.696658e+00	8.051119e+00	-1.048410e+02	1.000000e-05	1.000000e+05	8.350332e-01	9.348994e-01	9.356425e-01
10	10_17879	17879	0	T	C	0.333	-3.502935e+00	4.665760e+00	-1.048119e+02	1.000000e-05	1.000000e+05	4.607437e-01	7.990335e-01	8.015293e-01
10	10_17897	17897	0	A	G	0.333	-3.502935e+00	4.665760e+00	-1.048119e+02	1.000000e-05	1.000000e+05	4.607437e-01	7.990335e-01	8.015293e-01
10	10_18092	18092	1	A	G	0.522	4.180895e+00	4.466970e+00	-1.031668e+02	1.000000e-05	1.000000e+05	3.594562e-01	6.699386e-02	9.066794e-02
10	10_18647	18647	3	C	T	0.381	-3.989502e+00	4.829255e+00	-1.040074e+02	1.000000e-05	1.000000e+05	4.176104e-01	1.957400e-01	2.168120e-01
10	10_18785	18785	0	G	A	0.375	-3.562814e+00	4.537967e+00	-1.047215e+02	1.000000e-05	1.000000e+05	4.407611e-01	6.200579e-01	6.258539e-01
10	10_18869	18869	0	A	G	0.500	4.414358e+00	4.354446e+00	-1.034239e+02	1.000000e-05	1.000000e+05	3.217181e-01	9.189475e-02	1.158951e-01
10	10_18908	18908	0	G	A	0.292	-3.094462e+00	4.904857e+00	-1.045389e+02	1.460692e-02	1.000000e+05	5.346076e-01	4.344677e-01	4.456518e-01
10	10_18915	18915	0	T	C	0.292	-3.094462e+00	4.904857e+00	-1.045389e+02	1.460692e-02	1.000000e+05	5.346076e-01	4.344677e-01	4.456518e-01
10	10_18933	18933	0	A	G	0.292	-3.053187e+00	4.897127e+00	-1.046456e+02	1.198338e-02	1.000000e+05	5.393899e-01	5.284135e-01	5.365793e-01
10	10_18941	18941	2	T	C	0.318	-4.004065e+00	5.090098e+00	-1.046137e+02	4.643182e-02	1.000000e+05	4.398858e-01	4.970481e-01	5.061529e-01
10	10_18943	18943	1	G	A	0.348	-4.220349e+00	4.909711e+00	-1.047273e+02	6.113638e-02	1.000000e+05	3.992840e-01	6.284687e-01	6.340733e-01
10	10_18983	18983	2	C	T	0.227	-3.015448e+00	5.514357e+00	-1.048378e+02	1.000000e-05	1.000000e+05	5.899957e-01	9.092216e-01	9.102679e-01
10	10_19002	19002	0	C	T	0.583	-2.544767e+01	6.573588e+00	-9.787958e+01	4.881147e+00	1.000000e+05	8.252787e-04	1.897935e-04	3.665106e-03
10	10_19004	19004	0	A	G	0.583	-2.544767e+01	6.573588e+00	-9.787958e+01	4.881147e+00	1.000000e+05	8.252787e-04	1.897935e-04	3.665106e-03
10	10_19008	19008	0	T	C	0.292	-3.077617e+00	4.856593e+00	-1.048432e+02	1.000000e-05	1.000000e+05	5.328110e-01	9.616863e-01	9.621207e-01
10	10_19015	19015	0	G	A	0.583	-2.544767e+01	6.573588e+00	-9.787958e+01	4.881147e+00	1.000000e+05	8.252787e-04	1.897935e-04	3.665106e-03
10	10_19031	19031	0	A	G	0.625	-4.076484e+01	4.658204e+00	-8.684602e+01	1.000000e+05	1.000000e+05	1.289362e-08	1.976574e-09	2.775501e-04
10	10_19062	19062	1	A	G	0.304	-3.279697e+00	4.895516e+00	-1.048432e+02	1.000000e-05	1.000000e+05	5.098680e-01	9.615342e-01	9.619702e-01
10	10_19067	19067	1	T	A	0.565	-1.982137e+00	5.501073e+00	-1.043891e+02	1.115773e-01	1.000000e+05	7.220454e-01	3.399766e-01	3.548069e-01
10	10_19151	19151	1	G	A	0.261	-2.989439e+00	5.142561e+00	-1.047999e+02	1.000000e-05	1.000000e+05	5.669382e-01	7.655058e-01	7.685126e-01
10	10_318276	318276	0	G	A	0.333	-3.119444e+00	4.678121e+00	-1.045999e+02	1.000000e-05	1.000000e+05	5.118234e-01	4.843846e-01	4.938879e-01
10	10_381155	381155	0	G	A	0.292	-3.077627e+00	4.856606e+00	-1.047436e+02	1.000000e-05	1.000000e+05	5.328109e-01	6.535908e-01	6.586479e-01
10	10_387430	387430	1	A	G	0.565	3.901466e+00	4.514068e+00	-1.048434e+02	1.000000e-05	1.000000e+05	3.967544e-01	9.655456e-01	9.659359e-01
10	10_474627	474627	0	A	G	0.333	-3.299134e+00	4.672677e+00	-1.048439e+02	1.000000e-05	1.000000e+05	4.875686e-01	9.764297e-01	9.766963e-01
10	10_583208	583208	1	A	G	0.348	-5.079348e+00	4.967104e+00	-1.038134e+02	9.565836e-02	1.000000e+05	3.176120e-01	1.510209e-01	1.737975e-01
10	10_584652	584652	0	G	T	0.333	6.519140e+00	4.516120e+00	-1.029280e+02	1.000000e-05	1.000000e+05	1.629620e-01	5.026487e-02	7.311994e-02
10	10_612064	612064	0	A	G	0.208	-2.675130e+00	5.455162e+00	-1.048440e+02	1.000000e-05	1.000000e+05	6.287167e-01	9.792241e-01	9.794590e-01
10	10_724149	724149	0	G	A	0.208	-2.816919e+00	5.451788e+00	-1.048149e+02	1.000000e-05	1.000000e+05	6.105236e-01	8.082938e-01	8.106552e-01
10	10_724150	724150	0	A	G	0.208	-2.816919e+00	5.451788e+00	-1.048149e+02	1.000000e-05	1.000000e+05	6.105236e-01	8.082938e-01	8.106552e-01
10	10_969715	969715	0	T	C	0.292	-3.077627e+00	4.856606e+00	-1.047436e+02	1.000000e-05	1.000000e+05	5.328109e-01	6.535908e-01	6.586479e-01
10	10_989095	989095	0	G	A	0.333	-3.299134e+00	4.672677e+00	-1.048439e+02	1.000000e-05	1.000000e+05	4.875686e-01	9.764297e-01	9.766963e-01
11	11_9749	9749	1	A	G	0.174	-2.467241e+00	5.979965e+00	-1.041723e+02	1.000000e-05	1.000000e+05	6.839041e-01	2.463227e-01	2.652095e-01
11	11_10019	10019	1	G	C	0.304	-3.410547e+00	4.891295e+00	-1.040170e+02	1.000000e-05	1.000000e+05	4.929380e-01	1.983131e-01	2.192780e-01
11	11_10896	10896	0	C	G	0.125	-2.668852e+00	6.711129e+00	-1.048138e+02	1.000000e-05	1.000000e+05	6.947017e-01	8.046418e-01	8.070559e-01
11	11_10931	10931	0	T	A	0.167	1.336126e+01	5.266142e+00	-1.010750e+02	7.017102e-02	1.000000e+05	1.877375e-02	6.038748e-03	1.851474e-02
11	11_10934	10934	0	G	T	0.208	1.029250e+01	5.026670e+00	-1.027310e+02	1.000000e-05	1.000000e+05	5.272549e-02	3.979277e-02	6.172403e-02
11	11_104630	104630	0	A	G	0.125	-2.265807e+00	6.717863e+00	-1.047396e+02	1.000000e-05	1.000000e+05	7.391019e-01	6.471037e-01	6.522988e-01
11	11_104688	104688	1	G	A	0.130	-2.802508e+00	6.729752e+00	-1.047670e+02	1.000000e-05	1.000000e+05	6.811262e-01	6.941155e-01	6.983614e-01
11	11_152800	152800	0	C	T	0.333	-3.299134e+00	4.672677e+00	-1.048439e+02	1.000000e-05	1.000000e+05	4.875686e-01	9.764297e-01	9.766963e-01
11	11_153063	153063	0	A	G	0.333	-3.299134e+00	4.672677e+00	-1.048439e+02	1.000000e-05	1.000000e+05	4.875686e-01	9.764297e-01	9.766963e-01
11	11_159356	159356	0	A	C	0.208	-2.675130e+00	5.455162e+00	-1.048440e+02	1.000000e-05	1.000000e+05	6.287167e-01	9.792241e-01	9.794590e-01
11	11_165295	165295	0	A	G	0.625	3.463134e+00	4.541534e+00	-1.042564e+02	1.000000e-05	1.000000e+05	4.538324e-01	2.781988e-01	2.956791e-01
11	11_236388	236388	0	A	G	0.333	-3.299134e+00	4.672677e+00	-1.048439e+02	1.000000e-05	1.000000e+05	4.875686e-01	9.764297e-01	9.766963e-01
11	11_384025	384025	0	T	C	0.167	-2.634136e+00	5.950445e+00	-1.048401e+02	1.000000e-05	1.000000e+05	6.623200e-01	9.269089e-01	9.277454e-01
11	11_393213	393213	0	G	A	0.333	-3.299134e+00	4.672677e+00	-1.048439e+02	1.000000e-05	1.000000e+05	4.875686e-01	9.764297e-01	9.766963e-01
11	11_433361	433361	0	G	A	0.333	-3.299134e+00	4.672677e+00	-1.048439e+02	1.000000e-05	1.000000e+05	4.875686e-01	9.764297e-01	9.766963e-01
11	11_547884	547884	0	T	C	0.583	3.639815e+00	4.451090e+00	-1.047903e+02	1.000000e-05	1.000000e+05	4.222767e-01	7.422203e-01	7.456070e-01
11	11_548586	548586	0	C	T	0.333	-3.299134e+00	4.672677e+00	-1.048439e+02	1.000000e-05	1.000000e+05	4.875686e-01	9.764297e-01	9.766963e-01
11	11_621705	621705	0	A	C	0.333	-3.299134e+00	4.672677e+00	-1.048439e+02	1.000000e-05	1.000000e+05	4.875686e-01	9.764297e-01	9.766963e-01
11	11_674162	674162	0	C	A	0.333	-3.299134e+00	4.672677e+00	-1.048439e+02	1.000000e-05	1.000000e+05	4.875686e-01	9.764297e-01	9.766963e-01
11	11_804706	804706	2	A	G	0.364	-3.608414e+00	4.774774e+00	-1.045413e+02	1.000000e-05	1.000000e+05	4.578302e-01	4.362287e-01	4.473505e-01
11	11_804710	804710	6	C	T	0.333	-4.154814e+00	5.383756e+00	-1.047746e+02	1.000000e-05	1.000000e+05	4.484843e-01	7.088066e-01	7.127787e-01
11	11_804742	804742	1	G	A	0.304	7.327478e+00	4.691797e+00	-1.036736e+02	1.000000e-05	1.000000e+05	1.326148e-01	1.259742e-01	1.494851e-01
11	11_804763	804763	2	C	T	0.182	-3.113774e+00	5.995330e+00	-1.048443e+02	1.000000e-05	1.000000e+05	6.086913e-01	9.953583e-01	9.954108e-01
11	11_966513	966513	1	T	A	0.087	-2.618641e+00	8.055899e+00	-1.047842e+02	1.000000e-05	1.000000e+05	7.482076e-01	7.286415e-01	7.322601e-01
11	11_966516	966516	0	C	T	0.083	-2.547727e+00	8.040920e+00	-1.047810e+02	1.000000e-05	1.000000e+05	7.543481e-01	7.219505e-01	7.256864e-01
11	11_966519	966519	0	C	T	0.083	-2.547727e+00	8.040920e+00	-1.047810e+02	1.000000e-05	1.000000e+05	7.543481e-01	7.219505e-01	7.256864e-01
11	11_966569	966569	1	C	G	0.087	-2.618641e+00	8.055899e+00	-1.047842e+02	1.000000e-05	1.000000e+05	7.482076e-01	7.286415e-01	7.322601e-01
11	11_966644	966644	2	C	A	0.182	2.594222e-01	6.031722e+00	-1.048082e+02	1.000000e-05	1.000000e+05	9.660818e-01	7.879491e-01	7.906094e-01
11	11_966669	966669	2	C	T	0.364	6.381418e+00	4.641027e+00	-1.033212e+02	1.000000e-05	1.000000e+05	1.829737e-01	8.091883e-02	1.048734e-01
11	11_966684	966684	2	C	T	0.500	4.613379e+00	4.547860e+00	-1.035900e+02	1.000000e-05	1.000000e+05	3.214159e-01	1.132249e-01	1.370064e-01
11	11_966699	966699	1	T	C	0.304	7.261341e+00	4.696453e+00	-1.021322e+02	1.000000e-05	1.000000e+05	1.363374e-01	1.985816e-02	3.833413e-02
11	11_966700	966700	1	G	A	0.304	7.261341e+00	4.696453e+00	-1.021322e+02	1.000000e-05	1.000000e+05	1.363374e-01	1.985816e-02	3.833413e-02
11	11_966735	966735	1	A	C	0.174	1.291335e+01	5.334513e+00	-1.012886e+02	1.000000e-05	1.000000e+05	2.419205e-02	7.659033e-03	2.123502e-02
11	11_966738	966738	2	T	A	0.227	1.026997e+01	5.101552e+00	-1.021656e+02	1.000000e-05	1.000000e+05	5.649900e-02	2.063456e-02	3.931400e-02
11	11_966756	966756	0	A	G	0.167	1.292288e+01	5.303984e+00	-1.019088e+02	1.000000e-05	1.000000e+05	2.338386e-02	1.539235e-02	3.251342e-02
11	11_966757	966757	0	T	C	0.167	1.292288e+01	5.303984e+00	-1.019088e+02	1.000000e-05	1.000000e+05	2.338386e-02	1.539235e-02	3.251342e-02
11	11_966771	966771	0	T	C	0.208	1.029244e+01	5.026680e+00	-1.023485e+02	1.000000e-05	1.000000e+05	5.272703e-02	2.546848e-02	4.525093e-02
11	11_1272894	1272894	0	A	G	0.250	-2.872099e+00	5.107656e+00	-1.048402e+02	1.000000e-05	1.000000e+05	5.795882e-01	9.272505e-01	9.280830e-01
11	11_1301130	1301130	0	T	C	0.083	-2.241516e+00	8.045135e+00	-1.048117e+02	1.000000e-05	1.000000e+05	7.831404e-01	7.983682e-01	8.008738e-01
11	11_1314578	1314578	0	G	C	0.333	-3.299134e+00	4.672677e+00	-1.048439e+02	1.000000e-05	1.000000e+05	4.875686e-01	9.764297e-01	9.766963e-01
11	11_1478119	1478119	0	A	G	0.417	5.561196e+00	4.402349e+00	-1.022724e+02	4.299499e-02	1.000000e+05	2.197292e-01	2.332748e-02	4.265340e-02
11	11_1501898	1501898	0	G	T	0.250	-2.872099e+00	5.107656e+00	-1.048402e+02	1.000000e-05	1.000000e+05	5.795882e-01	9.272505e-01	9.280830e-01
11	11_1538971	1538971	0	T	C	0.292	-3.077627e+00	4.856606e+00	-1.047436e+02	1.000000e-05	1.000000e+05	5.328109e-01	6.535908e-01	6.586479e-01
12	12_11092	11092	0	A	G	0.458	4.663666e+00	4.358570e+00	-1.046387e+02	1.000000e-05	1.000000e+05	2.962193e-01	5.213536e-01	5.297249e-01
12	12_11094	11094	0	A	G	0.333	6.523811e+00	4.515859e+00	-1.043265e+02	1.000000e-05	1.000000e+05	1.626507e-01	3.088054e-01	3.249536e-01
12	12_11122	11122	0	C	G	0.458	4.663664e+00	4.358570e+00	-1.047457e+02	1.000000e-05	1.000000e+05	2.962194e-01	6.568852e-01	6.618731e-01
12	12_11170	11170	0	T	C	0.417	5.163941e+00	4.381987e+00	-1.047749e+02	1.000000e-05	1.000000e+05	2.512080e-01	7.094249e-01	7.133858e-01
12	12_11223	11223	0	G	C	0.208	1.055990e+01	5.001434e+00	-1.031571e+02	1.000000e-05	1.000000e+05	4.633134e-02	6.621219e-02	8.986135e-02
12	12_11400	11400	0	A	C	0.292	7.488195e+00	4.633282e+00	-1.046173e+02	1.000000e-05	1.000000e+05	1.203073e-01	5.004059e-01	5.094070e-01
12	12_11406	11406	0	A	G	0.292	7.488195e+00	4.633282e+00	-1.046173e+02	1.000000e-05	1.000000e+05	1.203073e-01	5.004059e-01	5.094070e-01
12	12_11407	11407	0	C	A	0.292	7.488195e+00	4.633282e+00	-1.046173e+02	1.000000e-05	1.000000e+05	1.203073e-01	5.004059e-01	5.094070e-01
12	12_11410	11410	0	C	T	0.292	7.488195e+00	4.633282e+00	-1.046173e+02	1.000000e-05	1.000000e+05	1.203073e-01	5.004059e-01	5.094070e-01
12	12_11413	11413	1	T	G	0.304	7.478750e+00	4.680980e+00	-1.045122e+02	1.000000e-05	1.000000e+05	1.243772e-01	4.150629e-01	4.269476e-01
12	12_13625	13625	0	G	A	0.625	3.463134e+00	4.541534e+00	-1.042564e+02	1.000000e-05	1.000000e+05	4.538324e-01	2.781988e-01	2.956791e-01
12	12_13643	13643	0	G	A	0.625	3.463134e+00	4.541534e+00	-1.042564e+02	1.000000e-05	1.000000e+05	4.538324e-01	2.781988e-01	2.956791e-01
12	12_13645	13645	0	A	G	0.625	3.463134e+00	4.541534e+00	-1.042564e+02	1.000000e-05	1.000000e+05	4.538324e-01	2.781988e-01	2.956791e-01
12	12_13857	13857	1	A	G	0.174	-2.780037e+00	5.973755e+00	-1.048340e+02	1.000000e-05	1.000000e+05	6.462368e-01	8.854198e-01	8.867560e-01
12	12_13936	13936	0	C	T	0.208	-2.808103e+00	5.452018e+00	-1.047793e+02	1.000000e-05	1.000000e+05	6.116495e-01	7.183889e-01	7.221881e-01
12	12_13979	13979	3	T	C	0.238	-3.355671e+00	5.544927e+00	-1.047895e+02	1.000000e-05	1.000000e+05	5.512525e-01	7.405743e-01	7.439887e-01
12	12_14009	14009	1	C	T	0.348	-3.628944e+00	4.714312e+00	-1.048329e+02	1.000000e-05	1.000000e+05	4.496223e-01	8.797535e-01	8.811603e-01
12	12_14035	14035	1	C	T	0.435	-4.132366e+00	4.504594e+00	-1.046166e+02	1.000000e-05	1.000000e+05	3.688983e-01	4.997048e-01	5.087275e-01
12	12_14096	14096	2	C	T	0.318	-3.263109e+00	4.946271e+00	-1.046627e+02	1.000000e-05	1.000000e+05	5.162868e-01	5.466437e-01	5.542947e-01
12	12_14104	14104	2	C	T	0.318	2.313972e-01	4.994717e+00	-1.048264e+02	1.000000e-05	1.000000e+05	9.634665e-01	8.497717e-01	8.515631e-01
12	12_14114	14114	3	T	C	0.286	-3.213277e+00	5.226412e+00	-1.044887e+02	1.000000e-05	1.000000e+05	5.449840e-01	3.990480e-01	4.115304e-01
12	12_14125	14125	1	A	G	0.174	-2.316826e+00	5.982710e+00	-1.043192e+02	1.000000e-05	1.000000e+05	7.022894e-01	3.054357e-01	3.217290e-01
12	12_14197	14197	0	G	A	0.083	-1.983857e+00	8.048135e+00	-1.048074e+02	1.000000e-05	1.000000e+05	8.075814e-01	7.858802e-01	7.885716e-01
12	12_14202	14202	0	A	G	0.083	-1.983857e+00	8.048135e+00	-1.048074e+02	1.000000e-05	1.000000e+05	8.075814e-01	7.858802e-01	7.885716e-01
12	12_14301	14301	2	G	A	0.500	1.340238e-01	4.652916e+00	-1.046015e+02	1.000000e-05	1.000000e+05	9.772804e-01	4.858293e-01	4.952866e-01
12	12_14318	14318	0	A	G	0.250	-2.878575e+00	5.107350e+00	-1.048436e+02	1.000000e-05	1.000000e+05	5.787171e-01	9.689668e-01	9.693181e-01
12	12_14635	14635	0	G	A	0.250	-3.013542e+00	5.103877e+00	-1.047356e+02	1.000000e-05	1.000000e+05	5.609115e-01	6.410127e-01	6.463395e-01
12	12_14741	14741	1	C	G	0.304	7.588790e+00	4.672876e+00	-1.041940e+02	1.000000e-05	1.000000e+05	1.186167e-01	2.541033e-01	2.726465e-01
12	12_14783	14783	2	A	G	0.091	-2.493870e+00	8.075259e+00	-1.041731e+02	1.000000e-05	1.000000e+05	7.603576e-01	2.465806e-01	2.654561e-01
12	12_15014	15014	1	A	G	0.391	5.881846e+00	4.490409e+00	-1.023541e+02	1.000000e-05	1.000000e+05	2.037539e-01	2.563393e-02	4.544977e-02
12	12_19728	19728	0	A	G	0.167	1.377646e+01	5.260481e+00	-1.021816e+02	7.275734e-02	1.000000e+05	1.567595e-02	2.101566e-02	3.979203e-02
12	12_19741	19741	0	C	T	0.250	9.326963e+00	4.790251e+00	-1.031462e+02	5.620459e-02	1.000000e+05	6.440376e-02	6.534468e-02	8.896488e-02
12	12_22806	22806	0	T	C	0.250	-2.872099e+00	5.107656e+00	-1.048402e+02	1.000000e-05	1.000000e+05	5.795882e-01	9.272505e-01	9.280830e-01
12	12_259454	259454	0	A	G	0.167	-2.492165e+00	5.953262e+00	-1.048093e+02	1.000000e-05	1.000000e+05	6.795512e-01	7.911793e-01	7.937912e-01
12	12_315987	315987	0	T	C	0.333	-3.299134e+00	4.672677e+00	-1.048439e+02	1.000000e-05	1.000000e+05	4.875686e-01	9.764297e-01	9.766963e-01
12	12_495113	495113	0	T	C	0.083	-2.241516e+00	8.045135e+00	-1.048117e+02	1.000000e-05	1.000000e+05	7.831404e-01	7.983682e-01	8.008738e-01
12	12_502808	502808	2	A	G	0.455	5.642591e+00	4.534548e+00	-1.027876e+02	2.377589e-02	1.000000e+05	2.264632e-01	4.254010e-02	6.475409e-02
12	12_502864	502864	2	T	C	0.409	-4.226711e+00	4.645280e+00	-1.036697e+02	1.000000e-05	1.000000e+05	3.727400e-01	1.253391e-01	1.488654e-01
12	12_502865	502865	2	G	T	0.409	-4.226711e+00	4.645280e+00	-1.036697e+02	1.000000e-05	1.000000e+05	3.727400e-01	1.253391e-01	1.488654e-01
12	12_502882	502882	3	G	A	0.381	-4.220403e+00	4.820253e+00	-1.045457e+02	1.000000e-05	1.000000e+05	3.907307e-01	4.396107e-01	4.506136e-01
12	12_502888	502888	0	G	A	0.458	-4.235764e+00	4.378296e+00	-1.043701e+02	1.000000e-05	1.000000e+05	3.438371e-01	3.301182e-01	3.453602e-01
12	12_502890	502890	3	G	A	0.381	-4.139008e+00	4.823463e+00	-1.042849e+02	1.000000e-05	1.000000e+05	4.000904e-01	2.901577e-01	3.071141e-01
12	12_502909	502909	0	C	T	0.458	5.358075e+00	4.353757e+00	-1.023091e+02	3.777341e-02	1.000000e+05	2.314394e-01	2.433711e-02	4.388413e-02
12	12_502926	502926	3	G	C	0.429	5.661580e+00	4.657997e+00	-1.029837e+02	1.000000e-05	1.000000e+05	2.370760e-01	5.372198e-02	7.680218e-02
12	12_502937	502937	2	C	T	0.455	5.667945e+00	4.548466e+00	-1.029414e+02	3.615479e-02	1.000000e+05	2.258265e-01	5.107361e-02	7.398443e-02
12	12_502942	502942	2	T	C	0.409	5.943796e+00	4.559031e+00	-1.027188e+02	1.000000e-05	1.000000e+05	2.058000e-01	3.922305e-02	6.109153e-02
12	12_502956	502956	1	A	G	0.348	6.716730e+00	4.557683e+00	-1.030321e+02	1.000000e-05	1.000000e+05	1.547238e-01	5.693681e-02	8.019744e-02
12	12_503049	503049	2	C	G	0.182	1.306352e+01	5.350477e+00	-1.002844e+02	1.000000e-05	1.000000e+05	2.312655e-02	2.528497e-03	1.156851e-02
12	12_503112	503112	4	G	A	0.250	1.057257e+01	5.164595e+00	-1.020642e+02	1.000000e-05	1.000000e+05	5.277354e-02	1.837147e-02	3.643356e-02
12	12_503171	503171	3	G	A	0.286	8.810162e+00	4.925094e+00	-1.022740e+02	1.000000e-05	1.000000e+05	8.742181e-02	2.337225e-02	4.270820e-02
12	12_503254	503254	1	G	C	0.609	3.825056e+00	4.590356e+00	-1.040206e+02	1.000000e-05	1.000000e+05	4.136419e-01	1.992996e-01	2.202232e-01
12	12_503293	503293	2	A	C	0.455	-4.255260e+00	4.583432e+00	-1.038472e+02	1.000000e-05	1.000000e+05	3.632747e-01	1.578931e-01	1.804335e-01
12	12_503311	503311	2	C	A	0.545	4.485173e+00	4.573454e+00	-1.033841e+02	1.000000e-05	1.000000e+05	3.374046e-01	8.746371e-02	1.114612e-01
12	12_503313	503313	2	T	A	0.545	4.485181e+00	4.573450e+00	-1.034550e+02	1.000000e-05	1.000000e+05	3.374033e-01	9.552626e-02	1.195149e-01
12	12_503321	503321	2	C	T	0.500	4.911339e+00	4.533651e+00	-1.027946e+02	1.000000e-05	1.000000e+05	2.904024e-01	4.289431e-02	6.514245e-02
12	12_503327	503327	1	A	C	0.435	5.242941e+00	4.451745e+00	-1.027169e+02	1.000000e-05	1.000000e+05	2.514891e-01	3.913592e-02	6.099466e-02
12	12_503356	503356	0	A	C	0.333	-3.121318e+00	4.678050e+00	-1.046149e+02	1.000000e-05	1.000000e+05	5.115661e-01	4.980985e-01	5.071708e-01
12	12_503357	503357	0	T	G	0.375	-3.374621e+00	4.544415e+00	-1.047286e+02	1.000000e-05	1.000000e+05	4.655878e-01	6.303560e-01	6.359182e-01
12	12_503364	503364	0	T	C	0.333	-3.121318e+00	4.678050e+00	-1.047288e+02	1.000000e-05	1.000000e+05	5.115661e-01	6.307551e-01	6.363084e-01
12	12_503366	503366	1	C	T	0.348	-3.346361e+00	4.723787e+00	-1.047236e+02	1.000000e-05	1.000000e+05	4.861319e-01	6.231725e-01	6.288971e-01
12	12_503401	503401	0	A	G	0.292	-2.886490e+00	4.861784e+00	-1.046419e+02	1.000000e-05	1.000000e+05	5.587617e-01	5.246189e-01	5.328947e-01
12	12_503416	503416	0	G	A	0.167	-2.509326e+00	5.952896e+00	-1.047140e+02	1.000000e-05	1.000000e+05	6.774580e-01	6.096025e-01	6.156422e-01
12	12_503422	503422	0	T	G	0.125	-2.468434e+00	6.714597e+00	-1.048419e+02	1.000000e-05	1.000000e+05	7.166681e-01	9.438696e-01	9.445085e-01
12	12_503453	503453	0	T	C	0.125	-2.468365e+00	6.714618e+00	-1.048216e+02	1.000000e-05	1.000000e+05	7.166764e-01	8.310507e-01	8.330934e-01
12	12_537923	537923	0	G	A	0.417	-3.635544e+00	4.451124e+00	-1.047562e+02	1.000000e-05	1.000000e+05	4.228168e-01	6.745484e-01	6.791754e-01
12	12_704606	704606	0	A	G	0.250	-2.872099e+00	5.107656e+00	-1.048402e+02	1.000000e-05	1.000000e+05	5.795882e-01	9.272505e-01	9.280830e-01
13	13_11108	11108	0	C	T	0.125	-2.668951e+00	6.711106e+00	-1.046474e+02	1.000000e-05	1.000000e+05	6.946900e-01	5.303116e-01	5.384228e-01
13	13_11118	11118	0	T	C	0.208	-2.688788e+00	5.454730e+00	-1.035227e+02	1.000000e-05	1.000000e+05	6.269477e-01	1.039846e-01	1.279026e-01
13	13_11130	11130	0	A	G	0.208	-2.688772e+00	5.454731e+00	-1.046279e+02	1.000000e-05	1.000000e+05	6.269498e-01	5.105898e-01	5.192808e-01
13	13_52884	52884	0	A	G	0.167	-2.802332e+00	5.946956e+00	-1.046791e+02	1.000000e-05	1.000000e+05	6.421220e-01	5.653558e-01	5.725013e-01
13	13_111766	111766	0	G	A	0.333	-3.299134e+00	4.672677e+00	-1.048439e+02	1.000000e-05	1.000000e+05	4.875686e-01	9.764297e-01	9.766963e-01
13	13_128625	128625	6	A	G	0.444	1.453667e-03	5.176145e+00	-1.048342e+02	1.000000e-05	1.000000e+05	9.997785e-01	8.869755e-01	8.882925e-01
13	13_128715	128715	3	G	A	0.333	-3.656347e+00	4.990875e+00	-1.046908e+02	1.000000e-05	1.000000e+05	4.715325e-01	5.794906e-01	5.862695e-01
13	13_128729	128729	3	G	A	0.286	-3.358644e+00	5.222250e+00	-1.046875e+02	1.000000e-05	1.000000e+05	5.267798e-01	5.754351e-01	5.823178e-01
13	13_162462	162462	0	A	G	0.167	-2.802392e+00	5.946951e+00	-1.047723e+02	1.000000e-05	1.000000e+05	6.421147e-01	7.042054e-01	7.082621e-01
13	13_219021	219021	3	C	T	0.190	-2.755587e+00	6.035634e+00	-1.048396e+02	1.000000e-05	1.000000e+05	6.524679e-01	9.221347e-01	9.230274e-01
13	13_219311	219311	0	A	T	0.208	-2.555707e+00	5.457653e+00	-1.048061e+02	1.000000e-05	1.000000e+05	6.441911e-01	7.821487e-01	7.848967e-01
13	13_219312	219312	0	A	G	0.167	-2.492221e+00	5.953231e+00	-1.047624e+02	1.000000e-05	1.000000e+05	6.795428e-01	6.855091e-01	6.899202e-01
13	13_365348	365348	0	T	C	0.625	3.463134e+00	4.541534e+00	-1.042564e+02	1.000000e-05	1.000000e+05	4.538324e-01	2.781988e-01	2.956791e-01
13	13_436539	436539	0	G	A	0.333	-3.299134e+00	4.672677e+00	-1.048439e+02	1.000000e-05	1.000000e+05	4.875686e-01	9.764297e-01	9.766963e-01
13	13_436551	436551	0	C	G	0.333	-3.299134e+00	4.672677e+00	-1.048439e+02	1.000000e-05	1.000000e+05	4.875686e-01	9.764297e-01	9.766963e-01
13	13_436554	436554	0	T	C	0.333	-3.299134e+00	4.672677e+00	-1.048439e+02	1.000000e-05	1.000000e+05	4.875686e-01	9.764297e-01	9.766963e-01
13	13_511459	511459	0	T	C	0.333	-3.299134e+00	4.672677e+00	-1.048439e+02	1.000000e-05	1.000000e+05	4.875686e-01	9.764297e-01	9.766963e-01
13	13_548791	548791	0	T	C	0.083	-2.241516e+00	8.045135e+00	-1.048117e+02	1.000000e-05	1.000000e+05	7.831404e-01	7.983682e-01	8.008738e-01
13	13_655915	655915	0	A	G	0.417	-3.567493e+00	4.453619e+00	-1.043742e+02	1.000000e-05	1.000000e+05	4.316794e-01	3.321920e-01	3.473470e-01
13	13_723038	723038	0	G	A	0.292	-3.077627e+00	4.856606e+00	-1.047436e+02	1.000000e-05	1.000000e+05	5.328109e-01	6.535908e-01	6.586479e-01
13	13_742766	742766	3	G	A	0.238	-3.470093e+00	5.541699e+00	-1.041839e+02	1.000000e-05	1.000000e+05	5.376411e-01	2.504219e-01	2.691278e-01
13	13_742771	742771	0	C	A	0.292	-3.190775e+00	4.853126e+00	-1.045710e+02	1.000000e-05	1.000000e+05	5.177004e-01	4.596424e-01	4.699569e-01
13	13_746053	746053	0	G	A	0.083	-2.241522e+00	8.045097e+00	-1.048426e+02	1.000000e-05	1.000000e+05	7.831389e-01	9.525061e-01	9.530455e-01
13	13_748576	748576	0	C	G	0.333	-3.299134e+00	4.672677e+00	-1.048439e+02	1.000000e-05	1.000000e+05	4.875686e-01	9.764297e-01	9.766963e-01
14	14_23327	23327	0	C	T	0.333	-3.299134e+00	4.672677e+00	-1.048439e+02	1.000000e-05	1.000000e+05	4.875686e-01	9.764297e-01	9.766963e-01
14	14_68046	68046	0	A	G	0.333	-3.299134e+00	4.672677e+00	-1.048439e+02	1.000000e-05	1.000000e+05	4.875686e-01	9.764297e-01	9.766963e-01
14	14_149196	149196	0	A	G	0.083	-2.241516e+00	8.045135e+00	-1.048117e+02	1.000000e-05	1.000000e+05	7.831404e-01	7.983682e-01	8.008738e-01
14	14_155590	155590	0	T	C	0.208	-2.546965e+00	5.457838e+00	-1.042312e+02	1.000000e-05	1.000000e+05	6.453300e-01	2.681171e-01	2.860414e-01
14	14_231768	231768	0	A	G	0.083	-2.241516e+00	8.045135e+00	-1.048117e+02	1.000000e-05	1.000000e+05	7.831404e-01	7.983682e-01	8.008738e-01
14	14_271762	271762	0	T	C	0.333	-3.299134e+00	4.672677e+00	-1.048439e+02	1.000000e-05	1.000000e+05	4.875686e-01	9.764297e-01	9.766963e-01
14	14_342562	342562	0	T	G	0.625	3.472626e+00	4.541052e+00	-1.044084e+02	1.000000e-05	1.000000e+05	4.525646e-01	3.504260e-01	3.648256e-01
14	14_351837	351837	0	G	T	0.083	-2.260415e+00	8.044874e+00	-1.048290e+02	1.000000e-05	1.000000e+05	7.813545e-01	8.609229e-01	8.625689e-01
14	14_383626	383626	0	A	G	0.583	3.639815e+00	4.451090e+00	-1.047903e+02	1.000000e-05	1.000000e+05	4.222767e-01	7.422203e-01	7.456070e-01
14	14_555698	555698	0	G	A	0.333	-3.299134e+00	4.672677e+00	-1.048439e+02	1.000000e-05	1.000000e+05	4.875686e-01	9.764297e-01	9.766963e-01
14	14_558889	558889	0	T	C	0.333	-3.299134e+00	4.672677e+00	-1.048439e+02	1.000000e-05	1.000000e+05	4.875686e-01	9.764297e-01	9.766963e-01
14	14_612687	612687	0	T	C	0.292	-3.077627e+00	4.856606e+00	-1.047436e+02	1.000000e-05	1.000000e+05	5.328109e-01	6.535908e-01	6.586479e-01
14	14_618816	618816	0	G	T	0.333	-3.299134e+00	4.672677e+00	-1.048439e+02	1.000000e-05	1.000000e+05	4.875686e-01	9.764297e-01	9.766963e-01
14	14_716719	716719	0	T	C	0.333	-3.299134e+00	4.672677e+00	-1.048439e+02	1.000000e-05	1.000000e+05	4.875686e-01	9.764297e-01	9.766963e-01
14	14_773166	773166	0	T	C	0.208	-2.675130e+00	5.455162e+00	-1.048440e+02	1.000000e-05	1.000000e+05	6.287167e-01	9.792241e-01	9.794590e-01
14	14_852745	852745	0	T	G	0.583	3.639815e+00	4.451090e+00	-1.047903e+02	1.000000e-05	1.000000e+05	4.222767e-01	7.422203e-01	7.456070e-01
14	14_908850	908850	0	A	G	0.583	3.725794e+00	4.447727e+00	-1.031984e+02	1.000000e-05	1.000000e+05	4.112161e-01	6.962072e-02	9.337063e-02
14	14_908994	908994	1	C	T	0.130	-2.600655e+00	6.733412e+00	-1.048359e+02	1.000000e-05	1.000000e+05	7.030354e-01	8.966628e-01	8.978609e-01
14	14_909011	909011	1	T	C	0.130	-2.600655e+00	6.733412e+00	-1.048359e+02	1.000000e-05	1.000000e+05	7.030354e-01	8.966628e-01	8.978609e-01
14	14_909450	909450	0	G	T	0.208	-2.949936e+00	5.448591e+00	-1.041803e+02	1.000000e-05	1.000000e+05	5.936642e-01	2.491580e-01	2.679197e-01
14	14_909472	909472	1	G	T	0.304	-3.503008e+00	4.888312e+00	-1.045686e+02	1.000000e-05	1.000000e+05	4.811543e-01	4.577424e-01	4.681210e-01
14	14_909504	909504	2	T	G	0.273	-3.503067e+00	5.170188e+00	-1.042413e+02	1.000000e-05	1.000000e+05	5.051199e-01	2.721162e-01	2.898642e-01
14	14_909638	909638	1	T	C	0.696	-7.353954e+00	4.689908e+00	-1.041008e+02	1.000000e-05	1.000000e+05	1.311443e-01	2.226783e-01	2.426024e-01
14	14_909661	909661	0	A	G	0.667	-7.166165e+00	4.523626e+00	-1.030440e+02	5.303026e-02	1.000000e+05	1.274270e-01	5.775742e-02	8.106001e-02
14	14_909704	909704	0	A	G	0.583	-5.236971e+00	4.377972e+00	-1.039156e+02	1.000000e-05	1.000000e+05	2.443484e-01	1.729136e-01	1.949001e-01
14	14_910040	910040	2	A	G	0.409	-4.106926e+00	4.650156e+00	-1.048097e+02	1.000000e-05	1.000000e+05	3.866882e-01	7.922584e-01	7.948542e-01
14	14_910103	910103	1	A	G	0.435	-4.119009e+00	4.505147e+00	-1.048063e+02	1.000000e-05	1.000000e+05	3.704771e-01	7.826369e-01	7.853775e-01
14	14_910152	910152	1	A	G	0.348	-3.528139e+00	4.717771e+00	-1.045471e+02	1.000000e-05	1.000000e+05	4.624763e-01	4.407215e-01	4.516854e-01
14	14_910181	910181	1	G	A	0.391	-3.729356e+00	4.593930e+00	-1.047297e+02	1.000000e-05	1.000000e+05	4.256028e-01	6.320323e-01	6.375571e-01
14	14_910258	910258	1	G	T	0.435	5.367339e+00	4.445024e+00	-1.045798e+02	1.000000e-05	1.000000e+05	2.400640e-01	4.669882e-01	4.770574e-01
14	14_910323	910323	1	T	C	0.348	6.310177e+00	4.584023e+00	-1.045078e+02	1.000000e-05	1.000000e+05	1.824982e-01	4.119825e-01	4.239809e-01
14	14_910328	910328	1	G	A	0.391	5.564861e+00	4.508745e+00	-1.043416e+02	1.000000e-05	1.000000e+05	2.301367e-01	3.160058e-01	3.318456e-01
14	14_910510	910510	1	A	G	0.391	-3.921168e+00	4.586658e+00	-1.042767e+02	1.000000e-05	1.000000e+05	4.018168e-01	2.866558e-01	3.037653e-01
14	14_910555	910555	1	C	T	0.348	-3.635643e+00	4.714056e+00	-1.047689e+02	1.000000e-05	1.000000e+05	4.487727e-01	6.976152e-01	7.017949e-01
14	14_910742	910742	0	A	G	0.250	-2.896733e+00	5.106882e+00	-1.046757e+02	1.000000e-05	1.000000e+05	5.763065e-01	5.614528e-01	5.687018e-01
14	14_910822	910822	0	G	A	0.208	-2.816918e+00	5.451788e+00	-1.048086e+02	1.000000e-05	1.000000e+05	6.105238e-01	7.891403e-01	7.917827e-01
14	14_910834	910834	1	T	A	0.130	-2.600570e+00	6.733430e+00	-1.048280e+02	1.000000e-05	1.000000e+05	7.030453e-01	8.564139e-01	8.581183e-01
14	14_910926	910926	3	G	A	0.381	-4.114106e+00	4.824426e+00	-1.039237e+02	1.000000e-05	1.000000e+05	4.029780e-01	1.747941e-01	1.967081e-01
14	14_910939	910939	3	C	A	0.524	4.887669e+00	4.652637e+00	-1.039181e+02	1.000000e-05	1.000000e+05	3.048843e-01	1.734870e-01	1.954514e-01
14	14_910964	910964	1	G	A	0.478	-4.490589e+00	4.453288e+00	-1.034618e+02	1.000000e-05	1.000000e+05	3.242368e-01	9.634292e-02	1.203273e-01
14	14_910966	910966	0	T	C	0.458	-4.137918e+00	4.382551e+00	-1.038001e+02	1.000000e-05	1.000000e+05	3.553322e-01	1.484191e-01	1.712817e-01
14	14_910979	910979	1	A	G	0.478	4.744991e+00	4.441283e+00	-1.030677e+02	1.000000e-05	1.000000e+05	2.969312e-01	5.942857e-02	8.281172e-02
14	14_911099	911099	2	A	G	0.455	-4.479604e+00	4.573696e+00	-1.038281e+02	1.000000e-05	1.000000e+05	3.380173e-01	1.539666e-01	1.766434e-01
14	14_911129	911129	0	T	C	0.542	-4.735100e+00	4.354990e+00	-1.040635e+02	1.000000e-05	1.000000e+05	2.886816e-01	2.114228e-01	2.318328e-01
14	14_911206	911206	0	G	A	0.375	-3.454719e+00	4.541690e+00	-1.047114e+02	1.000000e-05	1.000000e+05	4.549314e-01	6.061102e-01	6.122327e-01
14	14_911262	911262	1	A	C	0.348	-3.325193e+00	4.724537e+00	-1.047404e+02	1.000000e-05	1.000000e+05	4.889319e-01	6.484745e-01	6.536403e-01
14	14_911292	911292	2	A	G	0.318	-3.588799e+00	4.936018e+00	-1.047714e+02	1.000000e-05	1.000000e+05	4.748534e-01	7.024356e-01	7.065251e-01
14	14_911297	911297	3	A	C	0.333	-3.774906e+00	4.986883e+00	-1.047798e+02	1.000000e-05	1.000000e+05	4.571005e-01	7.192983e-01	7.230812e-01
14	14_911308	911308	0	C	T	0.292	-3.190721e+00	4.853168e+00	-1.048436e+02	1.000000e-05	1.000000e+05	5.177110e-01	9.698229e-01	9.701646e-01
14	14_911314	911314	0	A	G	0.167	-2.644467e+00	5.950241e+00	-1.048434e+02	1.000000e-05	1.000000e+05	6.610728e-01	9.645886e-01	9.649898e-01
14	14_911321	911321	2	G	A	0.273	-3.104681e+00	5.181750e+00	-1.048441e+02	1.000000e-05	1.000000e+05	5.551887e-01	9.838654e-01	9.840477e-01
14	14_911352	911352	3	G	A	0.381	-4.220406e+00	4.820247e+00	-1.027088e+02	1.000000e-05	1.000000e+05	3.907298e-01	3.876603e-02	6.058305e-02
14	14_911375	911375	1	G	A	0.391	-3.611666e+00	4.598213e+00	-1.048397e+02	1.000000e-05	1.000000e+05	4.405673e-01	9.228298e-01	9.237143e-01
14	14_911385	911385	1	G	A	0.478	-4.296715e+00	4.461999e+00	-1.048402e+02	1.000000e-05	1.000000e+05	3.460347e-01	9.273106e-01	9.281423e-01
14	14_911414	911414	3	G	A	0.238	-3.086940e+00	5.551993e+00	-1.048403e+02	1.000000e-05	1.000000e+05	5.838181e-01	9.281075e-01	9.289299e-01
14	14_924025	924025	0	T	C	0.417	5.241181e+00	4.377810e+00	-1.048025e+02	1.000000e-05	1.000000e+05	2.439641e-01	7.722546e-01	7.751552e-01
14	14_924047	924047	0	C	A	0.500	4.317118e+00	4.358848e+00	-1.048377e+02	1.000000e-05	1.000000e+05	3.327347e-01	9.083502e-01	9.094070e-01
14	14_924049	924049	0	T	A	0.500	4.317118e+00	4.358848e+00	-1.048377e+02	1.000000e-05	1.000000e+05	3.327347e-01	9.083502e-01	9.094070e-01
14	14_924050	924050	0	C	G	0.500	4.317118e+00	4.358848e+00	-1.048377e+02	1.000000e-05	1.000000e+05	3.327347e-01	9.083502e-01	9.094070e-01
14	14_924059	924059	0	T	C	0.458	-3.955364e+00	4.390267e+00	-1.047771e+02	1.000000e-05	1.000000e+05	3.773780e-01	7.137324e-01	7.176151e-01
14	14_924128	924128	0	G	A	0.333	-3.105246e+00	4.678617e+00	-1.048285e+02	1.000000e-05	1.000000e+05	5.137716e-01	8.585263e-01	8.602032e-01
14	14_924776	924776	0	A	G	0.375	-3.359416e+00	4.545019e+00	-1.048417e+02	1.000000e-05	1.000000e+05	4.676342e-01	9.417569e-01	9.424203e-01
14	14_924866	924866	0	G	A	0.292	7.488196e+00	4.633274e+00	-1.036835e+02	1.000000e-05	1.000000e+05	1.203067e-01	1.275750e-01	1.510462e-01
14	14_925085	925085	0	G	A	0.125	-2.668839e+00	6.711129e+00	-1.048405e+02	1.000000e-05	1.000000e+05	6.947031e-01	9.303105e-01	9.311071e-01
