chr	rs	ps	n_miss	allele1	allele0	af	beta	se	logl_H1	l_remle	l_mle	p_wald	p_lrt	p_score
1	1_44747	44747	0	C	G	0.250	-2.698470e-01	1.648606e+00	-7.854917e+01	1.000000e-05	1.000000e+05	8.714759e-01	6.415025e-01	6.468186e-01
1	1_44753	44753	1	G	A	0.261	-3.713817e-01	1.659806e+00	-7.858963e+01	1.000000e-05	1.000000e+05	8.250166e-01	7.124283e-01	7.163345e-01
1	1_44785	44785	1	G	A	0.174	-8.904745e-01	1.915676e+00	-7.864915e+01	1.000000e-05	1.000000e+05	6.466169e-01	8.967962e-01	8.979926e-01
1	1_47564	47564	0	G	A	0.417	1.628986e+00	1.406627e+00	-7.796923e+01	1.000000e-05	1.000000e+05	2.592495e-01	2.406715e-01	2.598075e-01
1	1_47575	47575	1	G	A	0.435	1.588181e+00	1.432429e+00	-7.739698e+01	1.000000e-05	1.000000e+05	2.795193e-01	1.123281e-01	1.361253e-01
1	1_47671	47671	2	G	A	0.409	1.828112e+00	1.466510e+00	-7.759069e+01	1.000000e-05	1.000000e+05	2.256642e-01	1.440896e-01	1.670911e-01
1	1_47684	47684	2	C	G	0.455	1.470360e+00	1.465170e+00	-7.824817e+01	1.000000e-05	1.000000e+05	3.265104e-01	3.655387e-01	3.793266e-01
1	1_47686	47686	2	A	G	0.455	1.470360e+00	1.465170e+00	-7.824817e+01	1.000000e-05	1.000000e+05	3.265104e-01	3.655387e-01	3.793266e-01
1	1_101060	101060	0	T	C	0.083	-1.319021e+00	2.569119e+00	-7.859150e+01	1.000000e-05	1.000000e+05	6.127797e-01	7.162404e-01	7.200779e-01
1	1_170985	170985	0	A	G	0.083	-1.319021e+00	2.569119e+00	-7.859150e+01	1.000000e-05	1.000000e+05	6.127797e-01	7.162404e-01	7.200779e-01
1	1_291990	291990	1	T	G	0.348	-1.110743e+00	1.513649e+00	-7.862683e+01	1.000000e-05	1.000000e+05	4.708083e-01	8.042066e-01	8.066270e-01
1	1_309593	309593	2	A	G	0.364	2.397345e+00	1.464279e+00	-7.812509e+01	1.000000e-05	1.000000e+05	1.158107e-01	3.020910e-01	3.185288e-01
1	1_363954	363954	0	A	G	0.208	-1.094838e+00	1.743341e+00	-7.865755e+01	1.000000e-05	1.000000e+05	5.364620e-01	9.970386e-01	9.970721e-01
1	1_477160	477160	0	A	C	0.167	-1.052292e+00	1.903503e+00	-7.793864e+01	1.000000e-05	1.000000e+05	5.859614e-01	2.304890e-01	2.500723e-01
1	1_606536	606536	0	A	G	0.083	-1.319021e+00	2.569119e+00	-7.859150e+01	1.000000e-05	1.000000e+05	6.127797e-01	7.162404e-01	7.200779e-01
1	1_743295	743295	0	T	C	0.083	-1.319021e+00	2.569119e+00	-7.859150e+01	1.000000e-05	1.000000e+05	6.127797e-01	7.162404e-01	7.200779e-01
1	1_807596	807596	0	T	C	0.083	-1.319021e+00	2.569119e+00	-7.859150e+01	1.000000e-05	1.000000e+05	6.127797e-01	7.162404e-01	7.200779e-01
1	1_927896	927896	0	C	T	0.208	-1.094838e+00	1.743341e+00	-7.865755e+01	1.000000e-05	1.000000e+05	5.364620e-01	9.970386e-01	9.970721e-01
1	1_927901	927901	0	C	A	0.208	-1.094838e+00	1.743341e+00	-7.865755e+01	1.000000e-05	1.000000e+05	5.364620e-01	9.970386e-01	9.970721e-01
1	1_944973	944973	0	G	C	0.333	-1.007732e+00	1.500009e+00	-7.864010e+01	1.000000e-05	1.000000e+05	5.086939e-01	8.517807e-01	8.535457e-01
1	1_971811	971811	1	G	T	0.087	-1.837746e+00	2.559747e+00	-7.824131e+01	1.000000e-05	1.000000e+05	4.803490e-01	3.615488e-01	3.754969e-01
1	1_975012	975012	0	C	T	0.125	4.229957e-01	2.157959e+00	-7.820617e+01	1.000000e-05	1.000000e+05	8.463965e-01	3.420384e-01	3.567832e-01
1	1_975152	975152	3	T	C	0.333	1.288695e+00	1.596411e+00	-7.853343e+01	1.000000e-05	1.000000e+05	4.281671e-01	6.183053e-01	6.241417e-01
1	1_975212	975212	0	C	T	0.375	1.643193e+00	1.433259e+00	-7.852968e+01	1.000000e-05	1.000000e+05	2.639168e-01	6.130520e-01	6.190105e-01
1	1_975397	975397	2	T	C	0.409	-6.879828e-01	1.510313e+00	-7.842952e+01	1.000000e-05	1.000000e+05	6.531969e-01	4.994629e-01	5.084930e-01
1	1_975445	975445	2	T	C	0.273	-6.121704e-01	1.670094e+00	-7.796372e+01	1.000000e-05	1.000000e+05	7.174576e-01	2.387957e-01	2.580143e-01
1	1_975457	975457	2	A	G	0.318	-2.533322e-01	1.600870e+00	-7.815009e+01	1.000000e-05	1.000000e+05	8.757061e-01	3.137209e-01	3.296583e-01
1	1_975510	975510	1	T	C	0.130	-6.143324e-01	2.162618e+00	-7.861175e+01	1.000000e-05	1.000000e+05	7.790140e-01	7.621163e-01	7.651770e-01
1	1_1065714	1065714	0	G	A	0.208	-1.094838e+00	1.743341e+00	-7.865755e+01	1.000000e-05	1.000000e+05	5.364620e-01	9.970386e-01	9.970721e-01
1	1_1317098	1317098	0	T	C	0.625	1.170448e+00	1.454247e+00	-7.846147e+01	1.000000e-05	1.000000e+05	4.295202e-01	5.311532e-01	5.392402e-01
1	1_1354376	1354376	0	A	G	0.333	-1.007732e+00	1.500009e+00	-7.864010e+01	1.000000e-05	1.000000e+05	5.086939e-01	8.517807e-01	8.535457e-01
1	1_1471243	1471243	0	T	C	0.333	-1.007732e+00	1.500009e+00	-7.864010e+01	1.000000e-05	1.000000e+05	5.086939e-01	8.517807e-01	8.535457e-01
1	1_1509932	1509932	0	A	C	0.292	-8.400699e-01	1.561329e+00	-7.864976e+01	1.000000e-05	1.000000e+05	5.959458e-01	9.005959e-01	9.017461e-01
1	1_1509935	1509935	0	G	C	0.292	-8.400699e-01	1.561329e+00	-7.864976e+01	1.000000e-05	1.000000e+05	5.959458e-01	9.005959e-01	9.017461e-01
1	1_1509940	1509940	0	G	C	0.292	-8.400699e-01	1.561329e+00	-7.864976e+01	1.000000e-05	1.000000e+05	5.959458e-01	9.005959e-01	9.017461e-01
1	1_1581524	1581524	1	A	G	0.217	-7.110550e-01	1.762506e+00	-7.862445e+01	1.000000e-05	1.000000e+05	6.905231e-01	7.969212e-01	7.994480e-01
1	1_1583615	1583615	0	C	T	0.333	-1.007732e+00	1.500009e+00	-7.864010e+01	1.000000e-05	1.000000e+05	5.086939e-01	8.517807e-01	8.535457e-01
1	1_1943622	1943622	0	G	A	0.333	-1.007732e+00	1.500009e+00	-7.864010e+01	1.000000e-05	1.000000e+05	5.086939e-01	8.517807e-01	8.535457e-01
1	1_2108016	2108016	0	G	C	0.292	-8.400699e-01	1.561329e+00	-7.864976e+01	1.000000e-05	1.000000e+05	5.959458e-01	9.005959e-01	9.017461e-01
1	1_2194658	2194658	0	A	G	0.083	-1.319021e+00	2.569119e+00	-7.859150e+01	1.000000e-05	1.000000e+05	6.127797e-01	7.162404e-01	7.200779e-01
1	1_2205937	2205937	0	G	C	0.333	-1.007732e+00	1.500009e+00	-7.864010e+01	1.000000e-05	1.000000e+05	5.086939e-01	8.517807e-01	8.535457e-01
2	2_71426	71426	0	T	C	0.333	-1.007732e+00	1.500009e+00	-7.864010e+01	1.000000e-05	1.000000e+05	5.086939e-01	8.517807e-01	8.535457e-01
2	2_140257	140257	0	G	A	0.333	-1.007732e+00	1.500009e+00	-7.864010e+01	1.000000e-05	1.000000e+05	5.086939e-01	8.517807e-01	8.535457e-01
2	2_150696	150696	0	T	C	0.333	-1.007732e+00	1.500009e+00	-7.864010e+01	1.000000e-05	1.000000e+05	5.086939e-01	8.517807e-01	8.535457e-01
2	2_270700	270700	2	T	C	0.364	1.741402e+00	1.505825e+00	-7.780272e+01	1.000000e-05	1.000000e+05	2.599035e-01	1.910269e-01	2.122933e-01
2	2_270799	270799	4	A	G	0.150	-6.926335e-01	2.186400e+00	-7.848444e+01	1.000000e-05	1.000000e+05	7.543882e-01	5.562505e-01	5.636391e-01
2	2_270855	270855	0	G	A	0.458	1.073168e+00	1.415213e+00	-7.850156e+01	1.000000e-05	1.000000e+05	4.563136e-01	5.764499e-01	5.833066e-01
2	2_270969	270969	1	T	G	0.435	2.055859e+00	1.405128e+00	-7.781808e+01	1.000000e-05	1.000000e+05	1.575784e-01	1.950636e-01	2.161637e-01
2	2_270970	270970	1	T	A	0.435	2.055859e+00	1.405128e+00	-7.781808e+01	1.000000e-05	1.000000e+05	1.575784e-01	1.950636e-01	2.161637e-01
2	2_270971	270971	1	C	A	0.435	2.055859e+00	1.405128e+00	-7.781808e+01	1.000000e-05	1.000000e+05	1.575784e-01	1.950636e-01	2.161637e-01
2	2_270994	270994	0	A	G	0.458	1.868313e+00	1.377141e+00	-7.839758e+01	1.000000e-05	1.000000e+05	1.886484e-01	4.708626e-01	4.808039e-01
2	2_294465	294465	1	G	A	0.174	3.265425e+00	1.794762e+00	-7.766750e+01	1.000000e-05	1.000000e+05	8.248450e-02	1.593768e-01	1.818646e-01
2	2_508674	508674	0	G	A	0.333	-1.007732e+00	1.500009e+00	-7.864010e+01	1.000000e-05	1.000000e+05	5.086939e-01	8.517807e-01	8.535457e-01
2	2_595266	595266	0	A	G	0.333	-1.007732e+00	1.500009e+00	-7.864010e+01	1.000000e-05	1.000000e+05	5.086939e-01	8.517807e-01	8.535457e-01
2	2_697983	697983	0	A	G	0.583	1.335934e+00	1.420637e+00	-7.841924e+01	1.000000e-05	1.000000e+05	3.572357e-01	4.899511e-01	4.992779e-01
2	2_774357	774357	0	A	C	0.333	-1.007732e+00	1.500009e+00	-7.864010e+01	1.000000e-05	1.000000e+05	5.086939e-01	8.517807e-01	8.535457e-01
2	2_820645	820645	0	T	A	0.333	-1.007732e+00	1.500009e+00	-7.864010e+01	1.000000e-05	1.000000e+05	5.086939e-01	8.517807e-01	8.535457e-01
2	2_963693	963693	0	T	G	0.292	-8.400699e-01	1.561329e+00	-7.864976e+01	1.000000e-05	1.000000e+05	5.959458e-01	9.005959e-01	9.017461e-01
2	2_983795	983795	0	G	C	0.583	1.335934e+00	1.420637e+00	-7.841924e+01	1.000000e-05	1.000000e+05	3.572357e-01	4.899511e-01	4.992779e-01
2	2_1088064	1088064	0	T	C	0.083	-1.319021e+00	2.569119e+00	-7.859150e+01	1.000000e-05	1.000000e+05	6.127797e-01	7.162404e-01	7.200779e-01
2	2_1162362	1162362	0	G	C	0.333	-1.007732e+00	1.500009e+00	-7.864010e+01	1.000000e-05	1.000000e+05	5.086939e-01	8.517807e-01	8.535457e-01
2	2_1225303	1225303	0	A	G	0.583	1.335934e+00	1.420637e+00	-7.841924e+01	1.000000e-05	1.000000e+05	3.572357e-01	4.899511e-01	4.992779e-01
2	2_1406556	1406556	0	G	A	0.333	-1.007732e+00	1.500009e+00	-7.864010e+01	1.000000e-05	1.000000e+05	5.086939e-01	8.517807e-01	8.535457e-01
2	2_1519281	1519281	0	T	C	0.333	-1.007732e+00	1.500009e+00	-7.864010e+01	1.000000e-05	1.000000e+05	5.086939e-01	8.517807e-01	8.535457e-01
3	3_61845	61845	0	G	T	0.333	-1.007732e+00	1.500009e+00	-7.864010e+01	1.000000e-05	1.000000e+05	5.086939e-01	8.517807e-01	8.535457e-01
3	3_83036	83036	0	T	C	0.333	-1.007732e+00	1.500009e+00	-7.864010e+01	1.000000e-05	1.000000e+05	5.086939e-01	8.517807e-01	8.535457e-01
3	3_84476	84476	0	T	C	0.333	-1.007732e+00	1.500009e+00	-7.864010e+01	1.000000e-05	1.000000e+05	5.086939e-01	8.517807e-01	8.535457e-01
3	3_97584	97584	0	G	T	0.083	-1.319021e+00	2.569119e+00	-7.859150e+01	1.000000e-05	1.000000e+05	6.127797e-01	7.162404e-01	7.200779e-01
3	3_189938	189938	0	T	C	0.083	-1.319021e+00	2.569119e+00	-7.859150e+01	1.000000e-05	1.000000e+05	6.127797e-01	7.162404e-01	7.200779e-01
3	3_207299	207299	1	A	G	0.130	-6.399715e-01	2.162280e+00	-7.863400e+01	1.000000e-05	1.000000e+05	7.700282e-01	8.281389e-01	8.302215e-01
3	3_288811	288811	0	T	C	0.125	-1.527767e+00	2.135146e+00	-7.848301e+01	1.000000e-05	1.000000e+05	4.818057e-01	5.546266e-01	5.620592e-01
3	3_296203	296203	0	G	A	0.208	-1.094838e+00	1.743341e+00	-7.865755e+01	1.000000e-05	1.000000e+05	5.364620e-01	9.970386e-01	9.970721e-01
3	3_354680	354680	0	C	T	0.333	-1.007732e+00	1.500009e+00	-7.864010e+01	1.000000e-05	1.000000e+05	5.086939e-01	8.517807e-01	8.535457e-01
3	3_401715	401715	0	T	C	0.333	-1.007732e+00	1.500009e+00	-7.864010e+01	1.000000e-05	1.000000e+05	5.086939e-01	8.517807e-01	8.535457e-01
3	3_449970	449970	0	T	C	0.292	-8.400699e-01	1.561329e+00	-7.864976e+01	1.000000e-05	1.000000e+05	5.959458e-01	9.005959e-01	9.017461e-01
3	3_485530	485530	0	T	C	0.208	-1.094838e+00	1.743341e+00	-7.865755e+01	1.000000e-05	1.000000e+05	5.364620e-01	9.970386e-01	9.970721e-01
3	3_493126	493126	0	C	T	0.375	-1.170448e+00	1.454247e+00	-7.846147e+01	1.000000e-05	1.000000e+05	4.295202e-01	5.311532e-01	5.392402e-01
3	3_741271	741271	0	T	C	0.083	-1.319021e+00	2.569119e+00	-7.859150e+01	1.000000e-05	1.000000e+05	6.127797e-01	7.162404e-01	7.200779e-01
3	3_750294	750294	0	T	G	0.250	-9.298173e-01	1.637655e+00	-7.857536e+01	1.000000e-05	1.000000e+05	5.759379e-01	6.851438e-01	6.895620e-01
3	3_860957	860957	0	A	T	0.500	-1.906492e+00	1.369558e+00	-7.685728e+01	1.000000e-05	1.000000e+05	1.778213e-01	5.776009e-02	8.106281e-02
3	3_862065	862065	0	G	A	0.208	-3.063010e-02	1.758846e+00	-7.848854e+01	1.000000e-05	1.000000e+05	9.862626e-01	5.609596e-01	5.682218e-01
3	3_862068	862068	0	G	A	0.208	-3.063010e-02	1.758846e+00	-7.848854e+01	1.000000e-05	1.000000e+05	9.862626e-01	5.609596e-01	5.682218e-01
3	3_862069	862069	2	A	G	0.227	1.052662e-03	1.780282e+00	-7.858034e+01	1.000000e-05	1.000000e+05	9.995335e-01	6.943206e-01	6.985626e-01
3	3_968415	968415	1	G	C	0.348	-1.110743e+00	1.513649e+00	-7.862683e+01	1.000000e-05	1.000000e+05	4.708083e-01	8.042066e-01	8.066270e-01
3	3_1070130	1070130	0	G	A	0.333	-1.007732e+00	1.500009e+00	-7.864010e+01	1.000000e-05	1.000000e+05	5.086939e-01	8.517807e-01	8.535457e-01
3	3_1071924	1071924	0	G	A	0.333	2.436849e+00	1.423410e+00	-7.782363e+01	1.000000e-05	1.000000e+05	1.009631e-01	1.965466e-01	2.175851e-01
3	3_1071929	1071929	0	C	T	0.333	2.436849e+00	1.423410e+00	-7.782363e+01	1.000000e-05	1.000000e+05	1.009631e-01	1.965466e-01	2.175851e-01
3	3_1180025	1180025	0	C	T	0.333	-1.007732e+00	1.500009e+00	-7.864010e+01	1.000000e-05	1.000000e+05	5.086939e-01	8.517807e-01	8.535457e-01
3	3_1234218	1234218	0	G	A	0.208	-4.199029e-02	1.758842e+00	-7.864273e+01	1.000000e-05	1.000000e+05	9.811685e-01	8.632511e-01	8.648670e-01
3	3_1318833	1318833	0	T	C	0.333	-1.007732e+00	1.500009e+00	-7.864010e+01	1.000000e-05	1.000000e+05	5.086939e-01	8.517807e-01	8.535457e-01
3	3_1330004	1330004	0	T	C	0.083	-1.319021e+00	2.569119e+00	-7.859150e+01	1.000000e-05	1.000000e+05	6.127797e-01	7.162404e-01	7.200779e-01
3	3_1334793	1334793	0	C	T	0.083	-1.319021e+00	2.569119e+00	-7.859150e+01	1.000000e-05	1.000000e+05	6.127797e-01	7.162404e-01	7.200779e-01
4	4_53256	53256	0	T	C	0.083	-1.319021e+00	2.569119e+00	-7.859150e+01	1.000000e-05	1.000000e+05	6.127797e-01	7.162404e-01	7.200779e-01
4	4_106294	106294	0	C	T	0.250	-1.316884e+00	1.625586e+00	-7.847962e+01	1.000000e-05	1.000000e+05	4.265601e-01	5.508079e-01	5.583444e-01
4	4_577501	577501	0	G	A	0.333	-1.007732e+00	1.500009e+00	-7.864010e+01	1.000000e-05	1.000000e+05	5.086939e-01	8.517807e-01	8.535457e-01
4	4_667433	667433	0	G	T	0.333	-7.936253e-01	1.505795e+00	-7.860579e+01	1.000000e-05	1.000000e+05	6.034354e-01	7.476115e-01	7.509083e-01
4	4_667446	667446	0	G	A	0.375	-9.674316e-01	1.460982e+00	-7.861943e+01	1.000000e-05	1.000000e+05	5.147339e-01	7.824251e-01	7.851690e-01
4	4_667490	667490	1	G	A	0.435	-1.280912e+00	1.446357e+00	-7.851509e+01	1.000000e-05	1.000000e+05	3.854042e-01	5.934837e-01	5.999121e-01
4	4_679331	679331	0	T	A	0.333	-1.007732e+00	1.500009e+00	-7.864010e+01	1.000000e-05	1.000000e+05	5.086939e-01	8.517807e-01	8.535457e-01
4	4_901105	901105	1	G	A	0.348	-1.110743e+00	1.513649e+00	-7.862683e+01	1.000000e-05	1.000000e+05	4.708083e-01	8.042066e-01	8.066270e-01
4	4_995956	995956	2	A	G	0.273	-1.813707e+00	1.629945e+00	-7.820197e+01	1.000000e-05	1.000000e+05	2.778309e-01	3.398011e-01	3.546387e-01
4	4_1076446	1076446	0	G	A	0.333	1.227514e+00	1.492491e+00	-7.829883e+01	1.000000e-05	1.000000e+05	4.196406e-01	3.969768e-01	4.095377e-01
4	4_1076465	1076465	0	G	A	0.375	1.791183e+00	1.425179e+00	-7.802962e+01	1.000000e-05	1.000000e+05	2.220021e-01	2.624339e-01	2.806091e-01
5	5_7093	7093	0	G	A	0.417	2.812470e+00	1.336500e+00	-7.598044e+01	8.156717e-02	1.000000e+05	4.699921e-02	2.067194e-02	3.936097e-02
5	5_168988	168988	0	G	A	0.083	-1.319021e+00	2.569119e+00	-7.859150e+01	1.000000e-05	1.000000e+05	6.127797e-01	7.162404e-01	7.200779e-01
5	5_276722	276722	0	A	G	0.583	1.335934e+00	1.420637e+00	-7.841924e+01	1.000000e-05	1.000000e+05	3.572357e-01	4.899511e-01	4.992779e-01
5	5_475470	475470	1	T	C	0.391	-7.850208e-01	1.485689e+00	-7.850175e+01	1.000000e-05	1.000000e+05	6.025199e-01	5.766900e-01	5.835405e-01
5	5_476407	476407	0	T	A	0.542	6.366710e-01	1.427149e+00	-7.863969e+01	1.000000e-05	1.000000e+05	6.598749e-01	8.500565e-01	8.518441e-01
5	5_500266	500266	1	G	A	0.435	-4.314992e-01	1.469027e+00	-7.865749e+01	1.000000e-05	1.000000e+05	7.717164e-01	9.905734e-01	9.906799e-01
5	5_676974	676974	0	A	C	0.458	1.040301e+00	1.416327e+00	-7.767753e+01	1.000000e-05	1.000000e+05	4.703975e-01	1.615063e-01	1.839178e-01
5	5_773775	773775	0	C	T	0.083	-1.319021e+00	2.569119e+00	-7.859150e+01	1.000000e-05	1.000000e+05	6.127797e-01	7.162404e-01	7.200779e-01
5	5_835130	835130	1	A	G	0.391	-6.300211e-01	1.489037e+00	-7.790487e+01	1.000000e-05	1.000000e+05	6.763250e-01	2.198455e-01	2.398925e-01
5	5_835251	835251	1	G	C	0.304	-1.106278e+00	1.568137e+00	-7.824665e+01	1.000000e-05	1.000000e+05	4.879193e-01	3.646469e-01	3.784706e-01
5	5_835261	835261	2	A	G	0.273	-1.024260e+00	1.660890e+00	-7.820623e+01	1.000000e-05	1.000000e+05	5.437666e-01	3.420704e-01	3.568139e-01
5	5_836479	836479	0	G	A	0.375	-1.092339e+00	1.456961e+00	-7.861200e+01	1.000000e-05	1.000000e+05	4.613554e-01	7.627467e-01	7.657973e-01
5	5_836568	836568	0	A	G	0.417	-7.998647e-01	1.438796e+00	-7.855818e+01	1.000000e-05	1.000000e+05	5.838715e-01	6.557226e-01	6.607349e-01
5	5_836697	836697	0	A	G	0.542	1.091146e+00	1.414589e+00	-7.855904e+01	1.000000e-05	1.000000e+05	4.487045e-01	6.571241e-01	6.621071e-01
5	5_836899	836899	1	G	A	0.087	2.443797e-01	2.589036e+00	-7.855716e+01	1.000000e-05	1.000000e+05	9.256536e-01	6.540798e-01	6.591266e-01
5	5_975686	975686	0	C	G	0.375	-1.170448e+00	1.454247e+00	-7.846147e+01	1.000000e-05	1.000000e+05	4.295202e-01	5.311532e-01	5.392402e-01
5	5_1037902	1037902	0	A	G	0.333	-1.007732e+00	1.500009e+00	-7.864010e+01	1.000000e-05	1.000000e+05	5.086939e-01	8.517807e-01	8.535457e-01
5	5_1099536	1099536	0	A	G	0.083	-1.319021e+00	2.569119e+00	-7.859150e+01	1.000000e-05	1.000000e+05	6.127797e-01	7.162404e-01	7.200779e-01
5	5_1166880	1166880	0	A	G	0.083	-1.319021e+00	2.569119e+00	-7.859150e+01	1.000000e-05	1.000000e+05	6.127797e-01	7.162404e-01	7.200779e-01
5	5_1210544	1210544	0	A	G	0.583	1.335934e+00	1.420637e+00	-7.841924e+01	1.000000e-05	1.000000e+05	3.572357e-01	4.899511e-01	4.992779e-01
5	5_1245074	1245074	0	G	A	0.500	-3.440672e+00	1.878337e+00	-7.550603e+01	7.783708e-01	1.000000e+05	8.056133e-02	1.205296e-02	2.789032e-02
5	5_1405166	1405166	0	G	A	0.250	-1.316884e+00	1.625586e+00	-7.847962e+01	1.000000e-05	1.000000e+05	4.265601e-01	5.508079e-01	5.583444e-01
5	5_1597105	1597105	0	C	T	0.625	1.170448e+00	1.454247e+00	-7.846147e+01	1.000000e-05	1.000000e+05	4.295202e-01	5.311532e-01	5.392402e-01
5	5_1661241	1661241	0	G	A	0.083	-1.319021e+00	2.569119e+00	-7.859150e+01	1.000000e-05	1.000000e+05	6.127797e-01	7.162404e-01	7.200779e-01
5	5_1688982	1688982	0	A	G	0.250	-1.316884e+00	1.625586e+00	-7.847962e+01	1.000000e-05	1.000000e+05	4.265601e-01	5.508079e-01	5.583444e-01
5	5_1695239	1695239	0	C	T	0.083	-1.319021e+00	2.569119e+00	-7.859150e+01	1.000000e-05	1.000000e+05	6.127797e-01	7.162404e-01	7.200779e-01
5	5_1770892	1770892	0	G	A	0.375	8.689998e-01	1.463777e+00	-7.824225e+01	1.000000e-05	1.000000e+05	5.587883e-01	3.620941e-01	3.760202e-01
5	5_1773044	1773044	0	G	A	0.125	-2.505855e-01	2.159181e+00	-7.842148e+01	1.000000e-05	1.000000e+05	9.086612e-01	4.919963e-01	5.012588e-01
5	5_1773047	1773047	0	G	A	0.292	-1.695766e+00	1.529365e+00	-7.852615e+01	1.000000e-05	1.000000e+05	2.794893e-01	6.081923e-01	6.142654e-01
5	5_1781499	1781499	0	C	A	0.333	-1.007732e+00	1.500009e+00	-7.864010e+01	1.000000e-05	1.000000e+05	5.086939e-01	8.517807e-01	8.535457e-01
6	6_191358	191358	0	C	T	0.083	1.265219e+00	2.570322e+00	-7.840804e+01	1.000000e-05	1.000000e+05	6.274250e-01	4.799213e-01	4.895677e-01
6	6_211509	211509	0	T	C	0.083	-1.319062e+00	2.569092e+00	-7.860882e+01	1.000000e-05	1.000000e+05	6.127650e-01	7.548739e-01	7.580514e-01
6	6_220264	220264	1	G	A	0.391	-1.305867e+00	1.504630e+00	-7.644201e+01	4.656491e-02	1.000000e+05	3.948185e-01	3.528988e-02	5.668168e-02
6	6_220267	220267	1	G	A	0.391	-1.305867e+00	1.504630e+00	-7.644201e+01	4.656491e-02	1.000000e+05	3.948185e-01	3.528988e-02	5.668168e-02
6	6_221273	221273	3	A	G	0.429	-1.533514e+00	1.508031e+00	-7.747552e+01	1.000000e-05	1.000000e+05	3.202554e-01	1.241563e-01	1.477109e-01
6	6_221275	221275	2	A	G	0.455	-1.584075e+00	1.459772e+00	-7.730816e+01	1.000000e-05	1.000000e+05	2.896025e-01	1.004238e-01	1.243785e-01
6	6_221282	221282	1	A	C	0.478	-1.625446e+00	1.419006e+00	-7.678365e+01	1.000000e-05	1.000000e+05	2.643176e-01	5.287616e-02	7.590439e-02
6	6_239210	239210	0	G	A	0.333	-1.007732e+00	1.500009e+00	-7.864010e+01	1.000000e-05	1.000000e+05	5.086939e-01	8.517807e-01	8.535457e-01
6	6_276397	276397	0	A	G	0.083	-1.319021e+00	2.569119e+00	-7.859150e+01	1.000000e-05	1.000000e+05	6.127797e-01	7.162404e-01	7.200779e-01
6	6_406899	406899	0	C	T	0.333	-1.007732e+00	1.500009e+00	-7.864010e+01	1.000000e-05	1.000000e+05	5.086939e-01	8.517807e-01	8.535457e-01
6	6_465434	465434	0	A	G	0.083	-1.319021e+00	2.569119e+00	-7.859150e+01	1.000000e-05	1.000000e+05	6.127797e-01	7.162404e-01	7.200779e-01
6	6_484890	484890	0	T	C	0.333	-1.007732e+00	1.500009e+00	-7.864010e+01	1.000000e-05	1.000000e+05	5.086939e-01	8.517807e-01	8.535457e-01
6	6_499210	499210	0	G	C	0.333	-1.007732e+00	1.500009e+00	-7.864010e+01	1.000000e-05	1.000000e+05	5.086939e-01	8.517807e-01	8.535457e-01
6	6_544412	544412	0	G	A	0.083	-1.319021e+00	2.569119e+00	-7.859150e+01	1.000000e-05	1.000000e+05	6.127797e-01	7.162404e-01	7.200779e-01
6	6_554477	554477	0	G	T	0.083	-1.319021e+00	2.569119e+00	-7.859150e+01	1.000000e-05	1.000000e+05	6.127797e-01	7.162404e-01	7.200779e-01
6	6_602467	602467	0	C	G	0.333	-1.007732e+00	1.500009e+00	-7.864010e+01	1.000000e-05	1.000000e+05	5.086939e-01	8.517807e-01	8.535457e-01
6	6_659075	659075	0	T	C	0.333	-1.007732e+00	1.500009e+00	-7.864010e+01	1.000000e-05	1.000000e+05	5.086939e-01	8.517807e-01	8.535457e-01
6	6_739933	739933	0	G	T	0.375	-1.203704e+00	1.452964e+00	-7.728010e+01	1.000000e-05	1.000000e+05	4.163148e-01	9.695575e-02	1.209365e-01
6	6_761983	761983	0	T	C	0.083	-1.319021e+00	2.569119e+00	-7.859150e+01	1.000000e-05	1.000000e+05	6.127797e-01	7.162404e-01	7.200779e-01
6	6_936535	936535	0	T	A	0.083	-1.319016e+00	2.569113e+00	-7.863939e+01	1.000000e-05	1.000000e+05	6.127802e-01	8.488077e-01	8.506118e-01
6	6_960726	960726	0	A	G	0.083	-1.319021e+00	2.569119e+00	-7.859150e+01	1.000000e-05	1.000000e+05	6.127797e-01	7.162404e-01	7.200779e-01
6	6_988043	988043	0	T	C	0.292	2.163159e+00	1.502323e+00	-7.846225e+01	1.000000e-05	1.000000e+05	1.639817e-01	5.319719e-01	5.400355e-01
6	6_988098	988098	1	A	G	0.348	1.271039e+00	1.507849e+00	-7.864087e+01	1.000000e-05	1.000000e+05	4.083286e-01	8.550118e-01	8.567345e-01
6	6_988261	988261	3	A	G	0.238	-1.106363e+00	1.777301e+00	-7.863300e+01	1.000000e-05	1.000000e+05	5.400149e-01	8.246094e-01	8.267407e-01
6	6_988405	988405	2	T	C	0.318	-8.883676e-01	1.590544e+00	-7.754017e+01	1.000000e-05	1.000000e+05	5.821229e-01	1.349355e-01	1.582101e-01
6	6_988465	988465	0	T	C	0.583	1.411480e+00	1.417272e+00	-7.836496e+01	1.000000e-05	1.000000e+05	3.301209e-01	4.442776e-01	4.551175e-01
6	6_988478	988478	2	A	G	0.409	-2.231388e+00	1.471694e+00	-7.564732e+01	9.476642e-02	1.000000e+05	1.437059e-01	1.414088e-02	3.081355e-02
6	6_988549	988549	2	A	G	0.364	3.317440e+00	1.391941e+00	-7.660223e+01	6.181708e-02	1.000000e+05	2.621858e-02	4.261365e-02	6.483478e-02
6	6_988553	988553	2	T	G	0.364	3.278322e+00	1.396151e+00	-7.650395e+01	5.805805e-02	1.000000e+05	2.826837e-02	3.795113e-02	5.967395e-02
6	6_988631	988631	2	G	A	0.227	-1.705450e+00	1.742756e+00	-7.838218e+01	1.000000e-05	1.000000e+05	3.384200e-01	4.580085e-01	4.683781e-01
6	6_988733	988733	1	A	G	0.478	-5.397449e-01	1.456175e+00	-7.803641e+01	1.000000e-05	1.000000e+05	7.144362e-01	2.650283e-01	2.830889e-01
6	6_988843	988843	3	A	G	0.429	2.439445e+00	1.452775e+00	-7.721749e+01	1.000000e-05	1.000000e+05	1.072689e-01	8.967787e-02	1.136793e-01
6	6_988922	988922	5	A	G	0.368	-9.108415e-01	1.652901e+00	-7.863551e+01	1.000000e-05	1.000000e+05	5.871485e-01	8.336683e-01	8.356753e-01
6	6_988930	988930	2	G	A	0.273	-9.217308e-01	1.663617e+00	-7.862858e+01	1.000000e-05	1.000000e+05	5.851314e-01	8.097482e-01	8.120889e-01
6	6_988960	988960	2	T	G	0.318	-1.488875e+00	1.570015e+00	-7.863167e+01	1.000000e-05	1.000000e+05	3.532685e-01	8.200089e-01	8.222044e-01
6	6_989188	989188	0	T	C	0.417	8.600510e-01	1.437222e+00	-7.740859e+01	1.000000e-05	1.000000e+05	5.556765e-01	1.139952e-01	1.377628e-01
6	6_989334	989334	2	G	C	0.364	-5.816183e-01	1.545953e+00	-7.861855e+01	1.000000e-05	1.000000e+05	7.103572e-01	7.800114e-01	7.827921e-01
6	6_989453	989453	3	A	G	0.667	1.493402e+00	1.588283e+00	-7.835828e+01	1.000000e-05	1.000000e+05	3.572934e-01	4.391315e-01	4.501511e-01
6	6_989490	989490	0	T	C	0.417	-1.102954e+00	1.429662e+00	-7.859609e+01	1.000000e-05	1.000000e+05	4.486310e-01	7.258573e-01	7.295245e-01
6	6_989528	989528	0	T	C	0.542	-7.772776e-01	1.423978e+00	-7.834805e+01	1.000000e-05	1.000000e+05	5.906621e-01	4.314100e-01	4.427027e-01
6	6_989732	989732	4	T	C	0.400	-1.257293e-01	1.597006e+00	-7.861244e+01	1.000000e-05	1.000000e+05	9.379606e-01	7.638777e-01	7.669103e-01
6	6_989861	989861	2	A	G	0.500	-1.185770e+00	1.470553e+00	-7.810645e+01	1.000000e-05	1.000000e+05	4.286760e-01	2.937790e-01	3.105775e-01
6	6_989960	989960	0	A	G	0.458	-4.233301e-01	1.430744e+00	-7.865675e+01	1.000000e-05	1.000000e+05	7.700957e-01	9.678671e-01	9.682310e-01
6	6_990258	990258	2	G	T	0.409	2.405546e+00	1.428120e+00	-7.575557e+01	1.000000e-05	1.000000e+05	1.062376e-01	1.598988e-02	3.331310e-02
6	6_990671	990671	5	G	A	0.526	-1.989340e+00	1.588380e+00	-7.599856e+01	7.622882e-02	1.000000e+05	2.235627e-01	2.110627e-02	3.990540e-02
6	6_990699	990699	2	G	A	0.545	-2.088124e+00	1.516121e+00	-7.624246e+01	1.346022e-01	1.000000e+05	1.822780e-01	2.796535e-02	4.822558e-02
6	6_990701	990701	1	A	G	0.565	1.236530e+00	1.448114e+00	-7.849034e+01	1.000000e-05	1.000000e+05	4.023683e-01	5.630599e-01	5.702662e-01
6	6_990771	990771	3	T	C	0.381	-8.874459e-01	1.561043e+00	-7.860317e+01	1.000000e-05	1.000000e+05	5.754563e-01	7.415298e-01	7.449281e-01
6	6_990777	990777	1	A	G	0.391	1.010278e+00	1.479492e+00	-7.752757e+01	1.000000e-05	1.000000e+05	5.018267e-01	1.327550e-01	1.560902e-01
6	6_990851	990851	1	T	C	0.304	-7.999575e-01	1.576580e+00	-7.859110e+01	1.000000e-05	1.000000e+05	6.169226e-01	7.154290e-01	7.192812e-01
6	6_990862	990862	1	G	T	0.261	-1.707023e+00	1.621349e+00	-7.780289e+01	1.000000e-05	1.000000e+05	3.038408e-01	1.910723e-01	2.123368e-01
6	6_990885	990885	2	A	G	0.227	-7.528870e-01	1.773037e+00	-7.864936e+01	1.000000e-05	1.000000e+05	6.752294e-01	8.980860e-01	8.992667e-01
6	6_990992	990992	1	T	C	0.174	3.381325e+00	1.784988e+00	-7.579663e+01	1.000000e-05	1.000000e+05	7.140499e-02	1.675488e-02	3.432659e-02
6	6_991027	991027	0	T	C	0.167	-1.450987e+00	1.891544e+00	-7.814690e+01	1.000000e-05	1.000000e+05	4.511814e-01	3.122070e-01	3.282092e-01
6	6_1031241	1031241	1	A	G	0.478	-3.368077e+00	1.835239e+00	-7.571143e+01	6.665360e-01	1.000000e+05	8.002925e-02	1.520763e-02	3.226471e-02
6	6_1116760	1116760	0	G	A	0.333	-1.007732e+00	1.500009e+00	-7.864010e+01	1.000000e-05	1.000000e+05	5.086939e-01	8.517807e-01	8.535457e-01
6	6_1160524	1160524	0	A	G	0.375	2.891706e+00	1.346082e+00	-7.700464e+01	3.414029e-02	1.000000e+05	4.296302e-02	6.903396e-02	9.276796e-02
6	6_1160528	1160528	0	A	G	0.375	2.891706e+00	1.346082e+00	-7.700464e+01	3.414029e-02	1.000000e+05	4.296302e-02	6.903396e-02	9.276796e-02
6	6_1160532	1160532	0	A	G	0.375	2.891706e+00	1.346082e+00	-7.700464e+01	3.414029e-02	1.000000e+05	4.296302e-02	6.903396e-02	9.276796e-02
6	6_1167676	1167676	0	C	G	0.333	-1.007732e+00	1.500009e+00	-7.864010e+01	1.000000e-05	1.000000e+05	5.086939e-01	8.517807e-01	8.535457e-01
6	6_1174733	1174733	0	G	C	0.083	-1.319021e+00	2.569119e+00	-7.859150e+01	1.000000e-05	1.000000e+05	6.127797e-01	7.162404e-01	7.200779e-01
6	6_1249810	1249810	0	G	A	0.208	-1.094838e+00	1.743341e+00	-7.865755e+01	1.000000e-05	1.000000e+05	5.364620e-01	9.970386e-01	9.970721e-01
6	6_1279254	1279254	0	C	T	0.333	-1.007732e+00	1.500009e+00	-7.864010e+01	1.000000e-05	1.000000e+05	5.086939e-01	8.517807e-01	8.535457e-01
7	7_11056	11056	1	A	C	0.348	2.328638e+00	1.449335e+00	-7.786526e+01	1.000000e-05	1.000000e+05	1.223807e-01	2.080991e-01	2.286510e-01
7	7_14006	14006	2	A	G	0.273	-3.952513e-01	1.673065e+00	-7.865730e+01	1.000000e-05	1.000000e+05	8.154291e-01	9.818150e-01	9.820206e-01
7	7_36839	36839	0	G	A	0.125	-1.043529e+00	2.148358e+00	-7.853344e+01	1.000000e-05	1.000000e+05	6.319590e-01	6.183225e-01	6.241585e-01
7	7_37788	37788	0	C	T	0.333	-1.007732e+00	1.500009e+00	-7.864010e+01	1.000000e-05	1.000000e+05	5.086939e-01	8.517807e-01	8.535457e-01
7	7_49744	49744	0	G	A	0.083	-1.319056e+00	2.569092e+00	-7.865593e+01	1.000000e-05	1.000000e+05	6.127665e-01	9.544023e-01	9.549200e-01
7	7_164473	164473	2	G	A	0.364	-6.137190e-01	1.545389e+00	-7.863343e+01	1.000000e-05	1.000000e+05	6.950988e-01	8.261317e-01	8.282420e-01
7	7_164511	164511	0	T	C	0.542	-4.256824e-01	1.430712e+00	-7.855083e+01	1.000000e-05	1.000000e+05	7.688519e-01	6.440693e-01	6.493297e-01
7	7_164589	164589	1	C	T	0.391	-1.812027e+00	1.444309e+00	-7.765698e+01	1.000000e-05	1.000000e+05	2.227902e-01	1.571782e-01	1.797437e-01
7	7_164636	164636	1	A	G	0.391	-5.037628e-01	1.491221e+00	-7.782333e+01	1.000000e-05	1.000000e+05	7.387018e-01	1.964641e-01	2.175061e-01
7	7_164887	164887	1	G	A	0.348	-1.516307e+00	1.497508e+00	-7.811502e+01	1.000000e-05	1.000000e+05	3.222806e-01	2.975625e-01	3.141966e-01
7	7_164926	164926	2	G	A	0.273	-1.313538e+00	1.651612e+00	-7.826400e+01	1.000000e-05	1.000000e+05	4.349322e-01	3.749732e-01	3.883862e-01
7	7_165027	165027	3	T	C	0.190	-1.059446e+00	1.931489e+00	-7.833909e+01	1.000000e-05	1.000000e+05	5.888635e-01	4.248177e-01	4.363469e-01
7	7_165292	165292	0	C	A	0.583	1.986198e+00	1.385604e+00	-7.852206e+01	1.000000e-05	1.000000e+05	1.657884e-01	6.026646e-01	6.088697e-01
7	7_165637	165637	0	A	G	0.458	-1.149798e+00	1.412474e+00	-7.854410e+01	1.000000e-05	1.000000e+05	4.243508e-01	6.338153e-01	6.393004e-01
7	7_165657	165657	2	A	G	0.409	-1.545920e+00	1.481191e+00	-7.844358e+01	1.000000e-05	1.000000e+05	3.079576e-01	5.129906e-01	5.216096e-01
7	7_165680	165680	0	T	C	0.417	-1.779349e+00	1.398321e+00	-7.831569e+01	1.000000e-05	1.000000e+05	2.164843e-01	4.083019e-01	4.204368e-01
7	7_165704	165704	1	A	G	0.478	1.192735e+00	1.438405e+00	-7.862118e+01	1.000000e-05	1.000000e+05	4.158942e-01	7.873628e-01	7.900319e-01
7	7_165798	165798	2	C	T	0.409	-1.209278e+00	1.495362e+00	-7.855057e+01	1.000000e-05	1.000000e+05	4.273551e-01	6.436697e-01	6.489388e-01
7	7_165854	165854	2	T	C	0.545	1.783438e+00	1.449285e+00	-7.789966e+01	1.000000e-05	1.000000e+05	2.314816e-01	2.182560e-01	2.383719e-01
7	7_165873	165873	1	A	G	0.391	-1.621811e+00	1.454553e+00	-7.697651e+01	1.000000e-05	1.000000e+05	2.768873e-01	6.671318e-02	9.037844e-02
7	7_165955	165955	2	T	C	0.409	6.670873e-02	1.517353e+00	-7.838789e+01	1.000000e-05	1.000000e+05	9.653298e-01	4.627077e-01	4.729193e-01
7	7_166056	166056	1	C	A	0.522	1.325891e+00	1.433095e+00	-7.864358e+01	1.000000e-05	1.000000e+05	3.649032e-01	8.672080e-01	8.687732e-01
7	7_166309	166309	1	G	A	0.478	1.300100e+00	1.434168e+00	-7.836007e+01	1.000000e-05	1.000000e+05	3.744836e-01	4.404964e-01	4.514682e-01
7	7_166838	166838	0	T	A	0.125	-5.504693e-01	2.156656e+00	-7.861557e+01	1.000000e-05	1.000000e+05	8.009072e-01	7.719642e-01	7.748694e-01
7	7_166992	166992	2	A	G	0.318	3.512710e-01	1.600029e+00	-7.861100e+01	1.000000e-05	1.000000e+05	8.282534e-01	7.602384e-01	7.633292e-01
7	7_167034	167034	2	T	C	0.318	9.071080e-01	1.590064e+00	-7.818153e+01	1.000000e-05	1.000000e+05	5.741296e-01	3.291975e-01	3.444782e-01
7	7_167035	167035	1	C	A	0.348	1.042286e+00	1.515802e+00	-7.813330e+01	1.000000e-05	1.000000e+05	4.988821e-01	3.058473e-01	3.221228e-01
7	7_167135	167135	2	A	G	0.591	-2.614056e+00	1.411369e+00	-7.591536e+01	1.000000e-05	1.000000e+05	7.747197e-02	1.918685e-02	3.748004e-02
7	7_167192	167192	2	C	T	0.500	-1.999690e+00	1.429924e+00	-7.675410e+01	1.000000e-05	1.000000e+05	1.759141e-01	5.104119e-02	7.394981e-02
7	7_167224	167224	4	T	A	0.400	-1.746615e+00	1.553212e+00	-7.699019e+01	1.000000e-05	1.000000e+05	2.729134e-01	6.783149e-02	9.153105e-02
7	7_167292	167292	3	A	G	0.429	-1.432287e+00	1.512548e+00	-7.731412e+01	1.000000e-05	1.000000e+05	3.539569e-01	1.011776e-01	1.251253e-01
7	7_167370	167370	1	A	G	0.391	1.794369e+00	1.445309e+00	-7.789571e+01	1.000000e-05	1.000000e+05	2.274910e-01	2.170607e-01	2.372282e-01
7	7_167655	167655	2	G	A	0.364	-1.307867e+00	1.525649e+00	-7.810858e+01	1.000000e-05	1.000000e+05	4.005477e-01	2.947141e-01	3.114719e-01
7	7_167687	167687	1	A	C	0.130	-6.143800e-01	2.162624e+00	-7.832947e+01	1.000000e-05	1.000000e+05	7.789980e-01	4.179089e-01	4.296892e-01
7	7_226969	226969	0	G	A	0.333	-1.007732e+00	1.500009e+00	-7.864010e+01	1.000000e-05	1.000000e+05	5.086939e-01	8.517807e-01	8.535457e-01
7	7_230511	230511	0	A	G	0.333	-1.007732e+00	1.500009e+00	-7.864010e+01	1.000000e-05	1.000000e+05	5.086939e-01	8.517807e-01	8.535457e-01
7	7_347542	347542	0	C	T	0.292	-8.400699e-01	1.561329e+00	-7.864976e+01	1.000000e-05	1.000000e+05	5.959458e-01	9.005959e-01	9.017461e-01
7	7_453828	453828	2	T	C	0.182	-3.621955e-01	1.932792e+00	-7.865524e+01	1.000000e-05	1.000000e+05	8.530685e-01	9.456658e-01	9.462840e-01
7	7_479542	479542	1	A	G	0.130	-1.450962e+00	2.144384e+00	-7.865724e+01	1.000000e-05	1.000000e+05	5.056910e-01	9.797830e-01	9.800116e-01
7	7_508893	508893	0	G	C	0.333	-1.007732e+00	1.500009e+00	-7.864010e+01	1.000000e-05	1.000000e+05	5.086939e-01	8.517807e-01	8.535457e-01
7	7_672119	672119	0	G	A	0.292	-1.874932e+00	1.519826e+00	-7.622996e+01	1.000000e-05	1.000000e+05	2.303517e-01	2.756292e-02	4.774977e-02
7	7_752860	752860	2	A	T	0.273	2.815411e+00	1.563951e+00	-7.673901e+01	1.000000e-05	1.000000e+05	8.555920e-02	5.013035e-02	7.297596e-02
7	7_752861	752861	0	A	T	0.125	-5.504719e-01	2.156656e+00	-7.863016e+01	1.000000e-05	1.000000e+05	8.009063e-01	8.149124e-01	8.171796e-01
7	7_813688	813688	1	C	T	0.348	-1.110743e+00	1.513649e+00	-7.862683e+01	1.000000e-05	1.000000e+05	4.708083e-01	8.042066e-01	8.066270e-01
7	7_819348	819348	0	A	C	0.333	-1.007732e+00	1.500009e+00	-7.864010e+01	1.000000e-05	1.000000e+05	5.086939e-01	8.517807e-01	8.535457e-01
7	7_831960	831960	0	T	G	0.250	-1.316884e+00	1.625586e+00	-7.847962e+01	1.000000e-05	1.000000e+05	4.265601e-01	5.508079e-01	5.583444e-01
7	7_908360	908360	3	C	A	0.143	-1.691862e+00	2.152207e+00	-7.838226e+01	1.000000e-05	1.000000e+05	4.401910e-01	4.580712e-01	4.684386e-01
7	7_911043	911043	0	C	T	0.333	-1.007732e+00	1.500009e+00	-7.864010e+01	1.000000e-05	1.000000e+05	5.086939e-01	8.517807e-01	8.535457e-01
7	7_1008288	1008288	0	G	A	0.333	-1.007732e+00	1.500009e+00	-7.864010e+01	1.000000e-05	1.000000e+05	5.086939e-01	8.517807e-01	8.535457e-01
7	7_1024334	1024334	0	G	A	0.333	-1.007732e+00	1.500009e+00	-7.864010e+01	1.000000e-05	1.000000e+05	5.086939e-01	8.517807e-01	8.535457e-01
7	7_1024356	1024356	0	T	C	0.333	-1.007732e+00	1.500009e+00	-7.864010e+01	1.000000e-05	1.000000e+05	5.086939e-01	8.517807e-01	8.535457e-01
7	7_1171945	1171945	0	A	G	0.083	-1.319021e+00	2.569119e+00	-7.859150e+01	1.000000e-05	1.000000e+05	6.127797e-01	7.162404e-01	7.200779e-01
7	7_1191543	1191543	0	C	T	0.333	-1.007732e+00	1.500009e+00	-7.864010e+01	1.000000e-05	1.000000e+05	5.086939e-01	8.517807e-01	8.535457e-01
7	7_1192832	1192832	0	T	C	0.083	-1.319021e+00	2.569119e+00	-7.859150e+01	1.000000e-05	1.000000e+05	6.127797e-01	7.162404e-01	7.200779e-01
7	7_1193976	1193976	0	C	T	0.333	-1.007732e+00	1.500009e+00	-7.864010e+01	1.000000e-05	1.000000e+05	5.086939e-01	8.517807e-01	8.535457e-01
7	7_1196178	1196178	0	C	T	0.583	-1.081901e+00	1.430389e+00	-7.841192e+01	1.000000e-05	1.000000e+05	4.574521e-01	4.833583e-01	4.928944e-01
7	7_1205599	1205599	3	G	T	0.381	-1.707228e+00	1.529758e+00	-7.688835e+01	1.000000e-05	1.000000e+05	2.764588e-01	5.996233e-02	8.336988e-02
7	7_1205600	1205600	2	G	A	0.364	-1.562067e+00	1.514744e+00	-7.681381e+01	1.000000e-05	1.000000e+05	3.136321e-01	5.482201e-02	7.796693e-02
7	7_1205735	1205735	2	T	A	0.364	9.881461e-02	1.550783e+00	-7.847052e+01	1.000000e-05	1.000000e+05	9.497692e-01	5.407915e-01	5.486053e-01
7	7_1227094	1227094	0	A	G	0.333	-1.007732e+00	1.500009e+00	-7.864010e+01	1.000000e-05	1.000000e+05	5.086939e-01	8.517807e-01	8.535457e-01
7	7_1240469	1240469	0	C	T	0.083	-1.319021e+00	2.569119e+00	-7.859150e+01	1.000000e-05	1.000000e+05	6.127797e-01	7.162404e-01	7.200779e-01
7	7_1263585	1263585	0	T	C	0.292	1.794495e+00	1.524238e+00	-7.830531e+01	1.000000e-05	1.000000e+05	2.516534e-01	4.012778e-01	4.136759e-01
7	7_1263610	1263610	0	G	A	0.375	-1.240373e+00	1.451564e+00	-7.816478e+01	1.000000e-05	1.000000e+05	4.020335e-01	3.208322e-01	3.364665e-01
7	7_1266484	1266484	1	A	T	0.435	1.845538e+00	1.418348e+00	-7.857780e+01	1.000000e-05	1.000000e+05	2.066573e-01	6.896037e-01	6.939357e-01
7	7_1276916	1276916	0	A	G	0.208	-7.771016e-01	1.751037e+00	-7.861818e+01	1.000000e-05	1.000000e+05	6.615249e-01	7.789973e-01	7.817935e-01
7	7_1276919	1276919	0	G	A	0.167	-5.600575e-01	1.912948e+00	-7.865466e+01	1.000000e-05	1.000000e+05	7.724401e-01	9.392563e-01	9.399487e-01
7	7_1341024	1341024	0	A	C	0.333	-2.794398e-01	1.514089e+00	-7.865754e+01	1.000000e-05	1.000000e+05	8.552651e-01	9.949811e-01	9.950378e-01
8	8_144493	144493	0	A	G	0.333	-1.007732e+00	1.500009e+00	-7.864010e+01	1.000000e-05	1.000000e+05	5.086939e-01	8.517807e-01	8.535457e-01
8	8_174475	174475	0	G	T	0.333	-1.007732e+00	1.500009e+00	-7.864010e+01	1.000000e-05	1.000000e+05	5.086939e-01	8.517807e-01	8.535457e-01
8	8_208859	208859	0	G	A	0.208	-1.094838e+00	1.743341e+00	-7.865755e+01	1.000000e-05	1.000000e+05	5.364620e-01	9.970386e-01	9.970721e-01
8	8_294928	294928	0	T	A	0.333	-1.007732e+00	1.500009e+00	-7.864010e+01	1.000000e-05	1.000000e+05	5.086939e-01	8.517807e-01	8.535457e-01
8	8_553155	553155	0	T	C	0.083	-1.319021e+00	2.569119e+00	-7.859150e+01	1.000000e-05	1.000000e+05	6.127797e-01	7.162404e-01	7.200779e-01
8	8_725537	725537	0	A	C	0.333	-1.007732e+00	1.500009e+00	-7.864010e+01	1.000000e-05	1.000000e+05	5.086939e-01	8.517807e-01	8.535457e-01
8	8_817562	817562	3	T	C	0.095	7.615095e+00	2.024905e+00	-6.941842e+01	8.539021e-02	1.000000e+05	1.079153e-03	1.718521e-05	1.630954e-03
8	8_817567	817567	3	C	T	0.095	7.615095e+00	2.024905e+00	-6.941842e+01	8.539021e-02	1.000000e+05	1.079153e-03	1.718521e-05	1.630954e-03
8	8_817674	817674	3	A	G	0.143	4.983788e+00	1.905869e+00	-7.267317e+01	1.564795e-03	1.000000e+05	1.581188e-02	5.409948e-04	5.605476e-03
8	8_818838	818838	3	G	A	0.429	1.910137e+00	1.488356e+00	-7.630033e+01	1.000000e-05	1.000000e+05	2.127111e-01	2.991003e-02	5.050675e-02
8	8_847517	847517	0	A	G	0.167	-9.568593e-01	1.905783e+00	-7.861671e+01	1.000000e-05	1.000000e+05	6.205980e-01	7.749979e-01	7.778559e-01
8	8_874822	874822	1	G	A	0.087	-7.566286e-01	2.584534e+00	-7.828070e+01	1.000000e-05	1.000000e+05	7.724548e-01	3.852979e-01	3.983072e-01
8	8_874895	874895	3	T	C	0.143	-7.814788e-01	2.175854e+00	-7.838119e+01	1.000000e-05	1.000000e+05	7.228999e-01	4.572026e-01	4.675994e-01
8	8_874992	874992	0	C	T	0.083	-1.319099e+00	2.569094e+00	-7.860952e+01	1.000000e-05	1.000000e+05	6.127553e-01	7.565902e-01	7.597398e-01
8	8_1083181	1083181	0	T	C	0.333	-1.007732e+00	1.500009e+00	-7.864010e+01	1.000000e-05	1.000000e+05	5.086939e-01	8.517807e-01	8.535457e-01
8	8_1161462	1161462	0	C	T	0.625	1.170447e+00	1.454246e+00	-7.861344e+01	1.000000e-05	1.000000e+05	4.295202e-01	7.664146e-01	7.694070e-01
8	8_1252135	1252135	1	T	C	0.435	-8.007673e-01	1.461970e+00	-7.864621e+01	1.000000e-05	1.000000e+05	5.893908e-01	8.802342e-01	8.816349e-01
8	8_1256218	1256218	0	G	A	0.333	-1.007732e+00	1.500009e+00	-7.864010e+01	1.000000e-05	1.000000e+05	5.086939e-01	8.517807e-01	8.535457e-01
8	8_1326133	1326133	0	A	G	0.208	2.570335e+00	1.671310e+00	-7.692198e+01	1.000000e-05	1.000000e+05	1.383286e-01	6.244727e-02	8.596032e-02
8	8_1326140	1326140	0	G	A	0.167	3.470228e+00	1.768331e+00	-7.446063e+01	2.565111e-02	1.000000e+05	6.248268e-02	3.764886e-03	1.425832e-02
8	8_1383765	1383765	0	A	G	0.417	1.751373e+00	1.399925e+00	-7.852940e+01	1.000000e-05	1.000000e+05	2.240584e-01	6.126557e-01	6.186236e-01
9	9_5213	5213	3	G	C	0.238	5.302977e-01	1.789331e+00	-7.862753e+01	1.000000e-05	1.000000e+05	7.697300e-01	8.064034e-01	8.087921e-01
9	9_6619	6619	1	C	T	0.304	3.632922e+00	1.387770e+00	-7.420674e+01	4.829030e-02	1.000000e+05	1.571242e-02	2.849131e-03	1.230443e-02
9	9_7470	7470	0	A	G	0.292	-9.289911e-01	1.558989e+00	-7.813155e+01	1.000000e-05	1.000000e+05	5.573282e-01	3.050403e-01	3.213507e-01
9	9_7729	7729	1	C	T	0.435	7.930228e-01	1.462160e+00	-7.811418e+01	1.000000e-05	1.000000e+05	5.930199e-01	2.971890e-01	3.138393e-01
9	9_8171	8171	2	G	A	0.364	5.312603e-01	1.546794e+00	-7.849811e+01	1.000000e-05	1.000000e+05	7.345138e-01	5.722693e-01	5.792339e-01
9	9_10033	10033	1	C	T	0.174	-1.181826e+00	1.908502e+00	-7.794433e+01	1.000000e-05	1.000000e+05	5.421168e-01	2.323435e-01	2.518456e-01
9	9_49163	49163	0	A	G	0.250	-1.316884e+00	1.625586e+00	-7.847962e+01	1.000000e-05	1.000000e+05	4.265601e-01	5.508079e-01	5.583444e-01
9	9_220237	220237	2	A	G	0.091	-4.533990e-01	2.593386e+00	-7.856396e+01	1.000000e-05	1.000000e+05	8.628130e-01	6.652641e-01	6.700787e-01
9	9_220963	220963	1	C	T	0.174	-1.547500e+00	1.896574e+00	-7.865672e+01	1.000000e-05	1.000000e+05	4.232787e-01	9.673031e-01	9.676734e-01
9	9_272607	272607	0	A	G	0.333	-1.007732e+00	1.500009e+00	-7.864010e+01	1.000000e-05	1.000000e+05	5.086939e-01	8.517807e-01	8.535457e-01
9	9_338278	338278	1	A	G	0.348	-1.110743e+00	1.513649e+00	-7.862683e+01	1.000000e-05	1.000000e+05	4.708083e-01	8.042066e-01	8.066270e-01
9	9_491535	491535	0	A	G	0.333	-1.007732e+00	1.500009e+00	-7.864010e+01	1.000000e-05	1.000000e+05	5.086939e-01	8.517807e-01	8.535457e-01
9	9_534468	534468	0	C	T	0.333	-1.007732e+00	1.500009e+00	-7.864010e+01	1.000000e-05	1.000000e+05	5.086939e-01	8.517807e-01	8.535457e-01
9	9_705343	705343	1	G	A	0.261	2.231698e+00	1.592278e+00	-7.701514e+01	1.074683e-03	1.000000e+05	1.749927e-01	6.992255e-02	9.368043e-02
9	9_705571	705571	0	T	C	0.500	8.953826e-01	1.415790e+00	-7.861868e+01	1.000000e-05	1.000000e+05	5.336270e-01	7.803555e-01	7.831310e-01
9	9_706175	706175	2	G	A	0.318	-1.502902e+00	1.569410e+00	-7.844027e+01	1.000000e-05	1.000000e+05	3.486595e-01	5.097498e-01	5.184662e-01
9	9_741562	741562	0	T	C	0.250	-1.316884e+00	1.625586e+00	-7.847962e+01	1.000000e-05	1.000000e+05	4.265601e-01	5.508079e-01	5.583444e-01
9	9_942229	942229	0	A	G	0.292	-8.400699e-01	1.561329e+00	-7.864976e+01	1.000000e-05	1.000000e+05	5.959458e-01	9.005959e-01	9.017461e-01
9	9_981209	981209	0	G	A	0.083	-1.319021e+00	2.569119e+00	-7.859150e+01	1.000000e-05	1.000000e+05	6.127797e-01	7.162404e-01	7.200779e-01
9	9_1115286	1115286	0	G	A	0.500	8.315412e-01	1.417559e+00	-7.857136e+01	1.000000e-05	1.000000e+05	5.634431e-01	6.779805e-01	6.825392e-01
10	10_13558	13558	0	C	T	0.333	-1.007732e+00	1.500009e+00	-7.864010e+01	1.000000e-05	1.000000e+05	5.086939e-01	8.517807e-01	8.535457e-01
10	10_15220	15220	1	T	A	0.130	-7.947445e-01	2.159946e+00	-7.824345e+01	1.000000e-05	1.000000e+05	7.164296e-01	3.627885e-01	3.766867e-01
10	10_15251	15251	2	G	A	0.091	-5.094179e-01	2.592911e+00	-7.857690e+01	1.000000e-05	1.000000e+05	8.460493e-01	6.879433e-01	6.923073e-01
10	10_15279	15279	1	A	G	0.261	-1.120714e+00	1.644424e+00	-7.857761e+01	1.000000e-05	1.000000e+05	5.026520e-01	6.892570e-01	6.935956e-01
10	10_15288	15288	2	C	T	0.227	-1.034054e+00	1.766578e+00	-7.864120e+01	1.000000e-05	1.000000e+05	5.642735e-01	8.564552e-01	8.581590e-01
10	10_15302	15302	2	T	C	0.318	-1.484017e+00	1.570223e+00	-7.783743e+01	1.000000e-05	1.000000e+05	3.548730e-01	2.002891e-01	2.211713e-01
10	10_15428	15428	1	C	G	0.130	-7.947476e-01	2.159946e+00	-7.865226e+01	1.000000e-05	1.000000e+05	7.164285e-01	9.180278e-01	9.189691e-01
10	10_15438	15438	0	G	A	0.125	-7.297268e-01	2.154232e+00	-7.865222e+01	1.000000e-05	1.000000e+05	7.380166e-01	9.177206e-01	9.186656e-01
10	10_15441	15441	1	A	G	0.130	-7.947476e-01	2.159946e+00	-7.865226e+01	1.000000e-05	1.000000e+05	7.164285e-01	9.180278e-01	9.189691e-01
10	10_15449	15449	1	C	T	0.087	-4.444040e-01	2.587829e+00	-7.838932e+01	1.000000e-05	1.000000e+05	8.652208e-01	4.638982e-01	4.740701e-01
10	10_15455	15455	0	C	T	0.083	-3.852940e-01	2.583134e+00	-7.849712e+01	1.000000e-05	1.000000e+05	8.827882e-01	5.710733e-01	5.780690e-01
10	10_15458	15458	0	G	A	0.083	-3.852940e-01	2.583134e+00	-7.849712e+01	1.000000e-05	1.000000e+05	8.827882e-01	5.710733e-01	5.780690e-01
10	10_15461	15461	0	T	C	0.083	-3.852940e-01	2.583134e+00	-7.849712e+01	1.000000e-05	1.000000e+05	8.827882e-01	5.710733e-01	5.780690e-01
10	10_15463	15463	0	A	T	0.083	-3.852940e-01	2.583134e+00	-7.849712e+01	1.000000e-05	1.000000e+05	8.827882e-01	5.710733e-01	5.780690e-01
10	10_15473	15473	0	C	T	0.083	-3.852940e-01	2.583134e+00	-7.849712e+01	1.000000e-05	1.000000e+05	8.827882e-01	5.710733e-01	5.780690e-01
10	10_17879	17879	0	T	C	0.333	-2.262677e-01	1.514495e+00	-7.864278e+01	1.000000e-05	1.000000e+05	8.825981e-01	8.634995e-01	8.651123e-01
10	10_17897	17897	0	A	G	0.333	-2.262677e-01	1.514495e+00	-7.864278e+01	1.000000e-05	1.000000e+05	8.825981e-01	8.634995e-01	8.651123e-01
10	10_18092	18092	1	A	G	0.522	-2.131161e+00	1.388246e+00	-7.806447e+01	1.000000e-05	1.000000e+05	1.390053e-01	2.761024e-01	2.936749e-01
10	10_18647	18647	3	C	T	0.381	5.133302e-02	1.572446e+00	-7.857809e+01	1.000000e-05	1.000000e+05	9.742518e-01	6.901367e-01	6.944584e-01
10	10_18785	18785	0	G	A	0.375	-7.824140e-01	1.466023e+00	-7.860531e+01	1.000000e-05	1.000000e+05	5.989017e-01	7.465010e-01	7.498162e-01
10	10_18869	18869	0	A	G	0.500	1.413018e+00	1.396504e+00	-7.832124e+01	1.000000e-05	1.000000e+05	3.226213e-01	4.121361e-01	4.241287e-01
10	10_18908	18908	0	G	A	0.292	2.144034e+00	1.503580e+00	-7.730361e+01	1.000000e-05	1.000000e+05	1.679182e-01	9.985286e-02	1.238125e-01
10	10_18915	18915	0	T	C	0.292	2.144034e+00	1.503580e+00	-7.730361e+01	1.000000e-05	1.000000e+05	1.679182e-01	9.985286e-02	1.238125e-01
10	10_18933	18933	0	A	G	0.292	2.144029e+00	1.503580e+00	-7.842890e+01	1.000000e-05	1.000000e+05	1.679192e-01	4.988825e-01	5.079305e-01
10	10_18941	18941	2	T	C	0.318	2.382051e+00	1.519157e+00	-7.835818e+01	1.000000e-05	1.000000e+05	1.311513e-01	4.390499e-01	4.500724e-01
10	10_18943	18943	1	G	A	0.348	2.633309e+00	1.425444e+00	-7.797727e+01	1.000000e-05	1.000000e-05	7.818757e-02	2.434358e-01	3.471204e-01
10	10_18983	18983	2	C	T	0.227	-5.178068e-01	1.776897e+00	-7.865031e+01	1.000000e-05	1.000000e+05	7.734671e-01	9.041468e-01	9.052540e-01
10	10_19002	19002	0	C	T	0.583	1.183650e+00	1.426761e+00	-7.863128e+01	1.000000e-05	1.000000e+05	4.156730e-01	8.186726e-01	8.208868e-01
10	10_19004	19004	0	A	G	0.583	1.183650e+00	1.426761e+00	-7.863128e+01	1.000000e-05	1.000000e+05	4.156730e-01	8.186726e-01	8.208868e-01
10	10_19008	19008	0	T	C	0.292	-8.400687e-01	1.561324e+00	-7.865326e+01	1.000000e-05	1.000000e+05	5.959453e-01	9.260888e-01	9.269349e-01
10	10_19015	19015	0	G	A	0.583	1.183650e+00	1.426761e+00	-7.863128e+01	1.000000e-05	1.000000e+05	4.156730e-01	8.186726e-01	8.208868e-01
10	10_19031	19031	0	A	G	0.625	1.012521e+00	1.459622e+00	-7.859491e+01	1.000000e-05	1.000000e+05	4.951384e-01	7.233563e-01	7.270674e-01
10	10_19062	19062	1	A	G	0.304	-9.309611e-01	1.573359e+00	-7.865665e+01	1.000000e-05	1.000000e+05	5.600813e-01	9.658920e-01	9.662784e-01
10	10_19067	19067	1	T	A	0.565	-7.873382e+00	2.028291e+00	-7.116428e+01	6.764067e+00	1.000000e+05	8.043135e-04	1.082793e-04	2.976018e-03
10	10_19151	19151	1	G	A	0.261	1.396155e+00	2.121536e+00	-7.823838e+01	1.980441e-01	1.000000e+05	5.173102e-01	3.598670e-01	3.738829e-01
10	10_318276	318276	0	G	A	0.333	-1.476292e+00	1.482216e+00	-7.849614e+01	1.000000e-05	1.000000e+05	3.300782e-01	5.699089e-01	5.769349e-01
10	10_381155	381155	0	G	A	0.292	-8.400699e-01	1.561329e+00	-7.864976e+01	1.000000e-05	1.000000e+05	5.959458e-01	9.005959e-01	9.017461e-01
10	10_387430	387430	1	A	G	0.565	1.471770e+00	1.438109e+00	-7.817924e+01	1.000000e-05	1.000000e+05	3.172381e-01	3.280350e-01	3.433647e-01
10	10_474627	474627	0	A	G	0.333	-1.007732e+00	1.500009e+00	-7.864010e+01	1.000000e-05	1.000000e+05	5.086939e-01	8.517807e-01	8.535457e-01
10	10_583208	583208	1	A	G	0.348	-2.143765e+00	1.609868e+00	-7.604096e+01	1.826897e-01	1.000000e+05	1.966121e-01	2.215977e-02	4.121603e-02
10	10_584652	584652	0	G	T	0.333	-1.469728e+00	1.486722e+00	-7.758711e+01	1.100326e-02	1.000000e+05	3.336224e-01	1.434173e-01	1.664398e-01
10	10_612064	612064	0	A	G	0.208	-1.094838e+00	1.743341e+00	-7.865755e+01	1.000000e-05	1.000000e+05	5.364620e-01	9.970386e-01	9.970721e-01
10	10_724149	724149	0	G	A	0.208	8.522922e-01	1.749446e+00	-7.865484e+01	1.000000e-05	1.000000e+05	6.309509e-01	9.412442e-01	9.419136e-01
10	10_724150	724150	0	A	G	0.208	8.522922e-01	1.749446e+00	-7.865484e+01	1.000000e-05	1.000000e+05	6.309509e-01	9.412442e-01	9.419136e-01
10	10_969715	969715	0	T	C	0.292	-8.400699e-01	1.561329e+00	-7.864976e+01	1.000000e-05	1.000000e+05	5.959458e-01	9.005959e-01	9.017461e-01
10	10_989095	989095	0	G	A	0.333	-1.007732e+00	1.500009e+00	-7.864010e+01	1.000000e-05	1.000000e+05	5.086939e-01	8.517807e-01	8.535457e-01
11	11_9749	9749	1	A	G	0.174	-1.527321e+00	1.897322e+00	-7.861251e+01	1.000000e-05	1.000000e+05	4.294411e-01	7.640425e-01	7.670725e-01
11	11_10019	10019	1	G	C	0.304	-3.232592e-01	1.584281e+00	-7.819356e+01	1.000000e-05	1.000000e+05	8.401967e-01	3.353813e-01	3.504029e-01
11	11_10896	10896	0	C	G	0.125	-1.381856e+00	2.139661e+00	-7.821018e+01	1.000000e-05	1.000000e+05	5.250695e-01	3.441889e-01	3.588449e-01
11	11_10931	10931	0	T	A	0.167	-1.319310e+00	1.895920e+00	-7.861432e+01	1.000000e-05	1.000000e+05	4.937979e-01	7.686952e-01	7.716516e-01
11	11_10934	10934	0	G	T	0.208	-1.416475e+00	1.732737e+00	-7.826006e+01	1.000000e-05	1.000000e+05	4.224203e-01	3.725930e-01	3.861001e-01
11	11_104630	104630	0	A	G	0.125	5.628594e+00	1.795801e+00	-7.259820e+01	1.000000e-05	1.000000e+05	4.821871e-03	4.991818e-04	5.415839e-03
11	11_104688	104688	1	G	A	0.130	-6.143759e-01	2.162625e+00	-7.862668e+01	1.000000e-05	1.000000e+05	7.789995e-01	8.037218e-01	8.061492e-01
11	11_152800	152800	0	C	T	0.333	-1.007732e+00	1.500009e+00	-7.864010e+01	1.000000e-05	1.000000e+05	5.086939e-01	8.517807e-01	8.535457e-01
11	11_153063	153063	0	A	G	0.333	-1.007732e+00	1.500009e+00	-7.864010e+01	1.000000e-05	1.000000e+05	5.086939e-01	8.517807e-01	8.535457e-01
11	11_159356	159356	0	A	C	0.208	-1.094838e+00	1.743341e+00	-7.865755e+01	1.000000e-05	1.000000e+05	5.364620e-01	9.970386e-01	9.970721e-01
11	11_165295	165295	0	A	G	0.625	1.170448e+00	1.454247e+00	-7.846147e+01	1.000000e-05	1.000000e+05	4.295202e-01	5.311532e-01	5.392402e-01
11	11_236388	236388	0	A	G	0.333	-1.007732e+00	1.500009e+00	-7.864010e+01	1.000000e-05	1.000000e+05	5.086939e-01	8.517807e-01	8.535457e-01
11	11_384025	384025	0	T	C	0.167	6.251286e-01	1.912031e+00	-7.856423e+01	1.000000e-05	1.000000e+05	7.468000e-01	6.657028e-01	6.705084e-01
11	11_393213	393213	0	G	A	0.333	-1.007732e+00	1.500009e+00	-7.864010e+01	1.000000e-05	1.000000e+05	5.086939e-01	8.517807e-01	8.535457e-01
11	11_433361	433361	0	G	A	0.333	-1.007732e+00	1.500009e+00	-7.864010e+01	1.000000e-05	1.000000e+05	5.086939e-01	8.517807e-01	8.535457e-01
11	11_547884	547884	0	T	C	0.583	1.335934e+00	1.420637e+00	-7.841924e+01	1.000000e-05	1.000000e+05	3.572357e-01	4.899511e-01	4.992779e-01
11	11_548586	548586	0	C	T	0.333	-1.007732e+00	1.500009e+00	-7.864010e+01	1.000000e-05	1.000000e+05	5.086939e-01	8.517807e-01	8.535457e-01
11	11_621705	621705	0	A	C	0.333	-1.007732e+00	1.500009e+00	-7.864010e+01	1.000000e-05	1.000000e+05	5.086939e-01	8.517807e-01	8.535457e-01
11	11_674162	674162	0	C	A	0.333	-1.007732e+00	1.500009e+00	-7.864010e+01	1.000000e-05	1.000000e+05	5.086939e-01	8.517807e-01	8.535457e-01
11	11_804706	804706	2	A	G	0.364	-9.030800e-01	1.538926e+00	-7.805900e+01	1.000000e-05	1.000000e+05	5.632953e-01	2.738994e-01	2.915688e-01
11	11_804710	804710	6	C	T	0.333	-1.406192e-01	1.749421e+00	-7.851241e+01	1.000000e-05	1.000000e+05	9.366614e-01	5.900277e-01	5.965414e-01
11	11_804742	804742	1	G	A	0.304	6.509866e-02	1.585719e+00	-7.849938e+01	1.000000e-05	1.000000e+05	9.676239e-01	5.738083e-01	5.807330e-01
11	11_804763	804763	2	C	T	0.182	-1.142054e+00	1.918949e+00	-7.863685e+01	1.000000e-05	1.000000e+05	5.578191e-01	8.387214e-01	8.406600e-01
11	11_966513	966513	1	T	A	0.087	1.575850e-02	2.589563e+00	-7.864531e+01	1.000000e-05	1.000000e+05	9.951994e-01	8.755976e-01	8.770565e-01
11	11_966516	966516	0	C	T	0.083	-6.962803e-01	2.580175e+00	-7.864071e+01	1.000000e-05	1.000000e+05	7.897848e-01	8.543318e-01	8.560633e-01
11	11_966519	966519	0	C	T	0.083	-6.962803e-01	2.580175e+00	-7.864071e+01	1.000000e-05	1.000000e+05	7.897848e-01	8.543318e-01	8.560633e-01
11	11_966569	966569	1	C	G	0.087	1.575850e-02	2.589563e+00	-7.864531e+01	1.000000e-05	1.000000e+05	9.951994e-01	8.755976e-01	8.770565e-01
11	11_966644	966644	2	C	A	0.182	3.456680e+00	1.788445e+00	-7.522547e+01	1.000000e-05	1.000000e+05	6.623728e-02	8.794087e-03	2.303856e-02
11	11_966669	966669	2	C	T	0.364	-1.816782e+00	1.501771e+00	-7.865596e+01	1.000000e-05	1.000000e+05	2.392106e-01	9.548619e-01	9.553743e-01
11	11_966684	966684	2	C	T	0.500	-8.762145e-01	1.480387e+00	-7.842087e+01	1.000000e-05	1.000000e+05	5.599636e-01	4.914394e-01	5.007193e-01
11	11_966699	966699	1	T	C	0.304	-1.652248e+00	1.546155e+00	-7.857440e+01	1.000000e-05	1.000000e+05	2.968279e-01	6.833945e-01	6.878467e-01
11	11_966700	966700	1	G	A	0.304	-1.652248e+00	1.546155e+00	-7.857440e+01	1.000000e-05	1.000000e+05	2.968279e-01	6.833945e-01	6.878467e-01
11	11_966735	966735	1	A	C	0.174	-1.049025e+00	1.912029e+00	-7.857965e+01	1.000000e-05	1.000000e+05	5.887743e-01	6.930293e-01	6.972958e-01
11	11_966738	966738	2	T	A	0.227	-1.526301e+00	1.750290e+00	-7.862289e+01	1.000000e-05	1.000000e+05	3.926110e-01	7.922858e-01	7.948812e-01
11	11_966756	966756	0	A	G	0.167	-1.319341e+00	1.895918e+00	-7.861722e+01	1.000000e-05	1.000000e+05	4.937873e-01	7.763762e-01	7.792129e-01
11	11_966757	966757	0	T	C	0.167	-1.319341e+00	1.895918e+00	-7.861722e+01	1.000000e-05	1.000000e+05	4.937873e-01	7.763762e-01	7.792129e-01
11	11_966771	966771	0	T	C	0.208	-1.416499e+00	1.732737e+00	-7.862004e+01	1.000000e-05	1.000000e+05	4.224128e-01	7.841340e-01	7.868519e-01
11	11_1272894	1272894	0	A	G	0.250	-1.316884e+00	1.625586e+00	-7.847962e+01	1.000000e-05	1.000000e+05	4.265601e-01	5.508079e-01	5.583444e-01
11	11_1301130	1301130	0	T	C	0.083	-1.319021e+00	2.569119e+00	-7.859150e+01	1.000000e-05	1.000000e+05	6.127797e-01	7.162404e-01	7.200779e-01
11	11_1314578	1314578	0	G	C	0.333	-1.007732e+00	1.500009e+00	-7.864010e+01	1.000000e-05	1.000000e+05	5.086939e-01	8.517807e-01	8.535457e-01
11	11_1478119	1478119	0	A	G	0.417	-1.790448e+00	1.397681e+00	-7.848063e+01	1.000000e-05	1.000000e+05	2.135287e-01	5.519387e-01	5.594443e-01
11	11_1501898	1501898	0	G	T	0.250	-1.316884e+00	1.625586e+00	-7.847962e+01	1.000000e-05	1.000000e+05	4.265601e-01	5.508079e-01	5.583444e-01
11	11_1538971	1538971	0	T	C	0.292	-8.400699e-01	1.561329e+00	-7.864976e+01	1.000000e-05	1.000000e+05	5.959458e-01	9.005959e-01	9.017461e-01
12	12_11092	11092	0	A	G	0.458	1.916719e+00	1.374140e+00	-7.769029e+01	1.000000e-05	1.000000e+05	1.769860e-01	1.642625e-01	1.865737e-01
12	12_11094	11094	0	A	G	0.333	2.691654e+00	1.402410e+00	-7.784998e+01	1.000000e-05	1.000000e-05	6.800914e-02	2.037678e-01	2.340080e-01
12	12_11122	11122	0	C	G	0.458	1.916717e+00	1.374140e+00	-7.855008e+01	1.000000e-05	1.000000e+05	1.769865e-01	6.429134e-01	6.481988e-01
12	12_11170	11170	0	T	C	0.417	1.969322e+00	1.386723e+00	-7.859167e+01	1.000000e-05	1.000000e+05	1.695878e-01	7.165849e-01	7.204162e-01
12	12_11223	11223	0	G	C	0.208	3.346108e+00	1.607696e+00	-7.755093e+01	1.000000e-05	1.000000e-05	4.925282e-02	1.368294e-01	3.226485e-01
12	12_11400	11400	0	A	C	0.292	2.183537e+00	1.500998e+00	-7.842089e+01	1.000000e-05	1.000000e+05	1.598660e-01	4.914557e-01	5.007351e-01
12	12_11406	11406	0	A	G	0.292	2.183537e+00	1.500998e+00	-7.842089e+01	1.000000e-05	1.000000e+05	1.598660e-01	4.914557e-01	5.007351e-01
12	12_11407	11407	0	C	A	0.292	2.183537e+00	1.500998e+00	-7.842089e+01	1.000000e-05	1.000000e+05	1.598660e-01	4.914557e-01	5.007351e-01
12	12_11410	11410	0	C	T	0.292	2.183537e+00	1.500998e+00	-7.842089e+01	1.000000e-05	1.000000e+05	1.598660e-01	4.914557e-01	5.007351e-01
12	12_11413	11413	1	T	G	0.304	2.443892e+00	1.497751e+00	-7.825826e+01	1.000000e-05	1.000000e+05	1.169744e-01	3.715112e-01	3.850611e-01
12	12_13625	13625	0	G	A	0.625	1.170448e+00	1.454247e+00	-7.846147e+01	1.000000e-05	1.000000e+05	4.295202e-01	5.311532e-01	5.392402e-01
12	12_13643	13643	0	G	A	0.625	1.170448e+00	1.454247e+00	-7.846147e+01	1.000000e-05	1.000000e+05	4.295202e-01	5.311532e-01	5.392402e-01
12	12_13645	13645	0	A	G	0.625	1.170448e+00	1.454247e+00	-7.846147e+01	1.000000e-05	1.000000e+05	4.295202e-01	5.311532e-01	5.392402e-01
12	12_13857	13857	1	A	G	0.174	-1.181752e+00	1.908513e+00	-7.865729e+01	1.000000e-05	1.000000e+05	5.421442e-01	9.813836e-01	9.815940e-01
12	12_13936	13936	0	C	T	0.208	-1.238851e+00	1.738920e+00	-7.863801e+01	1.000000e-05	1.000000e+05	4.836892e-01	8.432695e-01	8.451472e-01
12	12_13979	13979	3	T	C	0.238	-1.241783e+00	1.773234e+00	-7.865509e+01	1.000000e-05	1.000000e+05	4.910845e-01	9.439721e-01	9.446099e-01
12	12_14009	14009	1	C	T	0.348	-8.810837e-01	1.520451e+00	-7.860702e+01	1.000000e-05	1.000000e+05	5.681470e-01	7.505440e-01	7.537923e-01
12	12_14035	14035	1	C	T	0.435	-1.259772e+00	1.447192e+00	-7.864018e+01	1.000000e-05	1.000000e+05	3.934302e-01	8.521012e-01	8.538620e-01
12	12_14096	14096	2	C	T	0.318	2.139048e+00	1.535492e+00	-7.749632e+01	1.000000e-05	1.000000e+05	1.775164e-01	1.275165e-01	1.509892e-01
12	12_14104	14104	2	C	T	0.318	2.000286e+00	1.543971e+00	-7.759812e+01	1.000000e-05	1.000000e+05	2.085614e-01	1.454935e-01	1.684506e-01
12	12_14114	14114	3	T	C	0.286	2.566504e+00	1.599331e+00	-7.694168e+01	1.000000e-05	1.000000e+05	1.228123e-01	6.395427e-02	8.752510e-02
12	12_14125	14125	1	A	G	0.174	4.018173e+00	1.723943e+00	-7.532347e+01	1.000000e-05	1.000000e+05	2.932949e-02	9.814972e-03	2.460451e-02
12	12_14197	14197	0	G	A	0.083	-1.286241e-01	2.584295e+00	-7.860859e+01	1.000000e-05	1.000000e+05	9.607536e-01	7.543110e-01	7.574977e-01
12	12_14202	14202	0	A	G	0.083	-1.286241e-01	2.584295e+00	-7.860859e+01	1.000000e-05	1.000000e+05	9.607536e-01	7.543110e-01	7.574977e-01
12	12_14301	14301	2	G	A	0.500	1.237735e+00	1.468607e+00	-7.705752e+01	1.000000e-05	1.000000e+05	4.084125e-01	7.363502e-02	9.747893e-02
12	12_14318	14318	0	A	G	0.250	2.392121e+00	1.568792e+00	-7.707919e+01	1.000000e-05	1.000000e+05	1.415525e-01	7.561362e-02	9.949484e-02
12	12_14635	14635	0	G	A	0.250	-9.522360e-01	1.637090e+00	-7.865322e+01	1.000000e-05	1.000000e+05	5.667061e-01	9.257339e-01	9.265843e-01
12	12_14741	14741	1	C	G	0.304	-6.583894e-01	1.579554e+00	-7.841609e+01	1.000000e-05	1.000000e+05	6.808493e-01	4.870910e-01	4.965082e-01
12	12_14783	14783	2	A	G	0.091	-1.450971e+00	2.576681e+00	-7.725621e+01	1.000000e-05	1.000000e+05	5.790501e-01	9.410623e-02	1.181009e-01
12	12_15014	15014	1	A	G	0.391	2.071308e-01	1.494431e+00	-7.850935e+01	1.000000e-05	1.000000e+05	8.910257e-01	5.861322e-01	5.927431e-01
12	12_19728	19728	0	A	G	0.167	-1.184473e+00	1.899965e+00	-7.865315e+01	1.000000e-05	1.000000e+05	5.394199e-01	9.251740e-01	9.260309e-01
12	12_19741	19741	0	C	T	0.250	-5.493527e-01	1.645448e+00	-7.864787e+01	1.000000e-05	1.000000e+05	7.416450e-01	8.892850e-01	8.905734e-01
12	12_22806	22806	0	T	C	0.250	-1.316884e+00	1.625586e+00	-7.847962e+01	1.000000e-05	1.000000e+05	4.265601e-01	5.508079e-01	5.583444e-01
12	12_259454	259454	0	A	G	0.167	-6.749463e-01	1.911273e+00	-7.865155e+01	1.000000e-05	1.000000e+05	7.273450e-01	9.127203e-01	9.137248e-01
12	12_315987	315987	0	T	C	0.333	-1.007732e+00	1.500009e+00	-7.864010e+01	1.000000e-05	1.000000e+05	5.086939e-01	8.517807e-01	8.535457e-01
12	12_495113	495113	0	T	C	0.083	-1.319021e+00	2.569119e+00	-7.859150e+01	1.000000e-05	1.000000e+05	6.127797e-01	7.162404e-01	7.200779e-01
12	12_502808	502808	2	A	G	0.455	1.479366e+00	1.467739e+00	-7.572089e+01	1.084840e-02	1.000000e+05	3.244500e-01	1.537181e-02	3.248581e-02
12	12_502864	502864	2	T	C	0.409	-1.283249e+00	1.492553e+00	-7.801000e+01	1.000000e-05	1.000000e+05	3.991894e-01	2.551077e-01	2.736065e-01
12	12_502865	502865	2	G	T	0.409	-1.283249e+00	1.492553e+00	-7.801000e+01	1.000000e-05	1.000000e+05	3.991894e-01	2.551077e-01	2.736065e-01
12	12_502882	502882	3	G	A	0.381	-1.355864e+00	1.545662e+00	-7.818488e+01	1.000000e-05	1.000000e+05	3.898536e-01	3.309018e-01	3.461109e-01
12	12_502888	502888	0	G	A	0.458	-1.385199e+00	1.402840e+00	-7.765852e+01	1.000000e-05	1.000000e+05	3.341706e-01	1.574985e-01	1.800527e-01
12	12_502890	502890	3	G	A	0.381	-1.081848e-01	1.572293e+00	-7.840173e+01	1.000000e-05	1.000000e+05	9.457648e-01	4.744205e-01	4.842452e-01
12	12_502909	502909	0	C	T	0.458	1.693063e+00	1.394799e+00	-7.597949e+01	2.678246e-02	1.000000e+05	2.376795e-01	2.064944e-02	3.933271e-02
12	12_502926	502926	3	G	C	0.429	-1.113244e+00	1.524704e+00	-7.848451e+01	1.000000e-05	1.000000e+05	4.730096e-01	5.563244e-01	5.637110e-01
12	12_502937	502937	2	C	T	0.455	-1.215265e+00	1.475762e+00	-7.832107e+01	1.000000e-05	1.000000e+05	4.190712e-01	4.120172e-01	4.240142e-01
12	12_502942	502942	2	T	C	0.409	-1.514908e+00	1.482647e+00	-7.813086e+01	1.000000e-05	1.000000e+05	3.180001e-01	3.047235e-01	3.210476e-01
12	12_502956	502956	1	A	G	0.348	-1.290765e+00	1.507085e+00	-7.802667e+01	1.000000e-05	1.000000e+05	4.009740e-01	2.613155e-01	2.795401e-01
12	12_503049	503049	2	C	G	0.182	-1.757948e-01	1.933971e+00	-7.863938e+01	1.000000e-05	1.000000e+05	9.283959e-01	8.487829e-01	8.505874e-01
12	12_503112	503112	4	G	A	0.250	4.726587e-01	1.804241e+00	-7.865183e+01	1.000000e-05	1.000000e+05	7.957811e-01	9.147656e-01	9.157456e-01
12	12_503171	503171	3	G	A	0.286	2.448417e+00	1.607723e+00	-7.673146e+01	1.000000e-05	1.000000e+05	1.420272e-01	4.968066e-02	7.249424e-02
12	12_503254	503254	1	G	C	0.609	3.807547e-01	1.492881e+00	-7.808103e+01	1.000000e-05	1.000000e+05	8.010560e-01	2.829098e-01	3.001833e-01
12	12_503293	503293	2	A	C	0.455	-5.962418e-01	1.492930e+00	-7.760095e+01	1.000000e-05	1.000000e+05	6.934662e-01	1.460315e-01	1.689715e-01
12	12_503311	503311	2	C	A	0.545	9.100846e-01	1.485715e+00	-7.855783e+01	1.000000e-05	1.000000e+05	5.464498e-01	6.551521e-01	6.601763e-01
12	12_503313	503313	2	T	A	0.545	9.100900e-01	1.485714e+00	-7.847428e+01	1.000000e-05	1.000000e+05	5.464471e-01	5.448805e-01	5.525803e-01
12	12_503321	503321	2	C	T	0.500	1.016274e+00	1.476311e+00	-7.830949e+01	1.000000e-05	1.000000e+05	4.984039e-01	4.040846e-01	4.163772e-01
12	12_503327	503327	1	A	C	0.435	1.117515e+00	1.452491e+00	-7.815309e+01	1.000000e-05	1.000000e+05	4.498511e-01	3.151555e-01	3.310316e-01
12	12_503356	503356	0	A	C	0.333	1.548510e+00	1.478858e+00	-7.797976e+01	1.000000e-05	1.000000e+05	3.064227e-01	2.443025e-01	2.632784e-01
12	12_503357	503357	0	T	G	0.375	1.253269e+00	1.451060e+00	-7.800477e+01	1.000000e-05	1.000000e+05	3.970760e-01	2.531953e-01	2.717786e-01
12	12_503364	503364	0	T	C	0.333	1.548508e+00	1.478858e+00	-7.815318e+01	1.000000e-05	1.000000e+05	3.064233e-01	3.151984e-01	3.310727e-01
12	12_503366	503366	1	C	T	0.348	1.502314e+00	1.498149e+00	-7.807893e+01	1.000000e-05	1.000000e+05	3.268697e-01	2.820341e-01	2.993460e-01
12	12_503401	503401	0	A	G	0.292	1.909460e+00	1.517874e+00	-7.818539e+01	1.000000e-05	1.000000e+05	2.215866e-01	3.311655e-01	3.463635e-01
12	12_503416	503416	0	G	A	0.167	-9.374137e-01	1.906222e+00	-7.813820e+01	1.000000e-05	1.000000e+05	6.277562e-01	3.081178e-01	3.242956e-01
12	12_503422	503422	0	T	G	0.125	-7.297323e-01	2.154232e+00	-7.839750e+01	1.000000e-05	1.000000e+05	7.380147e-01	4.707902e-01	4.807338e-01
12	12_503453	503453	0	T	C	0.125	-7.297023e-01	2.154239e+00	-7.860989e+01	1.000000e-05	1.000000e+05	7.380259e-01	7.574854e-01	7.606205e-01
12	12_537923	537923	0	G	A	0.417	1.813423e+00	1.396331e+00	-7.752349e+01	1.000000e-05	1.000000e+05	2.074935e-01	1.320582e-01	1.554124e-01
12	12_704606	704606	0	A	G	0.250	-1.316884e+00	1.625586e+00	-7.847962e+01	1.000000e-05	1.000000e+05	4.265601e-01	5.508079e-01	5.583444e-01
13	13_11108	11108	0	C	T	0.125	4.230035e-01	2.157958e+00	-7.858818e+01	1.000000e-05	1.000000e+05	8.463936e-01	7.095230e-01	7.134820e-01
13	13_11118	11118	0	T	C	0.208	-1.527365e+00	1.728451e+00	-7.718088e+01	1.000000e-05	1.000000e+05	3.864342e-01	8.569946e-02	1.096902e-01
13	13_11130	11130	0	A	G	0.208	-3.304381e-01	1.757446e+00	-7.790891e+01	1.000000e-05	1.000000e+05	8.525831e-01	2.210879e-01	2.410811e-01
13	13_52884	52884	0	A	G	0.167	-1.450960e+00	1.891544e+00	-7.824402e+01	1.000000e-05	1.000000e+05	4.511896e-01	3.631165e-01	3.770016e-01
13	13_111766	111766	0	G	A	0.333	-1.007732e+00	1.500009e+00	-7.864010e+01	1.000000e-05	1.000000e+05	5.086939e-01	8.517807e-01	8.535457e-01
13	13_128625	128625	6	A	G	0.444	1.403452e+00	1.632696e+00	-7.656080e+01	1.000000e-05	1.000000e+05	3.992843e-01	4.057857e-02	6.259402e-02
13	13_128715	128715	3	G	A	0.333	2.024498e+00	1.561318e+00	-7.699605e+01	1.000000e-05	1.000000e+05	2.081843e-01	6.831630e-02	9.203005e-02
13	13_128729	128729	3	G	A	0.286	2.514191e+00	1.603101e+00	-7.690918e+01	1.000000e-05	1.000000e+05	1.310763e-01	6.148872e-02	8.496262e-02
13	13_162462	162462	0	A	G	0.167	-1.108429e+00	1.902046e+00	-7.861731e+01	1.000000e-05	1.000000e+05	5.659834e-01	7.766080e-01	7.794411e-01
13	13_219021	219021	3	C	T	0.190	-1.296624e+00	1.924908e+00	-7.824176e+01	1.000000e-05	1.000000e+05	5.075794e-01	3.618114e-01	3.757489e-01
13	13_219311	219311	0	A	T	0.208	-3.446092e-01	1.757328e+00	-7.863019e+01	1.000000e-05	1.000000e+05	8.463332e-01	8.150253e-01	8.172909e-01
13	13_219312	219312	0	A	G	0.167	-5.600611e-01	1.912950e+00	-7.864674e+01	1.000000e-05	1.000000e+05	7.724388e-01	8.830590e-01	8.844245e-01
13	13_365348	365348	0	T	C	0.625	1.170448e+00	1.454247e+00	-7.846147e+01	1.000000e-05	1.000000e+05	4.295202e-01	5.311532e-01	5.392402e-01
13	13_436539	436539	0	G	A	0.333	-1.007732e+00	1.500009e+00	-7.864010e+01	1.000000e-05	1.000000e+05	5.086939e-01	8.517807e-01	8.535457e-01
13	13_436551	436551	0	C	G	0.333	-1.007732e+00	1.500009e+00	-7.864010e+01	1.000000e-05	1.000000e+05	5.086939e-01	8.517807e-01	8.535457e-01
13	13_436554	436554	0	T	C	0.333	-1.007732e+00	1.500009e+00	-7.864010e+01	1.000000e-05	1.000000e+05	5.086939e-01	8.517807e-01	8.535457e-01
13	13_511459	511459	0	T	C	0.333	-1.007732e+00	1.500009e+00	-7.864010e+01	1.000000e-05	1.000000e+05	5.086939e-01	8.517807e-01	8.535457e-01
13	13_548791	548791	0	T	C	0.083	-1.319021e+00	2.569119e+00	-7.859150e+01	1.000000e-05	1.000000e+05	6.127797e-01	7.162404e-01	7.200779e-01
13	13_655915	655915	0	A	G	0.417	8.378223e-01	1.437812e+00	-7.844441e+01	1.000000e-05	1.000000e+05	5.660164e-01	5.138089e-01	5.224035e-01
13	13_723038	723038	0	G	A	0.292	-8.400699e-01	1.561329e+00	-7.864976e+01	1.000000e-05	1.000000e+05	5.959458e-01	9.005959e-01	9.017461e-01
13	13_742766	742766	3	G	A	0.238	-5.816034e-02	1.792838e+00	-7.846873e+01	1.000000e-05	1.000000e+05	9.744134e-01	5.388591e-01	5.467272e-01
13	13_742771	742771	0	C	A	0.292	6.328583e-01	1.565714e+00	-7.865317e+01	1.000000e-05	1.000000e+05	6.899698e-01	9.253716e-01	9.262261e-01
13	13_746053	746053	0	G	A	0.083	-1.319019e+00	2.569107e+00	-7.865742e+01	1.000000e-05	1.000000e+05	6.127785e-01	9.867430e-01	9.868928e-01
13	13_748576	748576	0	C	G	0.333	-1.007732e+00	1.500009e+00	-7.864010e+01	1.000000e-05	1.000000e+05	5.086939e-01	8.517807e-01	8.535457e-01
14	14_23327	23327	0	C	T	0.333	-1.007732e+00	1.500009e+00	-7.864010e+01	1.000000e-05	1.000000e+05	5.086939e-01	8.517807e-01	8.535457e-01
14	14_68046	68046	0	A	G	0.333	-1.007732e+00	1.500009e+00	-7.864010e+01	1.000000e-05	1.000000e+05	5.086939e-01	8.517807e-01	8.535457e-01
14	14_149196	149196	0	A	G	0.083	-1.319021e+00	2.569119e+00	-7.859150e+01	1.000000e-05	1.000000e+05	6.127797e-01	7.162404e-01	7.200779e-01
14	14_155590	155590	0	T	C	0.208	-7.770899e-01	1.751042e+00	-7.823105e+01	1.000000e-05	1.000000e+05	6.615307e-01	3.557019e-01	3.698864e-01
14	14_231768	231768	0	A	G	0.083	-1.319021e+00	2.569119e+00	-7.859150e+01	1.000000e-05	1.000000e+05	6.127797e-01	7.162404e-01	7.200779e-01
14	14_271762	271762	0	T	C	0.333	-1.007732e+00	1.500009e+00	-7.864010e+01	1.000000e-05	1.000000e+05	5.086939e-01	8.517807e-01	8.535457e-01
14	14_342562	342562	0	T	G	0.625	3.614162e-01	1.473440e+00	-7.865578e+01	1.000000e-05	1.000000e+05	8.085076e-01	9.524321e-01	9.529724e-01
14	14_351837	351837	0	G	T	0.083	-3.852528e-01	2.583152e+00	-7.865755e+01	1.000000e-05	1.000000e+05	8.828014e-01	9.968633e-01	9.968987e-01
14	14_383626	383626	0	A	G	0.583	1.335934e+00	1.420637e+00	-7.841924e+01	1.000000e-05	1.000000e+05	3.572357e-01	4.899511e-01	4.992779e-01
14	14_555698	555698	0	G	A	0.333	-1.007732e+00	1.500009e+00	-7.864010e+01	1.000000e-05	1.000000e+05	5.086939e-01	8.517807e-01	8.535457e-01
14	14_558889	558889	0	T	C	0.333	-1.007732e+00	1.500009e+00	-7.864010e+01	1.000000e-05	1.000000e+05	5.086939e-01	8.517807e-01	8.535457e-01
14	14_612687	612687	0	T	C	0.292	-8.400699e-01	1.561329e+00	-7.864976e+01	1.000000e-05	1.000000e+05	5.959458e-01	9.005959e-01	9.017461e-01
14	14_618816	618816	0	G	T	0.333	-1.007732e+00	1.500009e+00	-7.864010e+01	1.000000e-05	1.000000e+05	5.086939e-01	8.517807e-01	8.535457e-01
14	14_716719	716719	0	T	C	0.333	-1.007732e+00	1.500009e+00	-7.864010e+01	1.000000e-05	1.000000e+05	5.086939e-01	8.517807e-01	8.535457e-01
14	14_773166	773166	0	T	C	0.208	-1.094838e+00	1.743341e+00	-7.865755e+01	1.000000e-05	1.000000e+05	5.364620e-01	9.970386e-01	9.970721e-01
14	14_852745	852745	0	T	G	0.583	1.335934e+00	1.420637e+00	-7.841924e+01	1.000000e-05	1.000000e+05	3.572357e-01	4.899511e-01	4.992779e-01
14	14_908850	908850	0	A	G	0.583	-5.650336e-01	1.443850e+00	-7.864595e+01	1.000000e-05	1.000000e+05	6.993119e-01	8.788790e-01	8.802967e-01
14	14_908994	908994	1	C	T	0.130	-7.376614e-01	2.160866e+00	-7.858817e+01	1.000000e-05	1.000000e+05	7.360617e-01	7.094894e-01	7.134491e-01
14	14_909011	909011	1	T	C	0.130	-7.376614e-01	2.160866e+00	-7.858817e+01	1.000000e-05	1.000000e+05	7.360617e-01	7.094894e-01	7.134491e-01
14	14_909450	909450	0	G	T	0.208	-1.640910e+00	1.723714e+00	-7.724948e+01	1.000000e-05	1.000000e+05	3.514589e-01	9.331923e-02	1.173164e-01
14	14_909472	909472	1	G	T	0.304	-2.992791e-01	1.584491e+00	-7.811413e+01	1.000000e-05	1.000000e+05	8.519183e-01	2.971684e-01	3.138195e-01
14	14_909504	909504	2	T	G	0.273	-1.452257e-01	1.674901e+00	-7.777244e+01	1.000000e-05	1.000000e+05	9.316887e-01	1.833518e-01	2.049290e-01
14	14_909638	909638	1	T	C	0.696	1.524349e+00	1.552118e+00	-7.833820e+01	1.000000e-05	1.000000e+05	3.367244e-01	4.241763e-01	4.357287e-01
14	14_909661	909661	0	A	G	0.667	1.397991e+00	1.485663e+00	-7.819966e+01	1.000000e-05	1.000000e+05	3.569295e-01	3.385785e-01	3.534668e-01
14	14_909704	909704	0	A	G	0.583	1.867504e+00	1.393087e+00	-7.803304e+01	1.000000e-05	1.000000e+05	1.937462e-01	2.637356e-01	2.818533e-01
14	14_910040	910040	2	A	G	0.409	-6.936191e-01	1.510196e+00	-7.862038e+01	1.000000e-05	1.000000e+05	6.505313e-01	7.850931e-01	7.877964e-01
14	14_910103	910103	1	A	G	0.435	-7.845395e-01	1.462368e+00	-7.865715e+01	1.000000e-05	1.000000e+05	5.970069e-01	9.772073e-01	9.774651e-01
14	14_910152	910152	1	A	G	0.348	-9.584866e-01	1.518316e+00	-7.865498e+01	1.000000e-05	1.000000e+05	5.343602e-01	9.427394e-01	9.433915e-01
14	14_910181	910181	1	G	A	0.391	5.794368e-01	1.489973e+00	-7.804195e+01	1.000000e-05	1.000000e+05	7.010953e-01	2.671711e-01	2.851372e-01
14	14_910258	910258	1	G	T	0.435	1.319955e+00	1.444757e+00	-7.863188e+01	1.000000e-05	1.000000e+05	3.708225e-01	8.207117e-01	8.228973e-01
14	14_910323	910323	1	T	C	0.348	-1.195218e+00	1.510665e+00	-7.665863e+01	1.000000e-05	1.000000e+05	4.372824e-01	4.555829e-02	6.804778e-02
14	14_910328	910328	1	G	A	0.391	-5.037793e-01	1.491223e+00	-7.750201e+01	1.000000e-05	1.000000e+05	7.386939e-01	1.284532e-01	1.519022e-01
14	14_910510	910510	1	A	G	0.391	-1.744347e+00	1.448091e+00	-7.673912e+01	1.000000e-05	1.000000e+05	2.411631e-01	5.013679e-02	7.298285e-02
14	14_910555	910555	1	C	T	0.348	-1.185496e+00	1.511012e+00	-7.756006e+01	1.000000e-05	1.000000e+05	4.410720e-01	1.384599e-01	1.616329e-01
14	14_910742	910742	0	A	G	0.250	-4.930440e-01	1.646256e+00	-7.838312e+01	1.000000e-05	1.000000e+05	7.673742e-01	4.587786e-01	4.691222e-01
14	14_910822	910822	0	G	A	0.208	-3.517827e-01	1.757257e+00	-7.852243e+01	1.000000e-05	1.000000e+05	8.431722e-01	6.031543e-01	6.093476e-01
14	14_910834	910834	1	T	A	0.130	-5.038434e-01	2.163922e+00	-7.854892e+01	1.000000e-05	1.000000e+05	8.180397e-01	6.411216e-01	6.464461e-01
14	14_910926	910926	3	G	A	0.381	-1.008718e+00	1.557685e+00	-7.845650e+01	1.000000e-05	1.000000e+05	5.239607e-01	5.259980e-01	5.342338e-01
14	14_910939	910939	3	C	A	0.524	1.761194e+00	1.482150e+00	-7.839556e+01	1.000000e-05	1.000000e+05	2.473969e-01	4.691424e-01	4.791403e-01
14	14_910964	910964	1	G	A	0.478	-1.992356e+00	1.398358e+00	-7.796979e+01	3.757682e-03	1.000000e+05	1.682523e-01	2.408607e-01	2.599884e-01
14	14_910966	910966	0	T	C	0.458	-1.814063e+00	1.380433e+00	-7.832236e+01	1.000000e-05	1.000000e+05	2.023419e-01	4.129114e-01	4.248754e-01
14	14_910979	910979	1	A	G	0.478	1.243189e+00	1.436464e+00	-7.805407e+01	1.000000e-05	1.000000e+05	3.961313e-01	2.719322e-01	2.896882e-01
14	14_911099	911099	2	A	G	0.455	-8.280302e-01	1.487893e+00	-7.865297e+01	1.000000e-05	1.000000e+05	5.834782e-01	9.236486e-01	9.245235e-01
14	14_911129	911129	0	T	C	0.542	7.896489e-01	1.423671e+00	-7.822839e+01	1.000000e-05	1.000000e+05	5.847249e-01	3.542022e-01	3.684477e-01
14	14_911206	911206	0	G	A	0.375	1.887211e+00	1.441597e+00	-7.665564e+01	5.481112e-02	1.000000e+05	2.040062e-01	4.539677e-02	6.787238e-02
14	14_911262	911262	1	A	C	0.348	3.658731e+00	1.661492e+00	-7.610584e+01	4.409144e-01	1.000000e+05	3.844059e-02	2.387832e-02	4.332621e-02
14	14_911292	911292	2	A	G	0.318	9.016214e-03	1.601787e+00	-7.858711e+01	1.000000e-05	1.000000e+05	9.955596e-01	7.073848e-01	7.113830e-01
14	14_911297	911297	3	A	C	0.333	1.072117e+00	1.603679e+00	-7.783062e+01	1.000000e-05	1.000000e+05	5.107461e-01	1.984326e-01	2.193925e-01
14	14_911308	911308	0	C	T	0.292	1.154699e-01	1.571337e+00	-7.861594e+01	1.000000e-05	1.000000e+05	9.420841e-01	7.729548e-01	7.758445e-01
14	14_911314	911314	0	A	G	0.167	4.839521e-01	1.913893e+00	-7.859554e+01	1.000000e-05	1.000000e+05	8.027220e-01	7.247040e-01	7.283914e-01
14	14_911321	911321	2	G	A	0.273	3.528218e+00	1.519316e+00	-7.680237e+01	8.986960e-02	1.000000e+05	2.986778e-02	5.407535e-02	7.717669e-02
14	14_911352	911352	3	G	A	0.381	-1.221394e+00	1.550748e+00	-7.727718e+01	1.000000e-05	1.000000e+05	4.393250e-01	9.660217e-02	1.205851e-01
14	14_911375	911375	1	G	A	0.391	1.604412e+00	1.469654e+00	-7.705780e+01	3.833946e-02	1.000000e+05	2.867797e-01	7.365947e-02	9.750387e-02
14	14_911385	911385	1	G	A	0.478	2.256856e+00	1.458030e+00	-7.593694e+01	1.590129e-01	1.000000e+05	1.359171e-01	1.966666e-02	3.809116e-02
14	14_911414	911414	3	G	A	0.238	4.042550e+00	1.571689e+00	-7.655849e+01	5.167017e-03	1.867695e-02	1.738533e-02	4.046843e-02	6.959861e-02
14	14_924025	924025	0	T	C	0.417	1.790909e+00	1.397672e+00	-7.862798e+01	1.000000e-05	1.000000e+05	2.134122e-01	8.078350e-01	8.102031e-01
14	14_924047	924047	0	C	A	0.500	1.701864e+00	1.381775e+00	-7.853722e+01	1.000000e-05	1.000000e+05	2.310831e-01	6.237090e-01	6.294214e-01
14	14_924049	924049	0	T	A	0.500	1.701864e+00	1.381775e+00	-7.853722e+01	1.000000e-05	1.000000e+05	2.310831e-01	6.237090e-01	6.294214e-01
14	14_924050	924050	0	C	G	0.500	1.701864e+00	1.381775e+00	-7.853722e+01	1.000000e-05	1.000000e+05	2.310831e-01	6.237090e-01	6.294214e-01
14	14_924059	924059	0	T	C	0.458	-1.510827e+00	1.396954e+00	-7.863787e+01	1.000000e-05	1.000000e+05	2.911809e-01	8.427081e-01	8.445932e-01
14	14_924128	924128	0	G	A	0.333	-1.007719e+00	1.499978e+00	-7.856435e+01	1.000000e-05	1.000000e+05	5.086908e-01	6.659088e-01	6.707102e-01
14	14_924776	924776	0	A	G	0.375	-1.170435e+00	1.454230e+00	-7.854413e+01	1.000000e-05	1.000000e+05	4.295199e-01	6.338663e-01	6.393502e-01
14	14_924866	924866	0	G	A	0.292	2.608249e+00	1.469858e+00	-7.810254e+01	1.000000e-05	1.000000e-05	8.982296e-02	2.920748e-01	5.507344e-01
14	14_925085	925085	0	G	A	0.125	-1.527763e+00	2.135147e+00	-7.865555e+01	1.000000e-05	1.000000e+05	4.818070e-01	9.494633e-01	9.500378e-01
