chr	rs	ps	n_miss	allele1	allele0	af	beta	se	logl_H1	l_remle	l_mle	p_wald	p_lrt	p_score
1	1_44747	44747	0	C	G	0.250	-1.582403e+00	3.452810e+00	-9.695175e+01	1.000000e-05	1.000000e+05	6.512361e-01	5.792304e-01	5.860159e-01
1	1_44753	44753	1	G	A	0.261	-2.005701e+00	3.468407e+00	-9.688857e+01	1.000000e-05	1.000000e+05	5.689500e-01	5.101065e-01	5.188121e-01
1	1_44785	44785	1	G	A	0.174	-2.356626e+00	4.017250e+00	-9.702988e+01	1.000000e-05	1.000000e+05	5.634262e-01	6.973670e-01	7.015513e-01
1	1_47564	47564	0	G	A	0.417	1.637784e+00	3.027005e+00	-9.676935e+01	1.000000e-05	1.000000e+05	5.939048e-01	4.122579e-01	4.242460e-01
1	1_47575	47575	1	G	A	0.435	-9.112747e-01	3.089424e+00	-9.710383e+01	1.000000e-05	1.000000e+05	7.707856e-01	9.540326e-01	9.545546e-01
1	1_47671	47671	2	G	A	0.409	-2.842307e+00	3.133185e+00	-9.673978e+01	1.000000e-05	1.000000e+05	3.741508e-01	3.924226e-01	4.051573e-01
1	1_47684	47684	2	C	G	0.455	-3.835370e+00	3.043158e+00	-9.606469e+01	1.000000e-05	1.000000e+05	2.207566e-01	1.490832e-01	1.719241e-01
1	1_47686	47686	2	A	G	0.455	-3.835370e+00	3.043158e+00	-9.606469e+01	1.000000e-05	1.000000e+05	2.207566e-01	1.490832e-01	1.719241e-01
1	1_101060	101060	0	T	C	0.083	2.781742e+00	5.402872e+00	-9.702503e+01	1.000000e-05	1.000000e+05	6.117827e-01	6.883031e-01	6.926601e-01
1	1_170985	170985	0	A	G	0.083	2.781742e+00	5.402872e+00	-9.702503e+01	1.000000e-05	1.000000e+05	6.117827e-01	6.883031e-01	6.926601e-01
1	1_291990	291990	1	T	G	0.348	1.618559e+00	3.203509e+00	-9.689527e+01	1.000000e-05	1.000000e+05	6.184106e-01	5.167161e-01	5.252242e-01
1	1_309593	309593	2	A	G	0.364	-7.154464e-01	3.258134e+00	-9.702857e+01	1.000000e-05	1.000000e+05	8.282168e-01	6.949002e-01	6.991311e-01
1	1_363954	363954	0	A	G	0.208	5.216331e-01	3.697424e+00	-9.699493e+01	1.000000e-05	1.000000e+05	8.890905e-01	6.381821e-01	6.435708e-01
1	1_477160	477160	0	A	C	0.167	3.097277e+00	3.976464e+00	-9.709225e+01	1.000000e-05	1.000000e+05	4.443353e-01	8.707455e-01	8.722657e-01
1	1_606536	606536	0	A	G	0.083	2.781742e+00	5.402872e+00	-9.702503e+01	1.000000e-05	1.000000e+05	6.117827e-01	6.883031e-01	6.926601e-01
1	1_743295	743295	0	T	C	0.083	2.781742e+00	5.402872e+00	-9.702503e+01	1.000000e-05	1.000000e+05	6.117827e-01	6.883031e-01	6.926601e-01
1	1_807596	807596	0	T	C	0.083	2.781742e+00	5.402872e+00	-9.702503e+01	1.000000e-05	1.000000e+05	6.117827e-01	6.883031e-01	6.926601e-01
1	1_927896	927896	0	C	T	0.208	5.216331e-01	3.697424e+00	-9.699493e+01	1.000000e-05	1.000000e+05	8.890905e-01	6.381821e-01	6.435708e-01
1	1_927901	927901	0	C	A	0.208	5.216331e-01	3.697424e+00	-9.699493e+01	1.000000e-05	1.000000e+05	8.890905e-01	6.381821e-01	6.435708e-01
1	1_944973	944973	0	G	C	0.333	1.607544e+00	3.168344e+00	-9.696773e+01	1.000000e-05	1.000000e+05	6.169392e-01	5.996545e-01	6.059321e-01
1	1_971811	971811	1	G	T	0.087	-7.772009e+00	5.187842e+00	-9.579224e+01	1.000000e-05	1.000000e+05	1.483143e-01	1.050933e-01	1.289980e-01
1	1_975012	975012	0	C	T	0.125	-1.234902e+00	4.534675e+00	-9.689406e+01	1.000000e-05	1.000000e+05	7.879123e-01	5.155141e-01	5.240579e-01
1	1_975152	975152	3	T	C	0.333	2.490636e+00	3.365095e+00	-9.694474e+01	1.000000e-05	1.000000e+05	4.670419e-01	5.707062e-01	5.777114e-01
1	1_975212	975212	0	C	T	0.375	3.681773e+00	3.002065e+00	-9.662705e+01	1.000000e-05	1.000000e+05	2.330082e-01	3.279719e-01	3.433042e-01
1	1_975397	975397	2	T	C	0.409	2.190497e+00	3.156889e+00	-9.708281e+01	1.000000e-05	1.000000e+05	4.950206e-01	8.313471e-01	8.333858e-01
1	1_975445	975445	2	T	C	0.273	-7.254992e-02	3.523010e+00	-9.683790e+01	1.000000e-05	1.000000e+05	9.837558e-01	4.644344e-01	4.745884e-01
1	1_975457	975457	2	A	G	0.318	-3.155671e+00	3.300798e+00	-9.573736e+01	1.000000e-05	1.000000e+05	3.494441e-01	9.809414e-02	1.220675e-01
1	1_975510	975510	1	T	C	0.130	-2.022784e+00	4.536028e+00	-9.705351e+01	1.000000e-05	1.000000e+05	6.600005e-01	7.471364e-01	7.504411e-01
1	1_1065714	1065714	0	G	A	0.208	5.216331e-01	3.697424e+00	-9.699493e+01	1.000000e-05	1.000000e+05	8.890905e-01	6.381821e-01	6.435708e-01
1	1_1317098	1317098	0	T	C	0.625	-1.458290e+00	3.087477e+00	-9.695923e+01	1.000000e-05	1.000000e+05	6.413471e-01	5.886085e-01	5.951576e-01
1	1_1354376	1354376	0	A	G	0.333	1.607544e+00	3.168344e+00	-9.696773e+01	1.000000e-05	1.000000e+05	6.169392e-01	5.996545e-01	6.059321e-01
1	1_1471243	1471243	0	T	C	0.333	1.607544e+00	3.168344e+00	-9.696773e+01	1.000000e-05	1.000000e+05	6.169392e-01	5.996545e-01	6.059321e-01
1	1_1509932	1509932	0	A	C	0.292	-1.091356e+00	3.296926e+00	-9.540895e+01	1.000000e-05	1.000000e+05	7.437598e-01	6.547028e-02	8.909476e-02
1	1_1509935	1509935	0	G	C	0.292	-1.091356e+00	3.296926e+00	-9.540895e+01	1.000000e-05	1.000000e+05	7.437598e-01	6.547028e-02	8.909476e-02
1	1_1509940	1509940	0	G	C	0.292	-1.091356e+00	3.296926e+00	-9.540895e+01	1.000000e-05	1.000000e+05	7.437598e-01	6.547028e-02	8.909476e-02
1	1_1581524	1581524	1	A	G	0.217	2.318310e+00	3.687390e+00	-9.626443e+01	1.000000e-05	1.000000e+05	5.360108e-01	1.946439e-01	2.157613e-01
1	1_1583615	1583615	0	C	T	0.333	1.607544e+00	3.168344e+00	-9.696773e+01	1.000000e-05	1.000000e+05	6.169392e-01	5.996545e-01	6.059321e-01
1	1_1943622	1943622	0	G	A	0.333	1.607544e+00	3.168344e+00	-9.696773e+01	1.000000e-05	1.000000e+05	6.169392e-01	5.996545e-01	6.059321e-01
1	1_2108016	2108016	0	G	C	0.292	-1.091356e+00	3.296926e+00	-9.540895e+01	1.000000e-05	1.000000e+05	7.437598e-01	6.547028e-02	8.909476e-02
1	1_2194658	2194658	0	A	G	0.083	2.781742e+00	5.402872e+00	-9.702503e+01	1.000000e-05	1.000000e+05	6.117827e-01	6.883031e-01	6.926601e-01
1	1_2205937	2205937	0	G	C	0.333	1.607544e+00	3.168344e+00	-9.696773e+01	1.000000e-05	1.000000e+05	6.169392e-01	5.996545e-01	6.059321e-01
2	2_71426	71426	0	T	C	0.333	1.607544e+00	3.168344e+00	-9.696773e+01	1.000000e-05	1.000000e+05	6.169392e-01	5.996545e-01	6.059321e-01
2	2_140257	140257	0	G	A	0.333	1.607544e+00	3.168344e+00	-9.696773e+01	1.000000e-05	1.000000e+05	6.169392e-01	5.996545e-01	6.059321e-01
2	2_150696	150696	0	T	C	0.333	1.607544e+00	3.168344e+00	-9.696773e+01	1.000000e-05	1.000000e+05	6.169392e-01	5.996545e-01	6.059321e-01
2	2_270700	270700	2	T	C	0.364	5.725738e+00	3.024648e+00	-9.397095e+01	1.000000e-05	1.000000e+05	7.158375e-02	1.228625e-02	2.822303e-02
2	2_270799	270799	4	A	G	0.150	-6.820413e+00	4.373227e+00	-9.349652e+01	1.000000e-05	1.000000e+05	1.331289e-01	7.217876e-03	2.051324e-02
2	2_270855	270855	0	G	A	0.458	-1.997527e+00	2.984716e+00	-9.622035e+01	1.000000e-05	1.000000e+05	5.102978e-01	1.833467e-01	2.049241e-01
2	2_270969	270969	1	T	G	0.435	2.506674e-01	3.095065e+00	-9.710052e+01	1.000000e-05	1.000000e+05	9.361827e-01	9.205965e-01	9.215073e-01
2	2_270970	270970	1	T	A	0.435	2.506674e-01	3.095065e+00	-9.710052e+01	1.000000e-05	1.000000e+05	9.361827e-01	9.205965e-01	9.215073e-01
2	2_270971	270971	1	C	A	0.435	2.506674e-01	3.095065e+00	-9.710052e+01	1.000000e-05	1.000000e+05	9.361827e-01	9.205965e-01	9.215073e-01
2	2_270994	270994	0	A	G	0.458	2.453810e-02	3.014945e+00	-9.700056e+01	1.000000e-05	1.000000e+05	9.935796e-01	6.468776e-01	6.520776e-01
2	2_294465	294465	1	G	A	0.174	-1.055652e+00	4.042284e+00	-9.691273e+01	1.000000e-05	1.000000e+05	7.964043e-01	5.346649e-01	5.426517e-01
2	2_508674	508674	0	G	A	0.333	1.607544e+00	3.168344e+00	-9.696773e+01	1.000000e-05	1.000000e+05	6.169392e-01	5.996545e-01	6.059321e-01
2	2_595266	595266	0	A	G	0.333	1.607544e+00	3.168344e+00	-9.696773e+01	1.000000e-05	1.000000e+05	6.169392e-01	5.996545e-01	6.059321e-01
2	2_697983	697983	0	A	G	0.583	8.619977e-01	3.041615e+00	-9.572570e+01	1.000000e-05	1.000000e+05	7.795190e-01	9.667352e-02	1.206560e-01
2	2_774357	774357	0	A	C	0.333	1.607544e+00	3.168344e+00	-9.696773e+01	1.000000e-05	1.000000e+05	6.169392e-01	5.996545e-01	6.059321e-01
2	2_820645	820645	0	T	A	0.333	1.607544e+00	3.168344e+00	-9.696773e+01	1.000000e-05	1.000000e+05	6.169392e-01	5.996545e-01	6.059321e-01
2	2_963693	963693	0	T	G	0.292	-1.091356e+00	3.296926e+00	-9.540895e+01	1.000000e-05	1.000000e+05	7.437598e-01	6.547028e-02	8.909476e-02
2	2_983795	983795	0	G	C	0.583	8.619977e-01	3.041615e+00	-9.572570e+01	1.000000e-05	1.000000e+05	7.795190e-01	9.667352e-02	1.206560e-01
2	2_1088064	1088064	0	T	C	0.083	2.781742e+00	5.402872e+00	-9.702503e+01	1.000000e-05	1.000000e+05	6.117827e-01	6.883031e-01	6.926601e-01
2	2_1162362	1162362	0	G	C	0.333	1.607544e+00	3.168344e+00	-9.696773e+01	1.000000e-05	1.000000e+05	6.169392e-01	5.996545e-01	6.059321e-01
2	2_1225303	1225303	0	A	G	0.583	8.619977e-01	3.041615e+00	-9.572570e+01	1.000000e-05	1.000000e+05	7.795190e-01	9.667352e-02	1.206560e-01
2	2_1406556	1406556	0	G	A	0.333	1.607544e+00	3.168344e+00	-9.696773e+01	1.000000e-05	1.000000e+05	6.169392e-01	5.996545e-01	6.059321e-01
2	2_1519281	1519281	0	T	C	0.333	1.607544e+00	3.168344e+00	-9.696773e+01	1.000000e-05	1.000000e+05	6.169392e-01	5.996545e-01	6.059321e-01
3	3_61845	61845	0	G	T	0.333	1.607544e+00	3.168344e+00	-9.696773e+01	1.000000e-05	1.000000e+05	6.169392e-01	5.996545e-01	6.059321e-01
3	3_83036	83036	0	T	C	0.333	1.607544e+00	3.168344e+00	-9.696773e+01	1.000000e-05	1.000000e+05	6.169392e-01	5.996545e-01	6.059321e-01
3	3_84476	84476	0	T	C	0.333	1.607544e+00	3.168344e+00	-9.696773e+01	1.000000e-05	1.000000e+05	6.169392e-01	5.996545e-01	6.059321e-01
3	3_97584	97584	0	G	T	0.083	2.781742e+00	5.402872e+00	-9.702503e+01	1.000000e-05	1.000000e+05	6.117827e-01	6.883031e-01	6.926601e-01
3	3_189938	189938	0	T	C	0.083	2.781742e+00	5.402872e+00	-9.702503e+01	1.000000e-05	1.000000e+05	6.117827e-01	6.883031e-01	6.926601e-01
3	3_207299	207299	1	A	G	0.130	2.667844e-01	4.556129e+00	-9.701174e+01	1.000000e-05	1.000000e+05	9.538351e-01	6.650129e-01	6.698326e-01
3	3_288811	288811	0	T	C	0.125	-4.966952e-01	4.541090e+00	-9.702111e+01	1.000000e-05	1.000000e+05	9.138943e-01	6.812103e-01	6.857053e-01
3	3_296203	296203	0	G	A	0.208	5.216331e-01	3.697424e+00	-9.699493e+01	1.000000e-05	1.000000e+05	8.890905e-01	6.381821e-01	6.435708e-01
3	3_354680	354680	0	C	T	0.333	1.607544e+00	3.168344e+00	-9.696773e+01	1.000000e-05	1.000000e+05	6.169392e-01	5.996545e-01	6.059321e-01
3	3_401715	401715	0	T	C	0.333	1.607544e+00	3.168344e+00	-9.696773e+01	1.000000e-05	1.000000e+05	6.169392e-01	5.996545e-01	6.059321e-01
3	3_449970	449970	0	T	C	0.292	-1.091356e+00	3.296926e+00	-9.540895e+01	1.000000e-05	1.000000e+05	7.437598e-01	6.547028e-02	8.909476e-02
3	3_485530	485530	0	T	C	0.208	5.216331e-01	3.697424e+00	-9.699493e+01	1.000000e-05	1.000000e+05	8.890905e-01	6.381821e-01	6.435708e-01
3	3_493126	493126	0	C	T	0.375	1.458290e+00	3.087477e+00	-9.695923e+01	1.000000e-05	1.000000e+05	6.413471e-01	5.886085e-01	5.951576e-01
3	3_741271	741271	0	T	C	0.083	2.781742e+00	5.402872e+00	-9.702503e+01	1.000000e-05	1.000000e+05	6.117827e-01	6.883031e-01	6.926601e-01
3	3_750294	750294	0	T	G	0.250	-8.064187e-01	3.464992e+00	-9.698960e+01	1.000000e-05	1.000000e+05	8.181201e-01	6.302062e-01	6.357718e-01
3	3_860957	860957	0	A	T	0.500	-5.808078e-01	3.001905e+00	-9.701840e+01	1.000000e-05	1.000000e+05	8.483585e-01	6.764163e-01	6.810060e-01
3	3_862065	862065	0	G	A	0.208	-2.892370e-01	3.698497e+00	-9.699776e+01	1.000000e-05	1.000000e+05	9.383728e-01	6.425216e-01	6.478156e-01
3	3_862068	862068	0	G	A	0.208	-2.892370e-01	3.698497e+00	-9.699776e+01	1.000000e-05	1.000000e+05	9.383728e-01	6.425216e-01	6.478156e-01
3	3_862069	862069	2	A	G	0.227	-7.360661e-01	3.740777e+00	-9.708534e+01	1.000000e-05	1.000000e+05	8.458153e-01	8.408903e-01	8.427998e-01
3	3_968415	968415	1	G	C	0.348	1.618559e+00	3.203509e+00	-9.689527e+01	1.000000e-05	1.000000e+05	6.184106e-01	5.167161e-01	5.252242e-01
3	3_1070130	1070130	0	G	A	0.333	1.607544e+00	3.168344e+00	-9.696773e+01	1.000000e-05	1.000000e+05	6.169392e-01	5.996545e-01	6.059321e-01
3	3_1071924	1071924	0	G	A	0.333	4.869688e+00	3.012841e+00	-9.502534e+01	1.000000e-05	1.000000e+05	1.202778e-01	4.138203e-02	6.348076e-02
3	3_1071929	1071929	0	C	T	0.333	4.869688e+00	3.012841e+00	-9.502534e+01	1.000000e-05	1.000000e+05	1.202778e-01	4.138203e-02	6.348076e-02
3	3_1180025	1180025	0	C	T	0.333	1.607544e+00	3.168344e+00	-9.696773e+01	1.000000e-05	1.000000e+05	6.169392e-01	5.996545e-01	6.059321e-01
3	3_1234218	1234218	0	G	A	0.208	1.479149e+00	3.685560e+00	-9.658721e+01	1.000000e-05	1.000000e+05	6.920441e-01	3.086222e-01	3.247783e-01
3	3_1318833	1318833	0	T	C	0.333	1.607544e+00	3.168344e+00	-9.696773e+01	1.000000e-05	1.000000e+05	6.169392e-01	5.996545e-01	6.059321e-01
3	3_1330004	1330004	0	T	C	0.083	2.781742e+00	5.402872e+00	-9.702503e+01	1.000000e-05	1.000000e+05	6.117827e-01	6.883031e-01	6.926601e-01
3	3_1334793	1334793	0	C	T	0.083	2.781742e+00	5.402872e+00	-9.702503e+01	1.000000e-05	1.000000e+05	6.117827e-01	6.883031e-01	6.926601e-01
4	4_53256	53256	0	T	C	0.083	2.781742e+00	5.402872e+00	-9.702503e+01	1.000000e-05	1.000000e+05	6.117827e-01	6.883031e-01	6.926601e-01
4	4_106294	106294	0	C	T	0.250	-1.052473e+00	3.462082e+00	-9.655990e+01	1.000000e-05	1.000000e+05	7.639845e-01	2.962081e-01	3.129009e-01
4	4_577501	577501	0	G	A	0.333	1.607544e+00	3.168344e+00	-9.696773e+01	1.000000e-05	1.000000e+05	6.169392e-01	5.996545e-01	6.059321e-01
4	4_667433	667433	0	G	T	0.333	2.247906e+00	3.150487e+00	-9.652415e+01	1.000000e-05	1.000000e+05	4.830311e-01	2.809118e-01	2.982729e-01
4	4_667446	667446	0	G	A	0.375	3.449290e+00	3.014625e+00	-9.576050e+01	1.000000e-05	1.000000e+05	2.648435e-01	1.009805e-01	1.249301e-01
4	4_667490	667490	1	G	A	0.435	2.241712e+00	3.058427e+00	-9.654514e+01	1.000000e-05	1.000000e+05	4.713196e-01	2.897686e-01	3.067420e-01
4	4_679331	679331	0	T	A	0.333	1.607544e+00	3.168344e+00	-9.696773e+01	1.000000e-05	1.000000e+05	6.169392e-01	5.996545e-01	6.059321e-01
4	4_901105	901105	1	G	A	0.348	1.618559e+00	3.203509e+00	-9.689527e+01	1.000000e-05	1.000000e+05	6.184106e-01	5.167161e-01	5.252242e-01
4	4_995956	995956	2	A	G	0.273	1.032753e+00	3.516153e+00	-9.710549e+01	1.000000e-05	1.000000e+05	7.717274e-01	9.975930e-01	9.976202e-01
4	4_1076446	1076446	0	G	A	0.333	2.859545e+00	3.127850e+00	-9.702464e+01	1.000000e-05	1.000000e+05	3.705125e-01	6.875979e-01	6.919685e-01
4	4_1076465	1076465	0	G	A	0.375	3.984443e+00	2.984451e+00	-9.661454e+01	1.000000e-05	1.000000e-05	1.955059e-01	3.217324e-01	3.616247e-01
5	5_7093	7093	0	G	A	0.417	6.957881e+00	2.661609e+00	-9.397241e+01	1.000000e-05	1.000000e+05	1.584020e-02	1.230659e-02	2.825196e-02
5	5_168988	168988	0	G	A	0.083	2.781742e+00	5.402872e+00	-9.702503e+01	1.000000e-05	1.000000e+05	6.117827e-01	6.883031e-01	6.926601e-01
5	5_276722	276722	0	A	G	0.583	8.619977e-01	3.041615e+00	-9.572570e+01	1.000000e-05	1.000000e+05	7.795190e-01	9.667352e-02	1.206560e-01
5	5_475470	475470	1	T	C	0.391	-2.672918e+00	3.092208e+00	-9.702889e+01	1.000000e-05	1.000000e+05	3.966931e-01	6.955006e-01	6.997202e-01
5	5_476407	476407	0	T	A	0.542	7.272198e-01	3.010959e+00	-9.699690e+01	1.000000e-05	1.000000e+05	8.113857e-01	6.411912e-01	6.465141e-01
5	5_500266	500266	1	G	A	0.435	-1.031854e+00	3.087699e+00	-9.710083e+01	1.000000e-05	1.000000e+05	7.414068e-01	9.230478e-01	9.239297e-01
5	5_676974	676974	0	A	C	0.458	-2.453117e-01	3.014491e+00	-9.708365e+01	1.000000e-05	1.000000e+05	9.358776e-01	8.344316e-01	8.364282e-01
5	5_773775	773775	0	C	T	0.083	2.781742e+00	5.402872e+00	-9.702503e+01	1.000000e-05	1.000000e+05	6.117827e-01	6.883031e-01	6.926601e-01
5	5_835130	835130	1	A	G	0.391	-2.720726e+00	3.090304e+00	-9.658631e+01	1.000000e-05	1.000000e+05	3.881554e-01	3.082017e-01	3.243759e-01
5	5_835251	835251	1	G	C	0.304	-1.938925e+00	3.309286e+00	-9.699065e+01	1.000000e-05	1.000000e+05	5.639029e-01	6.317670e-01	6.372977e-01
5	5_835261	835261	2	A	G	0.273	-9.267179e-02	3.522984e+00	-9.710546e+01	1.000000e-05	1.000000e+05	9.792513e-01	9.940745e-01	9.941414e-01
5	5_836479	836479	0	G	A	0.375	1.974341e+00	3.074313e+00	-9.671064e+01	1.000000e-05	1.000000e+05	5.273759e-01	3.741934e-01	3.876372e-01
5	5_836568	836568	0	A	G	0.417	2.477226e+00	3.000957e+00	-9.667049e+01	1.000000e-05	1.000000e+05	4.179617e-01	3.509539e-01	3.653319e-01
5	5_836697	836697	0	A	G	0.542	-1.215561e+00	3.003789e+00	-9.702945e+01	1.000000e-05	1.000000e+05	6.896233e-01	6.965477e-01	7.007476e-01
5	5_836899	836899	1	G	A	0.087	-4.417586e+00	5.363983e+00	-9.671935e+01	1.000000e-05	1.000000e+05	4.190258e-01	3.795153e-01	3.927499e-01
5	5_975686	975686	0	C	G	0.375	1.458290e+00	3.087477e+00	-9.695923e+01	1.000000e-05	1.000000e+05	6.413471e-01	5.886085e-01	5.951576e-01
5	5_1037902	1037902	0	A	G	0.333	1.607544e+00	3.168344e+00	-9.696773e+01	1.000000e-05	1.000000e+05	6.169392e-01	5.996545e-01	6.059321e-01
5	5_1099536	1099536	0	A	G	0.083	2.781742e+00	5.402872e+00	-9.702503e+01	1.000000e-05	1.000000e+05	6.117827e-01	6.883031e-01	6.926601e-01
5	5_1166880	1166880	0	A	G	0.083	2.781742e+00	5.402872e+00	-9.702503e+01	1.000000e-05	1.000000e+05	6.117827e-01	6.883031e-01	6.926601e-01
5	5_1210544	1210544	0	A	G	0.583	8.619977e-01	3.041615e+00	-9.572570e+01	1.000000e-05	1.000000e+05	7.795190e-01	9.667352e-02	1.206560e-01
5	5_1245074	1245074	0	G	A	0.500	-1.655443e+00	2.983719e+00	-9.693566e+01	1.000000e-05	1.000000e+05	5.846115e-01	5.600228e-01	5.673101e-01
5	5_1405166	1405166	0	G	A	0.250	-1.052473e+00	3.462082e+00	-9.655990e+01	1.000000e-05	1.000000e+05	7.639845e-01	2.962081e-01	3.129009e-01
5	5_1597105	1597105	0	C	T	0.625	-1.458290e+00	3.087477e+00	-9.695923e+01	1.000000e-05	1.000000e+05	6.413471e-01	5.886085e-01	5.951576e-01
5	5_1661241	1661241	0	G	A	0.083	2.781742e+00	5.402872e+00	-9.702503e+01	1.000000e-05	1.000000e+05	6.117827e-01	6.883031e-01	6.926601e-01
5	5_1688982	1688982	0	A	G	0.250	-1.052473e+00	3.462082e+00	-9.655990e+01	1.000000e-05	1.000000e+05	7.639845e-01	2.962081e-01	3.129009e-01
5	5_1695239	1695239	0	C	T	0.083	2.781742e+00	5.402872e+00	-9.702503e+01	1.000000e-05	1.000000e+05	6.117827e-01	6.883031e-01	6.926601e-01
5	5_1770892	1770892	0	G	A	0.375	-2.682814e+00	3.049822e+00	-9.678742e+01	1.000000e-05	1.000000e+05	3.885501e-01	4.251105e-01	4.366292e-01
5	5_1773044	1773044	0	G	A	0.125	-4.458246e+00	4.441750e+00	-9.535899e+01	1.000000e-05	1.000000e+05	3.264293e-01	6.162840e-02	8.510812e-02
5	5_1773047	1773047	0	G	A	0.292	-1.948235e+00	3.278815e+00	-9.708935e+01	1.000000e-05	1.000000e+05	5.584472e-01	8.574257e-01	8.591170e-01
5	5_1781499	1781499	0	C	A	0.333	1.607544e+00	3.168344e+00	-9.696773e+01	1.000000e-05	1.000000e+05	6.169392e-01	5.996545e-01	6.059321e-01
6	6_191358	191358	0	C	T	0.083	1.941202e+00	5.419490e+00	-9.695827e+01	1.000000e-05	1.000000e+05	7.236158e-01	5.873846e-01	5.939642e-01
6	6_211509	211509	0	T	C	0.083	5.979442e+00	5.283652e+00	-9.657218e+01	1.000000e-05	1.000000e+05	2.699512e-01	3.017099e-01	3.181642e-01
6	6_220264	220264	1	G	A	0.391	-2.847179e+00	3.085145e+00	-9.635815e+01	1.000000e-05	1.000000e+05	3.660877e-01	2.214920e-01	2.414676e-01
6	6_220267	220267	1	G	A	0.391	-2.847179e+00	3.085145e+00	-9.635815e+01	1.000000e-05	1.000000e+05	3.660877e-01	2.214920e-01	2.414676e-01
6	6_221273	221273	3	A	G	0.429	-4.652763e+00	3.089856e+00	-9.459557e+01	1.000000e-05	1.000000e+05	1.463378e-01	2.505853e-02	4.475712e-02
6	6_221275	221275	2	A	G	0.455	-5.130470e+00	2.955164e+00	-9.401893e+01	1.000000e-05	1.000000e+05	9.653163e-02	1.297057e-02	2.918975e-02
6	6_221282	221282	1	A	C	0.478	-5.287399e+00	2.857677e+00	-9.317755e+01	1.000000e-05	1.000000e+05	7.775549e-02	5.065585e-03	1.677170e-02
6	6_239210	239210	0	G	A	0.333	1.607544e+00	3.168344e+00	-9.696773e+01	1.000000e-05	1.000000e+05	6.169392e-01	5.996545e-01	6.059321e-01
6	6_276397	276397	0	A	G	0.083	2.781742e+00	5.402872e+00	-9.702503e+01	1.000000e-05	1.000000e+05	6.117827e-01	6.883031e-01	6.926601e-01
6	6_406899	406899	0	C	T	0.333	1.607544e+00	3.168344e+00	-9.696773e+01	1.000000e-05	1.000000e+05	6.169392e-01	5.996545e-01	6.059321e-01
6	6_465434	465434	0	A	G	0.083	2.781742e+00	5.402872e+00	-9.702503e+01	1.000000e-05	1.000000e+05	6.117827e-01	6.883031e-01	6.926601e-01
6	6_484890	484890	0	T	C	0.333	1.607544e+00	3.168344e+00	-9.696773e+01	1.000000e-05	1.000000e+05	6.169392e-01	5.996545e-01	6.059321e-01
6	6_499210	499210	0	G	C	0.333	1.607544e+00	3.168344e+00	-9.696773e+01	1.000000e-05	1.000000e+05	6.169392e-01	5.996545e-01	6.059321e-01
6	6_544412	544412	0	G	A	0.083	2.781742e+00	5.402872e+00	-9.702503e+01	1.000000e-05	1.000000e+05	6.117827e-01	6.883031e-01	6.926601e-01
6	6_554477	554477	0	G	T	0.083	2.781742e+00	5.402872e+00	-9.702503e+01	1.000000e-05	1.000000e+05	6.117827e-01	6.883031e-01	6.926601e-01
6	6_602467	602467	0	C	G	0.333	1.607544e+00	3.168344e+00	-9.696773e+01	1.000000e-05	1.000000e+05	6.169392e-01	5.996545e-01	6.059321e-01
6	6_659075	659075	0	T	C	0.333	1.607544e+00	3.168344e+00	-9.696773e+01	1.000000e-05	1.000000e+05	6.169392e-01	5.996545e-01	6.059321e-01
6	6_739933	739933	0	G	T	0.375	-2.162143e+00	3.068559e+00	-9.626708e+01	1.000000e-05	1.000000e+05	4.884447e-01	1.953482e-01	2.164365e-01
6	6_761983	761983	0	T	C	0.083	2.781742e+00	5.402872e+00	-9.702503e+01	1.000000e-05	1.000000e+05	6.117827e-01	6.883031e-01	6.926601e-01
6	6_936535	936535	0	T	A	0.083	2.078481e+00	5.417218e+00	-9.694072e+01	1.000000e-05	1.000000e+05	7.048981e-01	5.659263e-01	5.730567e-01
6	6_960726	960726	0	A	G	0.083	2.781742e+00	5.402872e+00	-9.702503e+01	1.000000e-05	1.000000e+05	6.117827e-01	6.883031e-01	6.926601e-01
6	6_988043	988043	0	T	C	0.292	3.886843e-01	3.303981e+00	-9.675393e+01	1.000000e-05	1.000000e+05	9.074194e-01	4.017355e-01	4.141164e-01
6	6_988098	988098	1	A	G	0.348	-1.227619e+00	3.211276e+00	-9.616913e+01	1.000000e-05	1.000000e+05	7.059190e-01	1.711636e-01	1.932169e-01
6	6_988261	988261	3	A	G	0.238	3.831600e+00	3.681018e+00	-9.637112e+01	1.000000e-05	1.000000e+05	3.092231e-01	2.255452e-01	2.453445e-01
6	6_988405	988405	2	T	C	0.318	-1.653827e+00	3.350164e+00	-9.666882e+01	1.000000e-05	1.000000e+05	6.264418e-01	3.500297e-01	3.644455e-01
6	6_988465	988465	0	T	C	0.583	-3.724821e-01	3.046045e+00	-9.704971e+01	1.000000e-05	1.000000e+05	9.037844e-01	7.383686e-01	7.418203e-01
6	6_988478	988478	2	A	G	0.409	-1.537998e+00	3.174366e+00	-9.665632e+01	1.000000e-05	1.000000e+05	6.328159e-01	3.432259e-01	3.579216e-01
6	6_988549	988549	2	A	G	0.364	5.914954e+00	3.008059e+00	-9.456959e+01	1.000000e-05	1.000000e+05	6.199836e-02	2.431800e-02	4.386093e-02
6	6_988553	988553	2	T	G	0.364	4.779244e+00	3.098466e+00	-9.525709e+01	1.000000e-05	1.000000e+05	1.372258e-01	5.451658e-02	7.764384e-02
6	6_988631	988631	2	G	A	0.227	-7.477805e-01	3.740674e+00	-9.709610e+01	1.000000e-05	1.000000e+05	8.433909e-01	8.910230e-01	8.922901e-01
6	6_988733	988733	1	A	G	0.478	-2.528526e+00	3.024324e+00	-9.620194e+01	1.000000e-05	1.000000e+05	4.121084e-01	1.788565e-01	2.006120e-01
6	6_988843	988843	3	A	G	0.429	3.639005e+00	3.151078e+00	-9.625850e+01	1.000000e-05	1.000000e+05	2.605441e-01	1.930761e-01	2.142583e-01
6	6_988922	988922	5	A	G	0.368	-1.252367e+00	3.489886e+00	-9.695081e+01	1.000000e-05	1.000000e+05	7.231236e-01	5.780738e-01	5.848888e-01
6	6_988930	988930	2	G	A	0.273	-4.394557e-01	3.521791e+00	-9.708379e+01	1.000000e-05	1.000000e+05	9.018294e-01	8.349904e-01	8.369795e-01
6	6_988960	988960	2	T	G	0.318	7.422238e-01	3.364951e+00	-9.707943e+01	1.000000e-05	1.000000e+05	8.274576e-01	8.194177e-01	8.216214e-01
6	6_989188	989188	0	T	C	0.417	6.460382e-01	3.043972e+00	-9.708206e+01	1.000000e-05	1.000000e+05	8.338775e-01	8.286296e-01	8.307055e-01
6	6_989334	989334	2	G	C	0.364	1.238928e-01	3.261592e+00	-9.699407e+01	1.000000e-05	1.000000e+05	9.700419e-01	6.368898e-01	6.423069e-01
6	6_989453	989453	3	A	G	0.667	-1.514859e+00	3.391390e+00	-9.676137e+01	1.000000e-05	1.000000e+05	6.594738e-01	4.067605e-01	4.189529e-01
6	6_989490	989490	0	T	C	0.417	-3.023132e+00	2.978140e+00	-9.540990e+01	1.000000e-05	1.000000e+05	3.210892e-01	6.554604e-02	8.917309e-02
6	6_989528	989528	0	T	C	0.542	-4.474407e-01	3.013435e+00	-9.705614e+01	1.000000e-05	1.000000e+05	8.833150e-01	7.533879e-01	7.565896e-01
6	6_989732	989732	4	T	C	0.400	1.631484e+00	3.341039e+00	-9.692198e+01	1.000000e-05	1.000000e+05	6.301576e-01	5.446326e-01	5.523393e-01
6	6_989861	989861	2	A	G	0.500	1.166415e+00	3.128183e+00	-9.709818e+01	1.000000e-05	1.000000e+05	7.128115e-01	9.037391e-01	9.048514e-01
6	6_989960	989960	0	A	G	0.458	1.577079e-01	3.014756e+00	-9.710545e+01	1.000000e-05	1.000000e+05	9.587522e-01	9.927343e-01	9.928164e-01
6	6_990258	990258	2	G	T	0.409	9.867240e-01	3.184302e+00	-9.689124e+01	1.000000e-05	1.000000e+05	7.595750e-01	5.127277e-01	5.213546e-01
6	6_990671	990671	5	G	A	0.526	-3.989558e+00	3.272694e+00	-9.511494e+01	1.000000e-05	1.000000e+05	2.357375e-01	4.601374e-02	6.854187e-02
6	6_990699	990699	2	G	A	0.545	-2.880270e+00	3.090712e+00	-9.611277e+01	1.000000e-05	1.000000e+05	3.614974e-01	1.588178e-01	1.813255e-01
6	6_990701	990701	1	A	G	0.565	-9.690579e-01	3.088647e+00	-9.697014e+01	1.000000e-05	1.000000e+05	7.566677e-01	6.028565e-01	6.090570e-01
6	6_990771	990771	3	T	C	0.381	3.365165e+00	3.228255e+00	-9.624771e+01	1.000000e-05	1.000000e+05	3.085418e-01	1.902643e-01	2.115619e-01
6	6_990777	990777	1	A	G	0.391	5.261361e+00	2.937390e+00	-9.430694e+01	1.000000e-05	1.000000e+05	8.703579e-02	1.799012e-02	3.594053e-02
6	6_990851	990851	1	T	C	0.304	1.614435e+00	3.317201e+00	-9.700929e+01	1.000000e-05	1.000000e+05	6.312943e-01	6.609299e-01	6.658337e-01
6	6_990862	990862	1	G	T	0.261	1.321040e+00	3.483300e+00	-9.708133e+01	1.000000e-05	1.000000e+05	7.081385e-01	8.260271e-01	8.281388e-01
6	6_990885	990885	2	A	G	0.227	6.036147e+00	3.515963e+00	-9.507225e+01	1.000000e-05	1.000000e+05	1.000671e-01	4.374210e-02	6.606998e-02
6	6_990992	990992	1	T	C	0.174	2.919397e+00	4.000429e+00	-9.656088e+01	1.000000e-05	1.000000e+05	4.732295e-01	2.966460e-01	3.133199e-01
6	6_991027	991027	0	T	C	0.167	2.844712e+00	3.985020e+00	-9.674055e+01	1.000000e-05	1.000000e+05	4.828245e-01	3.929250e-01	4.056405e-01
6	6_1031241	1031241	1	A	G	0.478	-1.692817e+00	3.050770e+00	-9.697032e+01	1.000000e-05	1.000000e+05	5.845734e-01	6.030999e-01	6.092945e-01
6	6_1116760	1116760	0	G	A	0.333	1.607544e+00	3.168344e+00	-9.696773e+01	1.000000e-05	1.000000e+05	6.169392e-01	5.996545e-01	6.059321e-01
6	6_1160524	1160524	0	A	G	0.375	1.460210e+00	3.087338e+00	-9.707989e+01	1.000000e-05	1.000000e+05	6.408953e-01	8.209917e-01	8.231733e-01
6	6_1160528	1160528	0	A	G	0.375	1.460210e+00	3.087338e+00	-9.707989e+01	1.000000e-05	1.000000e+05	6.408953e-01	8.209917e-01	8.231733e-01
6	6_1160532	1160532	0	A	G	0.375	1.460210e+00	3.087338e+00	-9.707989e+01	1.000000e-05	1.000000e+05	6.408953e-01	8.209917e-01	8.231733e-01
6	6_1167676	1167676	0	C	G	0.333	1.607544e+00	3.168344e+00	-9.696773e+01	1.000000e-05	1.000000e+05	6.169392e-01	5.996545e-01	6.059321e-01
6	6_1174733	1174733	0	G	C	0.083	2.781742e+00	5.402872e+00	-9.702503e+01	1.000000e-05	1.000000e+05	6.117827e-01	6.883031e-01	6.926601e-01
6	6_1249810	1249810	0	G	A	0.208	5.216331e-01	3.697424e+00	-9.699493e+01	1.000000e-05	1.000000e+05	8.890905e-01	6.381821e-01	6.435708e-01
6	6_1279254	1279254	0	C	T	0.333	1.607544e+00	3.168344e+00	-9.696773e+01	1.000000e-05	1.000000e+05	6.169392e-01	5.996545e-01	6.059321e-01
7	7_11056	11056	1	A	C	0.348	1.684044e+00	3.201865e+00	-9.662606e+01	1.000000e-05	1.000000e+05	6.041799e-01	3.274763e-01	3.428294e-01
7	7_14006	14006	2	A	G	0.273	-2.851676e+00	3.470187e+00	-9.676638e+01	1.000000e-05	1.000000e+05	4.200281e-01	4.101984e-01	4.222628e-01
7	7_36839	36839	0	G	A	0.125	-1.231798e+00	4.534724e+00	-9.705005e+01	1.000000e-05	1.000000e+05	7.884340e-01	7.391522e-01	7.425906e-01
7	7_37788	37788	0	C	T	0.333	1.607544e+00	3.168344e+00	-9.696773e+01	1.000000e-05	1.000000e+05	6.169392e-01	5.996545e-01	6.059321e-01
7	7_49744	49744	0	G	A	0.083	-5.357523e+00	5.313893e+00	-9.657823e+01	1.000000e-05	1.000000e+05	3.243143e-01	3.044702e-01	3.208051e-01
7	7_164473	164473	2	G	A	0.364	1.632103e+00	3.243086e+00	-9.601406e+01	1.000000e-05	1.000000e+05	6.197857e-01	1.395555e-01	1.626960e-01
7	7_164511	164511	0	T	C	0.542	-2.146903e-01	3.014596e+00	-9.705620e+01	1.000000e-05	1.000000e+05	9.438686e-01	7.535492e-01	7.567483e-01
7	7_164589	164589	1	C	T	0.391	-1.330393e+00	3.131454e+00	-9.702831e+01	1.000000e-05	1.000000e+05	6.750737e-01	6.943928e-01	6.986334e-01
7	7_164636	164636	1	A	G	0.391	2.583267e-01	3.143791e+00	-9.697847e+01	1.000000e-05	1.000000e+05	9.352542e-01	6.142399e-01	6.201707e-01
7	7_164887	164887	1	G	A	0.348	-3.862572e-02	3.221911e+00	-9.707063e+01	1.000000e-05	1.000000e+05	9.905429e-01	7.917455e-01	7.943490e-01
7	7_164926	164926	2	G	A	0.273	1.784450e+00	3.502441e+00	-9.706902e+01	1.000000e-05	1.000000e+05	6.154834e-01	7.871002e-01	7.897733e-01
7	7_165027	165027	3	T	C	0.190	-3.421660e+00	4.024162e+00	-9.648327e+01	1.000000e-05	1.000000e+05	4.043292e-01	2.646174e-01	2.826962e-01
7	7_165292	165292	0	C	A	0.583	-6.639445e-01	3.043787e+00	-9.710541e+01	1.000000e-05	1.000000e+05	8.293376e-01	9.896934e-01	9.898098e-01
7	7_165637	165637	0	A	G	0.458	7.220605e-02	3.014905e+00	-9.708196e+01	1.000000e-05	1.000000e+05	9.811086e-01	8.282562e-01	8.303372e-01
7	7_165657	165657	2	A	G	0.409	5.353872e-01	3.189204e+00	-9.697161e+01	1.000000e-05	1.000000e+05	8.682154e-01	6.048362e-01	6.109892e-01
7	7_165680	165680	0	T	C	0.417	-1.153942e+00	3.037129e+00	-9.705463e+01	1.000000e-05	1.000000e+05	7.076294e-01	7.497648e-01	7.530260e-01
7	7_165704	165704	1	A	G	0.478	8.929449e-01	3.066079e+00	-9.709151e+01	1.000000e-05	1.000000e+05	7.736009e-01	8.672166e-01	8.687818e-01
7	7_165798	165798	2	C	T	0.409	-1.773752e-01	3.191035e+00	-9.707835e+01	1.000000e-05	1.000000e+05	9.561738e-01	8.157766e-01	8.180316e-01
7	7_165854	165854	2	T	C	0.545	-1.178387e+00	3.141078e+00	-9.660397e+01	1.000000e-05	1.000000e+05	7.111387e-01	3.165752e-01	3.323906e-01
7	7_165873	165873	1	A	G	0.391	9.484093e-01	3.137771e+00	-9.694230e+01	1.000000e-05	1.000000e+05	7.652962e-01	5.678028e-01	5.748839e-01
7	7_165955	165955	2	T	C	0.409	-4.302520e+00	3.056570e+00	-9.583076e+01	1.000000e-05	1.000000e+05	1.732139e-01	1.103319e-01	1.341621e-01
7	7_166056	166056	1	C	A	0.522	2.147786e+00	3.037661e+00	-9.681184e+01	1.000000e-05	1.000000e+05	4.869563e-01	4.434625e-01	4.543308e-01
7	7_166309	166309	1	G	A	0.478	3.349969e-01	3.071149e+00	-9.710370e+01	1.000000e-05	1.000000e+05	9.141289e-01	9.522971e-01	9.528390e-01
7	7_166838	166838	0	T	A	0.125	-5.340019e+00	4.397330e+00	-9.646411e+01	1.000000e-05	1.000000e+05	2.374783e-01	2.573860e-01	2.757842e-01
7	7_166992	166992	2	A	G	0.318	-2.735055e+00	3.317814e+00	-9.642327e+01	1.000000e-05	1.000000e+05	4.185865e-01	2.427699e-01	2.618134e-01
7	7_167034	167034	2	T	C	0.318	2.221677e-01	3.368335e+00	-9.710549e+01	1.000000e-05	1.000000e+05	9.480072e-01	9.990473e-01	9.990581e-01
7	7_167035	167035	1	C	A	0.348	2.359049e-01	3.221527e+00	-9.710549e+01	1.000000e-05	1.000000e+05	9.422867e-01	9.974542e-01	9.974830e-01
7	7_167135	167135	2	A	G	0.591	-3.401686e+00	3.107750e+00	-9.633684e+01	1.000000e-05	1.000000e+05	2.855395e-01	2.150202e-01	2.352757e-01
7	7_167192	167192	2	C	T	0.500	-4.189256e+00	3.008269e+00	-9.580505e+01	1.000000e-05	1.000000e+05	1.776626e-01	1.068043e-01	1.306867e-01
7	7_167224	167224	4	T	A	0.400	-3.776143e+00	3.261186e+00	-9.626987e+01	1.000000e-05	1.000000e+05	2.593195e-01	1.960936e-01	2.171510e-01
7	7_167292	167292	3	A	G	0.429	-6.462239e+00	2.938198e+00	-9.381706e+01	1.000000e-05	1.000000e+05	3.865564e-02	1.033133e-02	2.537916e-02
7	7_167370	167370	1	A	G	0.391	3.357947e+00	3.061684e+00	-9.639201e+01	1.000000e-05	1.000000e+05	2.846048e-01	2.322602e-01	2.517659e-01
7	7_167655	167655	2	G	A	0.364	1.082474e-01	3.261623e+00	-9.709791e+01	1.000000e-05	1.000000e+05	9.738238e-01	9.019745e-01	9.031080e-01
7	7_167687	167687	1	A	C	0.130	-4.727047e+00	4.443646e+00	-9.622863e+01	1.000000e-05	1.000000e+05	2.989673e-01	1.854106e-01	2.069052e-01
7	7_226969	226969	0	G	A	0.333	1.607544e+00	3.168344e+00	-9.696773e+01	1.000000e-05	1.000000e+05	6.169392e-01	5.996545e-01	6.059321e-01
7	7_230511	230511	0	A	G	0.333	1.607544e+00	3.168344e+00	-9.696773e+01	1.000000e-05	1.000000e+05	6.169392e-01	5.996545e-01	6.059321e-01
7	7_347542	347542	0	C	T	0.292	-1.091356e+00	3.296926e+00	-9.540895e+01	1.000000e-05	1.000000e+05	7.437598e-01	6.547028e-02	8.909476e-02
7	7_453828	453828	2	T	C	0.182	-3.651373e+00	3.992871e+00	-9.685645e+01	1.000000e-05	1.000000e+05	3.703828e-01	4.803466e-01	4.899793e-01
7	7_479542	479542	1	A	G	0.130	3.651195e-01	4.555821e+00	-9.709674e+01	1.000000e-05	1.000000e+05	9.368477e-01	8.947242e-01	8.959459e-01
7	7_508893	508893	0	G	C	0.333	1.607544e+00	3.168344e+00	-9.696773e+01	1.000000e-05	1.000000e+05	6.169392e-01	5.996545e-01	6.059321e-01
7	7_672119	672119	0	G	A	0.292	-2.106715e+00	3.274353e+00	-9.649630e+01	1.000000e-05	1.000000e+05	5.266158e-01	2.696784e-01	2.875338e-01
7	7_752860	752860	2	A	T	0.273	-6.088852e-01	3.520646e+00	-9.702033e+01	1.000000e-05	1.000000e+05	8.642744e-01	6.798264e-01	6.843486e-01
7	7_752861	752861	0	A	T	0.125	-5.340019e+00	4.397330e+00	-9.644266e+01	1.000000e-05	1.000000e+05	2.374784e-01	2.495791e-01	2.683222e-01
7	7_813688	813688	1	C	T	0.348	1.618559e+00	3.203509e+00	-9.689527e+01	1.000000e-05	1.000000e+05	6.184106e-01	5.167161e-01	5.252242e-01
7	7_819348	819348	0	A	C	0.333	1.607544e+00	3.168344e+00	-9.696773e+01	1.000000e-05	1.000000e+05	6.169392e-01	5.996545e-01	6.059321e-01
7	7_831960	831960	0	T	G	0.250	-1.052473e+00	3.462082e+00	-9.655990e+01	1.000000e-05	1.000000e+05	7.639845e-01	2.962081e-01	3.129009e-01
7	7_908360	908360	3	C	A	0.143	9.025791e-01	4.585347e+00	-9.694853e+01	1.000000e-05	1.000000e+05	8.457600e-01	5.752842e-01	5.821708e-01
7	7_911043	911043	0	C	T	0.333	1.607544e+00	3.168344e+00	-9.696773e+01	1.000000e-05	1.000000e+05	6.169392e-01	5.996545e-01	6.059321e-01
7	7_1008288	1008288	0	G	A	0.333	1.607544e+00	3.168344e+00	-9.696773e+01	1.000000e-05	1.000000e+05	6.169392e-01	5.996545e-01	6.059321e-01
7	7_1024334	1024334	0	G	A	0.333	1.607544e+00	3.168344e+00	-9.696773e+01	1.000000e-05	1.000000e+05	6.169392e-01	5.996545e-01	6.059321e-01
7	7_1024356	1024356	0	T	C	0.333	1.607544e+00	3.168344e+00	-9.696773e+01	1.000000e-05	1.000000e+05	6.169392e-01	5.996545e-01	6.059321e-01
7	7_1171945	1171945	0	A	G	0.083	2.781742e+00	5.402872e+00	-9.702503e+01	1.000000e-05	1.000000e+05	6.117827e-01	6.883031e-01	6.926601e-01
7	7_1191543	1191543	0	C	T	0.333	1.607544e+00	3.168344e+00	-9.696773e+01	1.000000e-05	1.000000e+05	6.169392e-01	5.996545e-01	6.059321e-01
7	7_1192832	1192832	0	T	C	0.083	2.781742e+00	5.402872e+00	-9.702503e+01	1.000000e-05	1.000000e+05	6.117827e-01	6.883031e-01	6.926601e-01
7	7_1193976	1193976	0	C	T	0.333	1.607544e+00	3.168344e+00	-9.696773e+01	1.000000e-05	1.000000e+05	6.169392e-01	5.996545e-01	6.059321e-01
7	7_1196178	1196178	0	C	T	0.583	-4.070217e+00	2.920899e+00	-9.624775e+01	1.000000e-05	1.000000e+05	1.773940e-01	1.902750e-01	2.115722e-01
7	7_1205599	1205599	3	G	T	0.381	-1.572735e+00	3.289967e+00	-9.650379e+01	1.000000e-05	1.000000e+05	6.373379e-01	2.726430e-01	2.903678e-01
7	7_1205600	1205600	2	G	A	0.364	-1.023144e+00	3.254405e+00	-9.657640e+01	1.000000e-05	1.000000e+05	7.561889e-01	3.036318e-01	3.200030e-01
7	7_1205735	1205735	2	T	A	0.364	1.794364e+00	3.239202e+00	-9.704194e+01	1.000000e-05	1.000000e+05	5.851985e-01	7.214566e-01	7.252012e-01
7	7_1227094	1227094	0	A	G	0.333	1.607544e+00	3.168344e+00	-9.696773e+01	1.000000e-05	1.000000e+05	6.169392e-01	5.996545e-01	6.059321e-01
7	7_1240469	1240469	0	C	T	0.083	2.781742e+00	5.402872e+00	-9.702503e+01	1.000000e-05	1.000000e+05	6.117827e-01	6.883031e-01	6.926601e-01
7	7_1263585	1263585	0	T	C	0.292	-2.762332e+00	3.252130e+00	-9.679964e+01	1.000000e-05	1.000000e+05	4.048122e-01	4.341493e-01	4.453447e-01
7	7_1263610	1263610	0	G	A	0.375	-7.477368e-01	3.098899e+00	-9.700653e+01	1.000000e-05	1.000000e+05	8.115642e-01	6.564064e-01	6.614044e-01
7	7_1266484	1266484	1	A	T	0.435	-7.952722e-01	3.090900e+00	-9.694862e+01	1.000000e-05	1.000000e+05	7.993425e-01	5.753957e-01	5.822795e-01
7	7_1276916	1276916	0	A	G	0.208	-3.655684e+00	3.615967e+00	-9.611854e+01	1.000000e-05	1.000000e+05	3.230148e-01	1.600342e-01	1.824986e-01
7	7_1276919	1276919	0	G	A	0.167	-2.300983e+00	4.000942e+00	-9.674527e+01	1.000000e-05	1.000000e+05	5.710523e-01	3.960000e-01	4.085981e-01
7	7_1341024	1341024	0	A	C	0.333	1.717716e+00	3.165596e+00	-9.688277e+01	1.000000e-05	1.000000e+05	5.928465e-01	5.045110e-01	5.133863e-01
8	8_144493	144493	0	A	G	0.333	1.607544e+00	3.168344e+00	-9.696773e+01	1.000000e-05	1.000000e+05	6.169392e-01	5.996545e-01	6.059321e-01
8	8_174475	174475	0	G	T	0.333	1.607544e+00	3.168344e+00	-9.696773e+01	1.000000e-05	1.000000e+05	6.169392e-01	5.996545e-01	6.059321e-01
8	8_208859	208859	0	G	A	0.208	5.216331e-01	3.697424e+00	-9.699493e+01	1.000000e-05	1.000000e+05	8.890905e-01	6.381821e-01	6.435708e-01
8	8_294928	294928	0	T	A	0.333	1.607544e+00	3.168344e+00	-9.696773e+01	1.000000e-05	1.000000e+05	6.169392e-01	5.996545e-01	6.059321e-01
8	8_553155	553155	0	T	C	0.083	2.781742e+00	5.402872e+00	-9.702503e+01	1.000000e-05	1.000000e+05	6.117827e-01	6.883031e-01	6.926601e-01
8	8_725537	725537	0	A	C	0.333	1.607544e+00	3.168344e+00	-9.696773e+01	1.000000e-05	1.000000e+05	6.169392e-01	5.996545e-01	6.059321e-01
8	8_817562	817562	3	T	C	0.095	5.151050e+00	5.359550e+00	-9.610849e+01	1.000000e-05	1.000000e+05	3.469483e-01	1.579237e-01	1.804630e-01
8	8_817567	817567	3	C	T	0.095	5.151050e+00	5.359550e+00	-9.610849e+01	1.000000e-05	1.000000e+05	3.469483e-01	1.579237e-01	1.804630e-01
8	8_817674	817674	3	A	G	0.143	4.119149e-01	4.588543e+00	-9.698504e+01	1.000000e-05	1.000000e+05	9.292820e-01	6.235586e-01	6.292744e-01
8	8_818838	818838	3	G	A	0.429	-1.422231e+00	3.230986e+00	-9.691567e+01	1.000000e-05	1.000000e+05	6.640977e-01	5.378007e-01	5.456986e-01
8	8_847517	847517	0	A	G	0.167	-3.335461e+00	3.967679e+00	-9.652660e+01	1.000000e-05	1.000000e+05	4.095837e-01	2.819246e-01	2.992413e-01
8	8_874822	874822	1	G	A	0.087	-3.129280e+00	5.405028e+00	-9.685121e+01	1.000000e-05	1.000000e+05	5.684991e-01	4.757629e-01	4.855439e-01
8	8_874895	874895	3	T	C	0.143	8.960691e-01	4.585404e+00	-9.706878e+01	1.000000e-05	1.000000e+05	8.468596e-01	7.864199e-01	7.891032e-01
8	8_874992	874992	0	C	T	0.083	-5.357489e+00	5.313901e+00	-9.677927e+01	1.000000e-05	1.000000e+05	3.243181e-01	4.192420e-01	4.309736e-01
8	8_1083181	1083181	0	T	C	0.333	1.607544e+00	3.168344e+00	-9.696773e+01	1.000000e-05	1.000000e+05	6.169392e-01	5.996545e-01	6.059321e-01
8	8_1161462	1161462	0	C	T	0.625	-3.151209e-01	3.102362e+00	-9.673375e+01	1.000000e-05	1.000000e+05	9.200145e-01	3.885475e-01	4.014312e-01
8	8_1252135	1252135	1	T	C	0.435	-1.597982e+00	3.076723e+00	-9.710542e+01	1.000000e-05	1.000000e+05	6.086835e-01	9.904100e-01	9.905184e-01
8	8_1256218	1256218	0	G	A	0.333	1.607544e+00	3.168344e+00	-9.696773e+01	1.000000e-05	1.000000e+05	6.169392e-01	5.996545e-01	6.059321e-01
8	8_1326133	1326133	0	A	G	0.208	7.726520e+00	3.311959e+00	-9.464381e+01	1.000000e-05	1.000000e+05	2.919810e-02	2.649605e-02	4.648178e-02
8	8_1326140	1326140	0	G	A	0.167	1.044345e+01	3.360157e+00	-9.142757e+01	1.000000e-05	1.000000e+05	5.127976e-03	7.521084e-04	6.475408e-03
8	8_1383765	1383765	0	A	G	0.417	-2.410938e+00	3.003408e+00	-9.600214e+01	1.000000e-05	1.000000e+05	4.307156e-01	1.374114e-01	1.606151e-01
9	9_5213	5213	3	G	C	0.238	5.416282e+00	3.589427e+00	-9.615205e+01	1.000000e-05	1.000000e+05	1.455391e-01	1.673106e-01	1.895091e-01
9	9_6619	6619	1	C	T	0.304	6.451787e+00	3.038126e+00	-9.434875e+01	1.000000e-05	1.000000e+05	4.518815e-02	1.887037e-02	3.707507e-02
9	9_7470	7470	0	A	G	0.292	-1.001588e+00	3.298120e+00	-9.676181e+01	1.000000e-05	1.000000e+05	7.642219e-01	4.070622e-01	4.192434e-01
9	9_7729	7729	1	C	T	0.435	4.410220e+00	2.949266e+00	-9.565004e+01	1.000000e-05	1.000000e+05	1.490276e-01	8.798248e-02	1.119813e-01
9	9_8171	8171	2	G	A	0.364	1.012997e-01	3.261663e+00	-9.710544e+01	1.000000e-05	1.000000e+05	9.755036e-01	9.923047e-01	9.923917e-01
9	9_10033	10033	1	C	T	0.174	-4.813829e+00	3.916308e+00	-9.574975e+01	1.000000e-05	1.000000e+05	2.319915e-01	9.962839e-02	1.235899e-01
9	9_49163	49163	0	A	G	0.250	-1.052473e+00	3.462082e+00	-9.655990e+01	1.000000e-05	1.000000e+05	7.639845e-01	2.962081e-01	3.129009e-01
9	9_220237	220237	2	A	G	0.091	-4.141566e+00	5.385976e+00	-9.687802e+01	1.000000e-05	1.000000e+05	4.500977e-01	4.999991e-01	5.090126e-01
9	9_220963	220963	1	C	T	0.174	-6.478704e+00	3.805628e+00	-9.572955e+01	1.000000e-05	1.000000e+05	1.027701e-01	9.713962e-02	1.211193e-01
9	9_272607	272607	0	A	G	0.333	1.607544e+00	3.168344e+00	-9.696773e+01	1.000000e-05	1.000000e+05	6.169392e-01	5.996545e-01	6.059321e-01
9	9_338278	338278	1	A	G	0.348	1.618559e+00	3.203509e+00	-9.689527e+01	1.000000e-05	1.000000e+05	6.184106e-01	5.167161e-01	5.252242e-01
9	9_491535	491535	0	A	G	0.333	1.607544e+00	3.168344e+00	-9.696773e+01	1.000000e-05	1.000000e+05	6.169392e-01	5.996545e-01	6.059321e-01
9	9_534468	534468	0	C	T	0.333	1.607544e+00	3.168344e+00	-9.696773e+01	1.000000e-05	1.000000e+05	6.169392e-01	5.996545e-01	6.059321e-01
9	9_705343	705343	1	G	A	0.261	6.546857e+00	3.203821e+00	-9.546392e+01	1.000000e-05	1.000000e-05	5.316484e-02	6.999479e-02	1.134076e-01
9	9_705571	705571	0	T	C	0.500	-6.291676e-01	3.001462e+00	-9.702006e+01	1.000000e-05	1.000000e+05	8.358930e-01	6.793520e-01	6.838836e-01
9	9_706175	706175	2	G	A	0.318	3.256053e+00	3.296373e+00	-9.582578e+01	1.000000e-05	1.000000e+05	3.340060e-01	1.096390e-01	1.334801e-01
9	9_741562	741562	0	T	C	0.250	-1.052473e+00	3.462082e+00	-9.655990e+01	1.000000e-05	1.000000e+05	7.639845e-01	2.962081e-01	3.129009e-01
9	9_942229	942229	0	A	G	0.292	-1.091356e+00	3.296926e+00	-9.540895e+01	1.000000e-05	1.000000e+05	7.437598e-01	6.547028e-02	8.909476e-02
9	9_981209	981209	0	G	A	0.083	2.781742e+00	5.402872e+00	-9.702503e+01	1.000000e-05	1.000000e+05	6.117827e-01	6.883031e-01	6.926601e-01
9	9_1115286	1115286	0	G	A	0.500	-1.910001e+00	2.976733e+00	-9.692038e+01	1.000000e-05	1.000000e+05	5.277342e-01	5.428866e-01	5.506418e-01
10	10_13558	13558	0	C	T	0.333	1.607544e+00	3.168344e+00	-9.696773e+01	1.000000e-05	1.000000e+05	6.169392e-01	5.996545e-01	6.059321e-01
10	10_15220	15220	1	T	A	0.130	7.747556e-01	4.553492e+00	-9.697015e+01	1.000000e-05	1.000000e+05	8.664508e-01	6.028788e-01	6.090787e-01
10	10_15251	15251	2	G	A	0.091	-4.630931e-02	5.457860e+00	-9.696488e+01	1.000000e-05	1.000000e+05	9.933066e-01	5.958992e-01	6.022683e-01
10	10_15279	15279	1	A	G	0.261	-1.816358e-01	3.494450e+00	-9.703636e+01	1.000000e-05	1.000000e+05	9.590150e-01	7.100247e-01	7.139746e-01
10	10_15288	15288	2	C	T	0.227	-3.101841e-01	3.743482e+00	-9.702259e+01	1.000000e-05	1.000000e+05	9.347123e-01	6.838696e-01	6.883125e-01
10	10_15302	15302	2	T	C	0.318	-1.987224e+00	3.341919e+00	-9.701457e+01	1.000000e-05	1.000000e+05	5.581537e-01	6.698008e-01	6.745231e-01
10	10_15428	15428	1	C	G	0.130	-2.729250e+00	4.519179e+00	-9.706602e+01	1.000000e-05	1.000000e+05	5.520700e-01	7.787465e-01	7.815466e-01
10	10_15438	15438	0	G	A	0.125	-2.374386e+00	4.514017e+00	-9.709648e+01	1.000000e-05	1.000000e+05	6.041487e-01	8.932288e-01	8.944688e-01
10	10_15441	15441	1	A	G	0.130	-2.729250e+00	4.519179e+00	-9.706602e+01	1.000000e-05	1.000000e+05	5.520700e-01	7.787465e-01	7.815466e-01
10	10_15449	15449	1	C	T	0.087	-1.294917e-02	5.446045e+00	-9.709641e+01	1.000000e-05	1.000000e+05	9.981243e-01	8.927887e-01	8.940341e-01
10	10_15455	15455	0	C	T	0.083	3.096554e-01	5.434872e+00	-9.707185e+01	1.000000e-05	1.000000e+05	9.550789e-01	7.953520e-01	7.979020e-01
10	10_15458	15458	0	G	A	0.083	3.096554e-01	5.434872e+00	-9.707185e+01	1.000000e-05	1.000000e+05	9.550789e-01	7.953520e-01	7.979020e-01
10	10_15461	15461	0	T	C	0.083	3.096554e-01	5.434872e+00	-9.707185e+01	1.000000e-05	1.000000e+05	9.550789e-01	7.953520e-01	7.979020e-01
10	10_15463	15463	0	A	T	0.083	3.096554e-01	5.434872e+00	-9.707185e+01	1.000000e-05	1.000000e+05	9.550789e-01	7.953520e-01	7.979020e-01
10	10_15473	15473	0	C	T	0.083	3.096554e-01	5.434872e+00	-9.707185e+01	1.000000e-05	1.000000e+05	9.550789e-01	7.953520e-01	7.979020e-01
10	10_17879	17879	0	T	C	0.333	2.754419e+00	3.132139e+00	-9.677837e+01	1.000000e-05	1.000000e+05	3.886864e-01	4.185978e-01	4.303529e-01
10	10_17897	17897	0	A	G	0.333	2.754419e+00	3.132139e+00	-9.677837e+01	1.000000e-05	1.000000e+05	3.886864e-01	4.185978e-01	4.303529e-01
10	10_18092	18092	1	A	G	0.522	-3.646969e+00	2.971957e+00	-9.631416e+01	1.000000e-05	1.000000e+05	2.327452e-01	2.083792e-01	2.289192e-01
10	10_18647	18647	3	C	T	0.381	9.708360e-01	3.300569e+00	-9.710280e+01	1.000000e-05	1.000000e+05	7.714067e-01	9.414877e-01	9.421542e-01
10	10_18785	18785	0	G	A	0.375	6.624721e-02	3.103019e+00	-9.699555e+01	1.000000e-05	1.000000e+05	9.831595e-01	6.391351e-01	6.445029e-01
10	10_18869	18869	0	A	G	0.500	-1.825987e+00	2.979185e+00	-9.677920e+01	1.000000e-05	1.000000e+05	5.462172e-01	4.191880e-01	4.309216e-01
10	10_18908	18908	0	G	A	0.292	1.197286e+00	3.295171e+00	-9.674635e+01	1.000000e-05	1.000000e+05	7.198148e-01	3.967076e-01	4.092789e-01
10	10_18915	18915	0	T	C	0.292	1.197286e+00	3.295171e+00	-9.674635e+01	1.000000e-05	1.000000e+05	7.198148e-01	3.967076e-01	4.092789e-01
10	10_18933	18933	0	A	G	0.292	-2.771614e+00	3.251789e+00	-9.654300e+01	1.000000e-05	1.000000e+05	4.032120e-01	2.888467e-01	3.058603e-01
10	10_18941	18941	2	T	C	0.318	-2.603406e+00	3.322660e+00	-9.658940e+01	1.000000e-05	1.000000e+05	4.416698e-01	3.096483e-01	3.257603e-01
10	10_18943	18943	1	G	A	0.348	-6.547096e-01	3.218930e+00	-9.709699e+01	1.000000e-05	1.000000e+05	8.406970e-01	8.962742e-01	8.974770e-01
10	10_18983	18983	2	C	T	0.227	7.124283e+00	3.986747e+00	-9.491837e+01	7.621324e-02	1.000000e+05	8.772676e-02	3.648597e-02	5.803112e-02
10	10_19002	19002	0	C	T	0.583	-1.433401e+00	3.031796e+00	-9.702805e+01	1.000000e-05	1.000000e+05	6.410204e-01	6.939073e-01	6.981571e-01
10	10_19004	19004	0	A	G	0.583	-1.433401e+00	3.031796e+00	-9.702805e+01	1.000000e-05	1.000000e+05	6.410204e-01	6.939073e-01	6.981571e-01
10	10_19008	19008	0	T	C	0.292	2.455733e+00	3.263385e+00	-9.680037e+01	1.000000e-05	1.000000e+05	4.597205e-01	4.346955e-01	4.458716e-01
10	10_19015	19015	0	G	A	0.583	-1.433401e+00	3.031796e+00	-9.702805e+01	1.000000e-05	1.000000e+05	6.410204e-01	6.939073e-01	6.981571e-01
10	10_19031	19031	0	A	G	0.625	-1.552385e+00	3.085385e+00	-9.708073e+01	1.000000e-05	1.000000e+05	6.198651e-01	8.238961e-01	8.260373e-01
10	10_19062	19062	1	A	G	0.304	2.275334e+00	3.299649e+00	-9.679027e+01	1.000000e-05	1.000000e+05	4.976754e-01	4.271910e-01	4.386348e-01
10	10_19067	19067	1	T	A	0.565	-4.757755e+00	3.234489e+00	-9.437117e+01	4.084905e-02	1.000000e+05	1.554656e-01	1.936063e-02	3.770176e-02
10	10_19151	19151	1	G	A	0.261	1.215219e+00	3.485139e+00	-9.706421e+01	1.000000e-05	1.000000e+05	7.306400e-01	7.738500e-01	7.767257e-01
10	10_318276	318276	0	G	A	0.333	-4.533536e+00	3.036602e+00	-9.619196e+01	1.000000e-05	1.000000e+05	1.496502e-01	1.764747e-01	1.983235e-01
10	10_381155	381155	0	G	A	0.292	-1.091356e+00	3.296926e+00	-9.540895e+01	1.000000e-05	1.000000e+05	7.437598e-01	6.547028e-02	8.909476e-02
10	10_387430	387430	1	A	G	0.565	9.181338e-01	3.089414e+00	-9.580457e+01	1.000000e-05	1.000000e+05	7.691117e-01	1.067396e-01	1.306229e-01
10	10_474627	474627	0	A	G	0.333	1.607544e+00	3.168344e+00	-9.696773e+01	1.000000e-05	1.000000e+05	6.169392e-01	5.996545e-01	6.059321e-01
10	10_583208	583208	1	A	G	0.348	-4.840093e+00	3.052240e+00	-9.473811e+01	1.000000e-05	1.000000e+05	1.270659e-01	2.955896e-02	5.009706e-02
10	10_584652	584652	0	G	T	0.333	-4.312757e+00	3.051184e+00	-9.596087e+01	1.000000e-05	1.000000e+05	1.715116e-01	1.302741e-01	1.536758e-01
10	10_612064	612064	0	A	G	0.208	5.216331e-01	3.697424e+00	-9.699493e+01	1.000000e-05	1.000000e+05	8.890905e-01	6.381821e-01	6.435708e-01
10	10_724149	724149	0	G	A	0.208	7.141511e-01	3.695875e+00	-9.710522e+01	1.000000e-05	1.000000e+05	8.485523e-01	9.815120e-01	9.817210e-01
10	10_724150	724150	0	A	G	0.208	7.141511e-01	3.695875e+00	-9.710522e+01	1.000000e-05	1.000000e+05	8.485523e-01	9.815120e-01	9.817210e-01
10	10_969715	969715	0	T	C	0.292	-1.091356e+00	3.296926e+00	-9.540895e+01	1.000000e-05	1.000000e+05	7.437598e-01	6.547028e-02	8.909476e-02
10	10_989095	989095	0	G	A	0.333	1.607544e+00	3.168344e+00	-9.696773e+01	1.000000e-05	1.000000e+05	6.169392e-01	5.996545e-01	6.059321e-01
11	11_9749	9749	1	A	G	0.174	1.754509e+00	4.031233e+00	-9.667403e+01	1.000000e-05	1.000000e+05	6.676363e-01	3.529226e-01	3.672202e-01
11	11_10019	10019	1	G	C	0.304	-1.855982e-01	3.334779e+00	-9.702289e+01	1.000000e-05	1.000000e+05	9.561188e-01	6.844171e-01	6.888494e-01
11	11_10896	10896	0	C	G	0.125	-3.864185e+00	4.466989e+00	-9.549844e+01	1.000000e-05	1.000000e+05	3.963445e-01	7.300624e-02	9.683709e-02
11	11_10931	10931	0	T	A	0.167	-3.767364e+00	3.950071e+00	-9.645156e+01	1.000000e-05	1.000000e+05	3.505750e-01	2.527834e-01	2.713849e-01
11	11_10934	10934	0	G	T	0.208	-4.240467e+00	3.586826e+00	-9.566744e+01	1.000000e-05	1.000000e+05	2.497337e-01	8.990333e-02	1.139048e-01
11	11_104630	104630	0	A	G	0.125	4.530594e+00	4.438437e+00	-9.646450e+01	1.000000e-05	1.000000e+05	3.184610e-01	2.575319e-01	2.759236e-01
11	11_104688	104688	1	G	A	0.130	-4.264841e+00	4.464854e+00	-9.659462e+01	1.000000e-05	1.000000e+05	3.498542e-01	3.121070e-01	3.281135e-01
11	11_152800	152800	0	C	T	0.333	1.607544e+00	3.168344e+00	-9.696773e+01	1.000000e-05	1.000000e+05	6.169392e-01	5.996545e-01	6.059321e-01
11	11_153063	153063	0	A	G	0.333	1.607544e+00	3.168344e+00	-9.696773e+01	1.000000e-05	1.000000e+05	6.169392e-01	5.996545e-01	6.059321e-01
11	11_159356	159356	0	A	C	0.208	5.216331e-01	3.697424e+00	-9.699493e+01	1.000000e-05	1.000000e+05	8.890905e-01	6.381821e-01	6.435708e-01
11	11_165295	165295	0	A	G	0.625	-1.458290e+00	3.087477e+00	-9.695923e+01	1.000000e-05	1.000000e+05	6.413471e-01	5.886085e-01	5.951576e-01
11	11_236388	236388	0	A	G	0.333	1.607544e+00	3.168344e+00	-9.696773e+01	1.000000e-05	1.000000e+05	6.169392e-01	5.996545e-01	6.059321e-01
11	11_384025	384025	0	T	C	0.167	2.207314e+00	4.003338e+00	-9.666127e+01	1.000000e-05	1.000000e+05	5.869381e-01	3.458993e-01	3.604847e-01
11	11_393213	393213	0	G	A	0.333	1.607544e+00	3.168344e+00	-9.696773e+01	1.000000e-05	1.000000e+05	6.169392e-01	5.996545e-01	6.059321e-01
11	11_433361	433361	0	G	A	0.333	1.607544e+00	3.168344e+00	-9.696773e+01	1.000000e-05	1.000000e+05	6.169392e-01	5.996545e-01	6.059321e-01
11	11_547884	547884	0	T	C	0.583	8.619977e-01	3.041615e+00	-9.572570e+01	1.000000e-05	1.000000e+05	7.795190e-01	9.667352e-02	1.206560e-01
11	11_548586	548586	0	C	T	0.333	1.607544e+00	3.168344e+00	-9.696773e+01	1.000000e-05	1.000000e+05	6.169392e-01	5.996545e-01	6.059321e-01
11	11_621705	621705	0	A	C	0.333	1.607544e+00	3.168344e+00	-9.696773e+01	1.000000e-05	1.000000e+05	6.169392e-01	5.996545e-01	6.059321e-01
11	11_674162	674162	0	C	A	0.333	1.607544e+00	3.168344e+00	-9.696773e+01	1.000000e-05	1.000000e+05	6.169392e-01	5.996545e-01	6.059321e-01
11	11_804706	804706	2	A	G	0.364	-1.911776e+00	3.236142e+00	-9.657840e+01	1.000000e-05	1.000000e+05	5.607034e-01	3.045452e-01	3.208770e-01
11	11_804710	804710	6	C	T	0.333	-1.708221e+00	3.661637e+00	-9.668747e+01	1.000000e-05	1.000000e+05	6.454311e-01	3.605342e-01	3.745232e-01
11	11_804742	804742	1	G	A	0.304	-7.596465e-01	3.331080e+00	-9.709198e+01	1.000000e-05	1.000000e+05	8.217151e-01	8.694249e-01	8.709619e-01
11	11_804763	804763	2	C	T	0.182	-4.769900e+00	3.938893e+00	-9.652511e+01	1.000000e-05	1.000000e+05	2.387539e-01	2.813082e-01	2.986519e-01
11	11_966513	966513	1	T	A	0.087	-1.721295e+00	5.433673e+00	-9.709553e+01	1.000000e-05	1.000000e+05	7.543947e-01	8.877456e-01	8.890530e-01
11	11_966516	966516	0	C	T	0.083	-2.441649e+00	5.410291e+00	-9.705660e+01	1.000000e-05	1.000000e+05	6.561926e-01	7.545098e-01	7.576932e-01
11	11_966519	966519	0	C	T	0.083	-2.441649e+00	5.410291e+00	-9.705660e+01	1.000000e-05	1.000000e+05	6.561926e-01	7.545098e-01	7.576932e-01
11	11_966569	966569	1	C	G	0.087	-1.721295e+00	5.433673e+00	-9.709553e+01	1.000000e-05	1.000000e+05	7.543947e-01	8.877456e-01	8.890530e-01
11	11_966644	966644	2	C	A	0.182	1.497986e+00	4.055499e+00	-9.674369e+01	1.000000e-05	1.000000e+05	7.153822e-01	3.949661e-01	4.076036e-01
11	11_966669	966669	2	C	T	0.364	-5.791114e+00	3.018985e+00	-9.569353e+01	1.000000e-05	1.000000e-05	6.815205e-02	9.286897e-02	2.137507e-01
11	11_966684	966684	2	C	T	0.500	-1.480797e+00	3.122135e+00	-9.708116e+01	1.000000e-05	1.000000e+05	6.399670e-01	8.253982e-01	8.275186e-01
11	11_966699	966699	1	T	C	0.304	-3.393261e+00	3.255593e+00	-9.677031e+01	1.000000e-05	1.000000e+05	3.085978e-01	4.129267e-01	4.248902e-01
11	11_966700	966700	1	G	A	0.304	-3.393261e+00	3.255593e+00	-9.677031e+01	1.000000e-05	1.000000e+05	3.085978e-01	4.129267e-01	4.248902e-01
11	11_966735	966735	1	A	C	0.174	-2.628714e+00	4.009578e+00	-9.696739e+01	1.000000e-05	1.000000e+05	5.188738e-01	5.992034e-01	6.054920e-01
11	11_966738	966738	2	T	A	0.227	-5.284360e+00	3.570540e+00	-9.641044e+01	1.000000e-05	1.000000e-05	1.530551e-01	2.383890e-01	2.854534e-01
11	11_966756	966756	0	A	G	0.167	-4.939169e+00	3.890925e+00	-9.637742e+01	1.000000e-05	1.000000e+05	2.175608e-01	2.275446e-01	2.472566e-01
11	11_966757	966757	0	T	C	0.167	-4.939169e+00	3.890925e+00	-9.637742e+01	1.000000e-05	1.000000e+05	2.175608e-01	2.275446e-01	2.472566e-01
11	11_966771	966771	0	T	C	0.208	-5.877316e+00	3.480310e+00	-9.608673e+01	1.000000e-05	1.000000e-05	1.053962e-01	1.534586e-01	1.949299e-01
11	11_1272894	1272894	0	A	G	0.250	-1.052473e+00	3.462082e+00	-9.655990e+01	1.000000e-05	1.000000e+05	7.639845e-01	2.962081e-01	3.129009e-01
11	11_1301130	1301130	0	T	C	0.083	2.781742e+00	5.402872e+00	-9.702503e+01	1.000000e-05	1.000000e+05	6.117827e-01	6.883031e-01	6.926601e-01
11	11_1314578	1314578	0	G	C	0.333	1.607544e+00	3.168344e+00	-9.696773e+01	1.000000e-05	1.000000e+05	6.169392e-01	5.996545e-01	6.059321e-01
11	11_1478119	1478119	0	A	G	0.417	-1.294640e+00	3.034558e+00	-9.686551e+01	1.000000e-05	1.000000e+05	6.737930e-01	4.884375e-01	4.978120e-01
11	11_1501898	1501898	0	G	T	0.250	-1.052473e+00	3.462082e+00	-9.655990e+01	1.000000e-05	1.000000e+05	7.639845e-01	2.962081e-01	3.129009e-01
11	11_1538971	1538971	0	T	C	0.292	-1.091356e+00	3.296926e+00	-9.540895e+01	1.000000e-05	1.000000e+05	7.437598e-01	6.547028e-02	8.909476e-02
12	12_11092	11092	0	A	G	0.458	5.202419e-01	3.012961e+00	-9.695658e+01	1.000000e-05	1.000000e+05	8.644911e-01	5.852499e-01	5.918831e-01
12	12_11094	11094	0	A	G	0.333	3.404213e+00	3.102999e+00	-9.631707e+01	1.000000e-05	1.000000e+05	2.844735e-01	2.092159e-01	2.297203e-01
12	12_11122	11122	0	C	G	0.458	4.553956e+00	3.313050e+00	-9.542781e+01	1.101503e-01	1.000000e+05	1.831114e-01	6.698621e-02	9.066005e-02
12	12_11170	11170	0	T	C	0.417	4.414607e+00	3.191823e+00	-9.593216e+01	7.262861e-02	1.000000e+05	1.805118e-01	1.255516e-01	1.490728e-01
12	12_11223	11223	0	G	C	0.208	1.021956e+00	3.692610e+00	-9.703273e+01	1.000000e-05	1.000000e+05	7.845502e-01	7.028458e-01	7.069278e-01
12	12_11400	11400	0	A	C	0.292	2.217283e+00	3.271070e+00	-9.703014e+01	1.000000e-05	1.000000e+05	5.049364e-01	6.978697e-01	7.020446e-01
12	12_11406	11406	0	A	G	0.292	2.217283e+00	3.271070e+00	-9.703014e+01	1.000000e-05	1.000000e+05	5.049364e-01	6.978697e-01	7.020446e-01
12	12_11407	11407	0	C	A	0.292	2.217283e+00	3.271070e+00	-9.703014e+01	1.000000e-05	1.000000e+05	5.049364e-01	6.978697e-01	7.020446e-01
12	12_11410	11410	0	C	T	0.292	2.217283e+00	3.271070e+00	-9.703014e+01	1.000000e-05	1.000000e+05	5.049364e-01	6.978697e-01	7.020446e-01
12	12_11413	11413	1	T	G	0.304	2.705314e+00	3.284790e+00	-9.688028e+01	1.000000e-05	1.000000e+05	4.190127e-01	5.021395e-01	5.110873e-01
12	12_13625	13625	0	G	A	0.625	-1.458290e+00	3.087477e+00	-9.695923e+01	1.000000e-05	1.000000e+05	6.413471e-01	5.886085e-01	5.951576e-01
12	12_13643	13643	0	G	A	0.625	-1.458290e+00	3.087477e+00	-9.695923e+01	1.000000e-05	1.000000e+05	6.413471e-01	5.886085e-01	5.951576e-01
12	12_13645	13645	0	A	G	0.625	-1.458290e+00	3.087477e+00	-9.695923e+01	1.000000e-05	1.000000e+05	6.413471e-01	5.886085e-01	5.951576e-01
12	12_13857	13857	1	A	G	0.174	-4.760625e-01	4.047300e+00	-9.709118e+01	1.000000e-05	1.000000e+05	9.074323e-01	8.656363e-01	8.672216e-01
12	12_13936	13936	0	C	T	0.208	1.501621e+00	3.685145e+00	-9.676395e+01	1.000000e-05	1.000000e+05	6.875938e-01	4.085302e-01	4.206566e-01
12	12_13979	13979	3	T	C	0.238	1.157808e+00	3.762492e+00	-9.683310e+01	1.000000e-05	1.000000e+05	7.611870e-01	4.604612e-01	4.707481e-01
12	12_14009	14009	1	C	T	0.348	6.456327e-02	3.221906e+00	-9.707139e+01	1.000000e-05	1.000000e+05	9.841930e-01	7.939705e-01	7.965409e-01
12	12_14035	14035	1	C	T	0.435	-1.023064e+00	3.087832e+00	-9.710462e+01	1.000000e-05	1.000000e+05	7.435373e-01	9.666845e-01	9.670619e-01
12	12_14096	14096	2	C	T	0.318	4.315482e+00	3.240593e+00	-9.576568e+01	1.000000e-05	1.000000e+05	1.965944e-01	1.016396e-01	1.255828e-01
12	12_14104	14104	2	C	T	0.318	4.371076e+00	3.237208e+00	-9.562904e+01	1.000000e-05	1.000000e+05	1.906606e-01	8.572335e-02	1.097142e-01
12	12_14114	14114	3	T	C	0.286	5.888573e+00	3.325858e+00	-9.454616e+01	1.000000e-05	1.000000e+05	9.049397e-02	2.366990e-02	4.307202e-02
12	12_14125	14125	1	A	G	0.174	5.114913e+00	3.898927e+00	-9.517348e+01	1.000000e-05	1.000000e+05	2.030868e-01	4.933218e-02	7.212050e-02
12	12_14197	14197	0	G	A	0.083	-3.936568e+00	5.370085e+00	-9.675496e+01	1.000000e-05	1.000000e+05	4.712643e-01	4.024292e-01	4.147839e-01
12	12_14202	14202	0	A	G	0.083	-3.936568e+00	5.370085e+00	-9.675496e+01	1.000000e-05	1.000000e+05	4.712643e-01	4.024292e-01	4.147839e-01
12	12_14301	14301	2	G	A	0.500	-1.412156e+00	3.123579e+00	-9.705253e+01	1.000000e-05	1.000000e+05	6.556262e-01	7.448464e-01	7.481891e-01
12	12_14318	14318	0	A	G	0.250	8.027186e-01	3.465028e+00	-9.707125e+01	1.000000e-05	1.000000e+05	8.189410e-01	7.935611e-01	7.961376e-01
12	12_14635	14635	0	G	A	0.250	4.923627e-02	3.469281e+00	-9.707643e+01	1.000000e-05	1.000000e+05	9.888047e-01	8.094963e-01	8.118405e-01
12	12_14741	14741	1	C	G	0.304	4.584545e-01	3.333581e+00	-9.702263e+01	1.000000e-05	1.000000e+05	8.918659e-01	6.839437e-01	6.883852e-01
12	12_14783	14783	2	A	G	0.091	4.954601e-01	5.456846e+00	-9.706213e+01	1.000000e-05	1.000000e+05	9.284763e-01	7.683965e-01	7.713576e-01
12	12_15014	15014	1	A	G	0.391	1.284027e+00	3.132333e+00	-9.700099e+01	1.000000e-05	1.000000e+05	6.858239e-01	6.475472e-01	6.527328e-01
12	12_19728	19728	0	A	G	0.167	1.079585e+00	4.024333e+00	-9.695710e+01	1.000000e-05	1.000000e+05	7.909952e-01	5.859134e-01	5.925298e-01
12	12_19741	19741	0	C	T	0.250	2.344508e+00	3.433058e+00	-9.653212e+01	1.000000e-05	1.000000e+05	5.017856e-01	2.842308e-01	3.014464e-01
12	12_22806	22806	0	T	C	0.250	-1.052473e+00	3.462082e+00	-9.655990e+01	1.000000e-05	1.000000e+05	7.639845e-01	2.962081e-01	3.129009e-01
12	12_259454	259454	0	A	G	0.167	-5.363714e+00	3.865318e+00	-9.401132e+01	1.000000e-05	1.000000e+05	1.791393e-01	1.285950e-02	2.903374e-02
12	12_315987	315987	0	T	C	0.333	1.607544e+00	3.168344e+00	-9.696773e+01	1.000000e-05	1.000000e+05	6.169392e-01	5.996545e-01	6.059321e-01
12	12_495113	495113	0	T	C	0.083	2.781742e+00	5.402872e+00	-9.702503e+01	1.000000e-05	1.000000e+05	6.117827e-01	6.883031e-01	6.926601e-01
12	12_502808	502808	2	A	G	0.455	3.304835e+00	3.071324e+00	-9.629551e+01	1.000000e-05	1.000000e+05	2.935733e-01	2.030959e-01	2.238600e-01
12	12_502864	502864	2	T	C	0.409	-3.007453e+00	3.126172e+00	-9.679680e+01	1.000000e-05	1.000000e+05	3.464929e-01	4.320234e-01	4.432943e-01
12	12_502865	502865	2	G	T	0.409	-3.007453e+00	3.126172e+00	-9.679680e+01	1.000000e-05	1.000000e+05	3.464929e-01	4.320234e-01	4.432943e-01
12	12_502882	502882	3	G	A	0.381	-6.356852e+00	3.016535e+00	-9.463175e+01	1.000000e-05	1.000000e+05	4.671453e-02	2.612864e-02	4.604279e-02
12	12_502888	502888	0	G	A	0.458	-6.847856e+00	2.637876e+00	-9.371439e+01	1.000000e-05	1.000000e+05	1.649192e-02	9.207109e-03	2.367795e-02
12	12_502890	502890	3	G	A	0.381	-4.654443e+00	3.154612e+00	-9.552196e+01	1.000000e-05	1.000000e+05	1.542634e-01	7.513788e-02	9.901065e-02
12	12_502909	502909	0	C	T	0.458	5.709798e+00	2.758266e+00	-9.376816e+01	1.000000e-05	1.000000e+05	5.038645e-02	9.779350e-03	2.455066e-02
12	12_502926	502926	3	G	C	0.429	-2.138749e+00	3.212990e+00	-9.673019e+01	1.000000e-05	1.000000e+05	5.125499e-01	3.862839e-01	3.992550e-01
12	12_502937	502937	2	C	T	0.455	2.316765e+00	3.112157e+00	-9.701915e+01	1.000000e-05	1.000000e+05	4.644979e-01	6.777481e-01	6.823114e-01
12	12_502942	502942	2	T	C	0.409	1.943596e+00	3.164229e+00	-9.695540e+01	1.000000e-05	1.000000e+05	5.453571e-01	5.837739e-01	5.904442e-01
12	12_502956	502956	1	A	G	0.348	3.842950e+00	3.116006e+00	-9.663924e+01	1.000000e-05	1.000000e+05	2.304816e-01	3.342157e-01	3.492860e-01
12	12_503049	503049	2	C	G	0.182	4.937544e-01	4.066690e+00	-9.710382e+01	1.000000e-05	1.000000e+05	9.044650e-01	9.538870e-01	9.544106e-01
12	12_503112	503112	4	G	A	0.250	1.387763e+00	3.788835e+00	-9.699651e+01	1.000000e-05	1.000000e+05	7.176572e-01	6.405979e-01	6.459338e-01
12	12_503171	503171	3	G	A	0.286	-2.247047e+00	3.522493e+00	-9.698350e+01	1.000000e-05	1.000000e+05	5.301141e-01	6.213465e-01	6.271129e-01
12	12_503254	503254	1	G	C	0.609	-2.329397e-01	3.143888e+00	-9.710390e+01	1.000000e-05	1.000000e+05	9.416061e-01	9.550552e-01	9.555654e-01
12	12_503293	503293	2	A	C	0.455	-2.840705e-02	3.151101e+00	-9.708079e+01	1.000000e-05	1.000000e+05	9.928884e-01	8.241258e-01	8.262639e-01
12	12_503311	503311	2	C	A	0.545	1.204631e+00	3.140622e+00	-9.709897e+01	1.000000e-05	1.000000e+05	7.049828e-01	9.091006e-01	9.101483e-01
12	12_503313	503313	2	T	A	0.545	1.204624e+00	3.140619e+00	-9.707679e+01	1.000000e-05	1.000000e+05	7.049844e-01	8.106402e-01	8.129681e-01
12	12_503321	503321	2	C	T	0.500	1.918983e+00	3.111269e+00	-9.703656e+01	1.000000e-05	1.000000e+05	5.437075e-01	7.104085e-01	7.143514e-01
12	12_503327	503327	1	A	C	0.435	3.124113e+00	3.023014e+00	-9.678790e+01	1.000000e-05	1.000000e+05	3.126240e-01	4.254640e-01	4.369699e-01
12	12_503356	503356	0	A	C	0.333	1.874407e+00	3.161552e+00	-9.674823e+01	1.000000e-05	1.000000e+05	5.593104e-01	3.979472e-01	4.104714e-01
12	12_503357	503357	0	T	G	0.375	4.263249e+00	2.966888e+00	-9.550879e+01	1.000000e-05	1.000000e+05	1.648048e-01	7.393607e-02	9.778602e-02
12	12_503364	503364	0	T	C	0.333	5.771489e+00	2.939561e+00	-9.487449e+01	1.000000e-05	1.000000e+05	6.236507e-02	3.465694e-02	5.596442e-02
12	12_503366	503366	1	C	T	0.348	5.446378e+00	3.005407e+00	-9.501451e+01	1.000000e-05	1.000000e+05	8.362866e-02	4.085659e-02	6.290117e-02
12	12_503401	503401	0	A	G	0.292	2.982055e-01	3.304412e+00	-9.710099e+01	1.000000e-05	1.000000e+05	9.289094e-01	9.244406e-01	9.253061e-01
12	12_503416	503416	0	G	A	0.167	2.788962e+00	3.986805e+00	-9.662369e+01	1.000000e-05	1.000000e+05	4.915407e-01	3.262828e-01	3.416863e-01
12	12_503422	503422	0	T	G	0.125	3.682715e+00	4.473940e+00	-9.661000e+01	1.000000e-05	1.000000e+05	4.192576e-01	3.195038e-01	3.351945e-01
12	12_503453	503453	0	T	C	0.125	4.900954e+00	4.420514e+00	-9.595064e+01	1.000000e-05	1.000000e+05	2.795399e-01	1.285689e-01	1.520149e-01
12	12_537923	537923	0	G	A	0.417	8.120214e-01	3.042157e+00	-9.706632e+01	1.000000e-05	1.000000e+05	7.920146e-01	7.795651e-01	7.823526e-01
12	12_704606	704606	0	A	G	0.250	-1.052473e+00	3.462082e+00	-9.655990e+01	1.000000e-05	1.000000e+05	7.639845e-01	2.962081e-01	3.129009e-01
13	13_11108	11108	0	C	T	0.125	5.153920e+00	4.407401e+00	-9.567499e+01	1.000000e-05	1.000000e+05	2.547653e-01	9.075051e-02	1.147520e-01
13	13_11118	11118	0	T	C	0.208	-2.590750e+00	3.657540e+00	-9.664649e+01	1.000000e-05	1.000000e+05	4.861776e-01	3.380028e-01	3.529151e-01
13	13_11130	11130	0	A	G	0.208	-3.300299e+00	3.631473e+00	-9.607908e+01	1.000000e-05	1.000000e+05	3.733022e-01	1.519248e-01	1.746710e-01
13	13_52884	52884	0	A	G	0.167	-5.855127e+00	3.832742e+00	-9.505481e+01	1.000000e-05	1.000000e+05	1.408477e-01	4.284892e-02	6.509272e-02
13	13_111766	111766	0	G	A	0.333	1.607544e+00	3.168344e+00	-9.696773e+01	1.000000e-05	1.000000e+05	6.169392e-01	5.996545e-01	6.059321e-01
13	13_128625	128625	6	A	G	0.444	7.016123e-01	3.487664e+00	-9.704848e+01	1.000000e-05	1.000000e+05	8.424142e-01	7.356208e-01	7.391192e-01
13	13_128715	128715	3	G	A	0.333	-1.220163e+00	3.396785e+00	-9.708232e+01	1.000000e-05	1.000000e+05	7.228619e-01	8.295711e-01	8.316341e-01
13	13_128729	128729	3	G	A	0.286	-3.626994e-01	3.554078e+00	-9.710548e+01	1.000000e-05	1.000000e+05	9.196401e-01	9.958086e-01	9.958559e-01
13	13_162462	162462	0	A	G	0.167	-3.215510e-01	4.030321e+00	-9.706787e+01	1.000000e-05	1.000000e+05	9.371312e-01	7.838431e-01	7.865654e-01
13	13_219021	219021	3	C	T	0.190	-3.746828e+00	4.010987e+00	-9.658658e+01	1.000000e-05	1.000000e+05	3.603715e-01	3.083301e-01	3.244988e-01
13	13_219311	219311	0	A	T	0.208	5.804481e+00	3.485873e+00	-9.563564e+01	1.000000e-05	1.000000e+05	1.100624e-01	8.642640e-02	1.104203e-01
13	13_219312	219312	0	A	G	0.167	4.682335e+00	3.905338e+00	-9.648324e+01	1.000000e-05	1.000000e+05	2.432996e-01	2.646052e-01	2.826844e-01
13	13_365348	365348	0	T	C	0.625	-1.458290e+00	3.087477e+00	-9.695923e+01	1.000000e-05	1.000000e+05	6.413471e-01	5.886085e-01	5.951576e-01
13	13_436539	436539	0	G	A	0.333	1.607544e+00	3.168344e+00	-9.696773e+01	1.000000e-05	1.000000e+05	6.169392e-01	5.996545e-01	6.059321e-01
13	13_436551	436551	0	C	G	0.333	1.607544e+00	3.168344e+00	-9.696773e+01	1.000000e-05	1.000000e+05	6.169392e-01	5.996545e-01	6.059321e-01
13	13_436554	436554	0	T	C	0.333	1.607544e+00	3.168344e+00	-9.696773e+01	1.000000e-05	1.000000e+05	6.169392e-01	5.996545e-01	6.059321e-01
13	13_511459	511459	0	T	C	0.333	1.607544e+00	3.168344e+00	-9.696773e+01	1.000000e-05	1.000000e+05	6.169392e-01	5.996545e-01	6.059321e-01
13	13_548791	548791	0	T	C	0.083	2.781742e+00	5.402872e+00	-9.702503e+01	1.000000e-05	1.000000e+05	6.117827e-01	6.883031e-01	6.926601e-01
13	13_655915	655915	0	A	G	0.417	-1.760075e+00	3.023880e+00	-9.704788e+01	1.000000e-05	1.000000e+05	5.664449e-01	7.342821e-01	7.378034e-01
13	13_723038	723038	0	G	A	0.292	-1.091356e+00	3.296926e+00	-9.540895e+01	1.000000e-05	1.000000e+05	7.437598e-01	6.547028e-02	8.909476e-02
13	13_742766	742766	3	G	A	0.238	-2.652018e+00	3.727929e+00	-9.566050e+01	1.000000e-05	1.000000e+05	4.843169e-01	8.913195e-02	1.131329e-01
13	13_742771	742771	0	C	A	0.292	5.216491e-01	3.303148e+00	-9.701942e+01	1.000000e-05	1.000000e+05	8.759566e-01	6.782085e-01	6.827627e-01
13	13_746053	746053	0	G	A	0.083	1.167125e+01	4.832260e+00	-9.378398e+01	1.000000e-05	1.000000e+05	2.447758e-02	9.954531e-03	2.481497e-02
13	13_748576	748576	0	C	G	0.333	1.607544e+00	3.168344e+00	-9.696773e+01	1.000000e-05	1.000000e+05	6.169392e-01	5.996545e-01	6.059321e-01
14	14_23327	23327	0	C	T	0.333	1.607544e+00	3.168344e+00	-9.696773e+01	1.000000e-05	1.000000e+05	6.169392e-01	5.996545e-01	6.059321e-01
14	14_68046	68046	0	A	G	0.333	1.607544e+00	3.168344e+00	-9.696773e+01	1.000000e-05	1.000000e+05	6.169392e-01	5.996545e-01	6.059321e-01
14	14_149196	149196	0	A	G	0.083	2.781742e+00	5.402872e+00	-9.702503e+01	1.000000e-05	1.000000e+05	6.117827e-01	6.883031e-01	6.926601e-01
14	14_155590	155590	0	T	C	0.208	-3.451837e+00	3.625074e+00	-9.613826e+01	1.000000e-05	1.000000e+05	3.513351e-01	1.642703e-01	1.865813e-01
14	14_231768	231768	0	A	G	0.083	2.781742e+00	5.402872e+00	-9.702503e+01	1.000000e-05	1.000000e+05	6.117827e-01	6.883031e-01	6.926601e-01
14	14_271762	271762	0	T	C	0.333	1.607544e+00	3.168344e+00	-9.696773e+01	1.000000e-05	1.000000e+05	6.169392e-01	5.996545e-01	6.059321e-01
14	14_342562	342562	0	T	G	0.625	1.666295e+00	3.082588e+00	-9.710185e+01	1.000000e-05	1.000000e+05	5.942483e-01	9.320159e-01	9.327925e-01
14	14_351837	351837	0	G	T	0.083	2.053939e+00	5.417641e+00	-9.682856e+01	1.000000e-05	1.000000e+05	7.082328e-01	4.567417e-01	4.671541e-01
14	14_383626	383626	0	A	G	0.583	8.619977e-01	3.041615e+00	-9.572570e+01	1.000000e-05	1.000000e+05	7.795190e-01	9.667352e-02	1.206560e-01
14	14_555698	555698	0	G	A	0.333	1.607544e+00	3.168344e+00	-9.696773e+01	1.000000e-05	1.000000e+05	6.169392e-01	5.996545e-01	6.059321e-01
14	14_558889	558889	0	T	C	0.333	1.607544e+00	3.168344e+00	-9.696773e+01	1.000000e-05	1.000000e+05	6.169392e-01	5.996545e-01	6.059321e-01
14	14_612687	612687	0	T	C	0.292	-1.091356e+00	3.296926e+00	-9.540895e+01	1.000000e-05	1.000000e+05	7.437598e-01	6.547028e-02	8.909476e-02
14	14_618816	618816	0	G	T	0.333	1.607544e+00	3.168344e+00	-9.696773e+01	1.000000e-05	1.000000e+05	6.169392e-01	5.996545e-01	6.059321e-01
14	14_716719	716719	0	T	C	0.333	1.607544e+00	3.168344e+00	-9.696773e+01	1.000000e-05	1.000000e+05	6.169392e-01	5.996545e-01	6.059321e-01
14	14_773166	773166	0	T	C	0.208	5.216331e-01	3.697424e+00	-9.699493e+01	1.000000e-05	1.000000e+05	8.890905e-01	6.381821e-01	6.435708e-01
14	14_852745	852745	0	T	G	0.583	8.619977e-01	3.041615e+00	-9.572570e+01	1.000000e-05	1.000000e+05	7.795190e-01	9.667352e-02	1.206560e-01
14	14_908850	908850	0	A	G	0.583	-2.099507e+00	3.014020e+00	-9.702449e+01	1.000000e-05	1.000000e+05	4.933605e-01	6.873297e-01	6.917055e-01
14	14_908994	908994	1	C	T	0.130	-1.013384e+00	4.551359e+00	-9.710494e+01	1.000000e-05	1.000000e+05	8.258581e-01	9.734768e-01	9.737770e-01
14	14_909011	909011	1	T	C	0.130	-1.013384e+00	4.551359e+00	-9.710494e+01	1.000000e-05	1.000000e+05	8.258581e-01	9.734768e-01	9.737770e-01
14	14_909450	909450	0	G	T	0.208	-7.132155e+00	3.372020e+00	-9.404270e+01	1.000000e-05	1.000000e+05	4.598060e-02	1.332393e-02	2.968378e-02
14	14_909472	909472	1	G	T	0.304	6.124004e-02	3.334980e+00	-9.702792e+01	1.000000e-05	1.000000e+05	9.855148e-01	6.936720e-01	6.979263e-01
14	14_909504	909504	2	T	G	0.273	-3.395627e+00	3.447860e+00	-9.582207e+01	1.000000e-05	1.000000e+05	3.354055e-01	1.091251e-01	1.329741e-01
14	14_909638	909638	1	T	C	0.696	1.926927e+00	3.309611e+00	-9.667298e+01	1.000000e-05	1.000000e+05	5.663369e-01	3.523381e-01	3.666596e-01
14	14_909661	909661	0	A	G	0.667	3.483825e+00	3.098949e+00	-9.597078e+01	1.000000e-05	1.000000e+05	2.730473e-01	1.319484e-01	1.553056e-01
14	14_909704	909704	0	A	G	0.583	1.239098e+00	3.035604e+00	-9.709020e+01	1.000000e-05	1.000000e+05	6.870810e-01	8.611784e-01	8.628211e-01
14	14_910040	910040	2	A	G	0.409	-3.047001e+00	3.124427e+00	-9.692863e+01	1.000000e-05	1.000000e+05	3.400536e-01	5.520193e-01	5.595227e-01
14	14_910103	910103	1	A	G	0.435	-7.753621e-01	3.091107e+00	-9.701023e+01	1.000000e-05	1.000000e+05	8.042685e-01	6.624810e-01	6.673528e-01
14	14_910152	910152	1	A	G	0.348	-2.562154e+00	3.175280e+00	-9.708127e+01	1.000000e-05	1.000000e+05	4.283581e-01	8.258129e-01	8.279276e-01
14	14_910181	910181	1	G	A	0.391	3.265651e-01	3.143507e+00	-9.691303e+01	1.000000e-05	1.000000e+05	9.182014e-01	5.349835e-01	5.429612e-01
14	14_910258	910258	1	G	T	0.435	4.083077e+00	2.970614e+00	-9.633978e+01	1.000000e-05	1.000000e+05	1.831303e-01	2.158992e-01	2.361169e-01
14	14_910323	910323	1	T	C	0.348	2.365822e+00	3.182199e+00	-9.709994e+01	1.000000e-05	1.000000e+05	4.650725e-01	9.161225e-01	9.170865e-01
14	14_910328	910328	1	G	A	0.391	3.506465e+00	3.054114e+00	-9.685111e+01	1.000000e-05	1.000000e-05	2.632537e-01	4.756732e-01	5.047742e-01
14	14_910510	910510	1	A	G	0.391	-1.463126e+00	3.128761e+00	-9.647014e+01	1.000000e-05	1.000000e+05	6.446430e-01	2.596343e-01	2.779331e-01
14	14_910555	910555	1	C	T	0.348	1.663471e+00	3.202343e+00	-9.710122e+01	1.000000e-05	1.000000e+05	6.086310e-01	9.263559e-01	9.271989e-01
14	14_910742	910742	0	A	G	0.250	-1.043508e+00	3.462111e+00	-9.709816e+01	1.000000e-05	1.000000e+05	7.659338e-01	9.036249e-01	9.047385e-01
14	14_910822	910822	0	G	A	0.208	-1.092701e+00	3.691667e+00	-9.701451e+01	1.000000e-05	1.000000e+05	7.700128e-01	6.696978e-01	6.744222e-01
14	14_910834	910834	1	T	A	0.130	-4.911559e-01	4.555292e+00	-9.710485e+01	1.000000e-05	1.000000e+05	9.151150e-01	9.715523e-01	9.718742e-01
14	14_910926	910926	3	G	A	0.381	-4.777808e+00	3.146214e+00	-9.609785e+01	1.000000e-05	1.000000e+05	1.431068e-01	1.557233e-01	1.783395e-01
14	14_910939	910939	3	C	A	0.524	1.293333e+00	3.203702e+00	-9.702077e+01	1.000000e-05	1.000000e+05	6.903307e-01	6.806082e-01	6.851150e-01
14	14_910964	910964	1	G	A	0.478	-1.370193e+00	3.058066e+00	-9.709591e+01	1.000000e-05	1.000000e+05	6.584922e-01	8.899097e-01	8.911905e-01
14	14_910966	910966	0	T	C	0.458	-9.804646e-01	3.007693e+00	-9.708836e+01	1.000000e-05	1.000000e+05	7.475157e-01	8.531738e-01	8.549205e-01
14	14_910979	910979	1	A	G	0.478	-1.968852e+00	3.043175e+00	-9.668870e+01	1.000000e-05	1.000000e+05	5.243430e-01	3.612364e-01	3.751971e-01
14	14_911099	911099	2	A	G	0.455	4.108036e-01	3.149884e+00	-9.702279e+01	1.000000e-05	1.000000e+05	8.974204e-01	6.842329e-01	6.886688e-01
14	14_911129	911129	0	T	C	0.542	3.514720e+00	2.920345e+00	-9.595106e+01	1.000000e-05	1.000000e+05	2.415628e-01	1.286377e-01	1.520819e-01
14	14_911206	911206	0	G	A	0.375	2.054275e+00	3.071938e+00	-9.707610e+01	1.000000e-05	1.000000e+05	5.106288e-01	8.084332e-01	8.107927e-01
14	14_911262	911262	1	A	C	0.348	5.064947e+00	3.035625e+00	-9.596098e+01	1.000000e-05	1.000000e+05	1.093876e-01	1.302921e-01	1.536934e-01
14	14_911292	911292	2	A	G	0.318	2.808268e+00	3.315048e+00	-9.674222e+01	1.000000e-05	1.000000e+05	4.060457e-01	3.940041e-01	4.066783e-01
14	14_911297	911297	3	A	C	0.333	3.969147e+00	3.299973e+00	-9.624422e+01	1.000000e-05	1.000000e+05	2.418460e-01	1.893669e-01	2.107011e-01
14	14_911308	911308	0	C	T	0.292	2.663834e+00	3.255885e+00	-9.707825e+01	1.000000e-05	1.000000e+05	4.220397e-01	8.154580e-01	8.177175e-01
14	14_911314	911314	0	A	G	0.167	2.009919e+00	4.008064e+00	-9.704423e+01	1.000000e-05	1.000000e+05	6.210225e-01	7.263239e-01	7.299830e-01
14	14_911321	911321	2	G	A	0.273	3.528517e+00	3.441792e+00	-9.674642e+01	1.000000e-05	1.000000e+05	3.164112e-01	3.967535e-01	4.093230e-01
14	14_911352	911352	3	G	A	0.381	-2.052383e-02	3.306998e+00	-9.692106e+01	1.000000e-05	1.000000e+05	9.951041e-01	5.436293e-01	5.513638e-01
14	14_911375	911375	1	G	A	0.391	3.407479e+00	3.059208e+00	-9.635157e+01	1.000000e-05	1.000000e+05	2.773681e-01	2.194698e-01	2.395332e-01
14	14_911385	911385	1	G	A	0.478	2.770967e+00	3.014663e+00	-9.641170e+01	1.000000e-05	1.000000e+05	3.679789e-01	2.388128e-01	2.580306e-01
14	14_911414	911414	3	G	A	0.238	5.167377e+00	3.606027e+00	-9.642549e+01	1.000000e-05	1.000000e+05	1.659211e-01	2.435360e-01	2.625458e-01
14	14_924025	924025	0	T	C	0.417	1.705093e+00	3.025359e+00	-9.660645e+01	1.000000e-05	1.000000e+05	5.787263e-01	3.177756e-01	3.335399e-01
14	14_924047	924047	0	C	A	0.500	4.548424e-01	3.002931e+00	-9.693273e+01	1.000000e-05	1.000000e+05	8.809884e-01	5.566618e-01	5.640393e-01
14	14_924049	924049	0	T	A	0.500	4.548424e-01	3.002931e+00	-9.693273e+01	1.000000e-05	1.000000e+05	8.809884e-01	5.566618e-01	5.640393e-01
14	14_924050	924050	0	C	G	0.500	4.548424e-01	3.002931e+00	-9.693273e+01	1.000000e-05	1.000000e+05	8.809884e-01	5.566618e-01	5.640393e-01
14	14_924059	924059	0	T	C	0.458	6.833487e-01	3.011466e+00	-9.709078e+01	1.000000e-05	1.000000e+05	8.225846e-01	8.637978e-01	8.654068e-01
14	14_924128	924128	0	G	A	0.333	-2.289706e+00	3.149151e+00	-9.579147e+01	1.000000e-05	1.000000e+05	4.748395e-01	1.049918e-01	1.288977e-01
14	14_924776	924776	0	A	G	0.375	3.151308e-01	3.102328e+00	-9.701813e+01	1.000000e-05	1.000000e+05	9.200111e-01	6.759498e-01	6.805488e-01
14	14_924866	924866	0	G	A	0.292	2.807899e+00	3.250378e+00	-9.688805e+01	1.000000e-05	1.000000e+05	3.969812e-01	5.096061e-01	5.183268e-01
14	14_925085	925085	0	G	A	0.125	-6.062678e+00	4.354536e+00	-9.533918e+01	1.000000e-05	1.000000e+05	1.777562e-01	6.017251e-02	8.358950e-02
