chr	rs	ps	n_miss	allele1	allele0	af	beta	se	logl_H1	l_remle	l_mle	p_wald	p_lrt	p_score
1	1_44747	44747	0	C	G	0.250	4.864327e-01	1.183494e-01	-1.204218e+01	5.622110e-02	1.000000e+05	4.610387e-04	6.966719e-05	2.548720e-03
1	1_44753	44753	1	G	A	0.261	4.786194e-01	1.199985e-01	-1.194435e+01	1.000000e-05	1.000000e+05	6.202180e-04	6.282546e-05	2.460365e-03
1	1_44785	44785	1	G	A	0.174	4.272582e-01	1.581230e-01	-1.576225e+01	1.000000e-05	1.000000e+05	1.301821e-02	3.794321e-03	1.431816e-02
1	1_47564	47564	0	G	A	0.417	-4.046975e-02	1.370729e-01	-1.946625e+01	1.000000e-05	1.000000e+05	7.705770e-01	3.242523e-01	3.397416e-01
1	1_47575	47575	1	G	A	0.435	-5.097096e-02	1.391042e-01	-1.967677e+01	1.000000e-05	1.000000e+05	7.175499e-01	4.580424e-01	4.684108e-01
1	1_47671	47671	2	G	A	0.409	-4.029872e-02	1.435857e-01	-1.988263e+01	1.000000e-05	1.000000e+05	7.815938e-01	7.093214e-01	7.132842e-01
1	1_47684	47684	2	C	G	0.455	-6.322232e-02	1.413920e-01	-1.964168e+01	1.000000e-05	1.000000e+05	6.591437e-01	4.307284e-01	4.420455e-01
1	1_47686	47686	2	A	G	0.455	-6.322232e-02	1.413920e-01	-1.964168e+01	1.000000e-05	1.000000e+05	6.591437e-01	4.307284e-01	4.420455e-01
1	1_101060	101060	0	T	C	0.083	-1.305333e-01	2.434064e-01	-1.995204e+01	1.000000e-05	1.000000e+05	5.971485e-01	9.905102e-01	9.906174e-01
1	1_170985	170985	0	A	G	0.083	-1.305333e-01	2.434064e-01	-1.995204e+01	1.000000e-05	1.000000e+05	5.971485e-01	9.905102e-01	9.906174e-01
1	1_291990	291990	1	T	G	0.348	-2.215312e-02	2.582419e-01	-1.993363e+01	3.482540e-01	1.000000e+05	9.324137e-01	8.475521e-01	8.493728e-01
1	1_309593	309593	2	A	G	0.364	-3.470320e-02	1.468319e-01	-1.991933e+01	1.000000e-05	1.000000e+05	8.153504e-01	7.979204e-01	8.004325e-01
1	1_363954	363954	0	A	G	0.208	-1.818692e-01	1.813912e-01	-1.947083e+01	5.941541e-02	1.000000e+05	3.269381e-01	3.265433e-01	3.419358e-01
1	1_477160	477160	0	A	C	0.167	-1.435875e-01	1.790924e-01	-1.828576e+01	1.000000e-05	1.000000e+05	4.312722e-01	6.791516e-02	9.161719e-02
1	1_606536	606536	0	A	G	0.083	-1.305333e-01	2.434064e-01	-1.995204e+01	1.000000e-05	1.000000e+05	5.971485e-01	9.905102e-01	9.906174e-01
1	1_743295	743295	0	T	C	0.083	-1.305333e-01	2.434064e-01	-1.995204e+01	1.000000e-05	1.000000e+05	5.971485e-01	9.905102e-01	9.906174e-01
1	1_807596	807596	0	T	C	0.083	-1.305333e-01	2.434064e-01	-1.995204e+01	1.000000e-05	1.000000e+05	5.971485e-01	9.905102e-01	9.906174e-01
1	1_927896	927896	0	C	T	0.208	-1.818692e-01	1.813912e-01	-1.947083e+01	5.941541e-02	1.000000e+05	3.269381e-01	3.265433e-01	3.419358e-01
1	1_927901	927901	0	C	A	0.208	-1.818692e-01	1.813912e-01	-1.947083e+01	5.941541e-02	1.000000e+05	3.269381e-01	3.265433e-01	3.419358e-01
1	1_944973	944973	0	G	C	0.333	5.800202e-03	2.600342e-01	-1.994901e+01	3.644534e-01	1.000000e+05	9.824053e-01	9.372522e-01	9.379679e-01
1	1_971811	971811	1	G	T	0.087	-8.705061e-02	2.447725e-01	-1.988576e+01	1.000000e-05	1.000000e+05	7.254984e-01	7.156589e-01	7.195069e-01
1	1_975012	975012	0	C	T	0.125	-1.367478e-01	2.026540e-01	-1.976999e+01	1.000000e-05	1.000000e+05	5.068429e-01	5.461640e-01	5.538282e-01
1	1_975152	975152	3	T	C	0.333	-2.051222e-01	1.471962e-01	-1.850881e+01	1.000000e-05	1.000000e+05	1.773795e-01	8.931890e-02	1.133200e-01
1	1_975212	975212	0	C	T	0.375	-1.914472e-01	1.337761e-01	-1.894522e+01	1.000000e-05	1.000000e+05	1.664539e-01	1.558764e-01	1.784873e-01
1	1_975397	975397	2	T	C	0.409	3.998230e-02	1.435896e-01	-1.991510e+01	1.000000e-05	1.000000e+05	7.832686e-01	7.855634e-01	7.882597e-01
1	1_975445	975445	2	T	C	0.273	-1.794818e-01	1.541185e-01	-1.925876e+01	1.000000e-05	1.000000e+05	2.566665e-01	2.389622e-01	2.581735e-01
1	1_975457	975457	2	A	G	0.318	9.795666e-03	1.518252e-01	-1.979081e+01	1.000000e-05	1.000000e+05	9.491393e-01	5.700542e-01	5.770764e-01
1	1_975510	975510	1	T	C	0.130	2.411717e-01	1.988386e-01	-1.894820e+01	1.000000e-05	1.000000e+05	2.380310e-01	1.564905e-01	1.790800e-01
1	1_1065714	1065714	0	G	A	0.208	-1.818692e-01	1.813912e-01	-1.947083e+01	5.941541e-02	1.000000e+05	3.269381e-01	3.265433e-01	3.419358e-01
1	1_1317098	1317098	0	T	C	0.625	2.069725e-02	1.397993e-01	-1.986667e+01	1.000000e-05	1.000000e+05	8.836521e-01	6.793271e-01	6.838592e-01
1	1_1354376	1354376	0	A	G	0.333	5.800202e-03	2.600342e-01	-1.994901e+01	3.644534e-01	1.000000e+05	9.824053e-01	9.372522e-01	9.379679e-01
1	1_1471243	1471243	0	T	C	0.333	5.800202e-03	2.600342e-01	-1.994901e+01	3.644534e-01	1.000000e+05	9.824053e-01	9.372522e-01	9.379679e-01
1	1_1509932	1509932	0	A	C	0.292	2.478753e-02	1.488817e-01	-1.909843e+01	1.000000e-05	1.000000e+05	8.692909e-01	1.913277e-01	2.125818e-01
1	1_1509935	1509935	0	G	C	0.292	2.478753e-02	1.488817e-01	-1.909843e+01	1.000000e-05	1.000000e+05	8.692909e-01	1.913277e-01	2.125818e-01
1	1_1509940	1509940	0	G	C	0.292	2.478753e-02	1.488817e-01	-1.909843e+01	1.000000e-05	1.000000e+05	8.692909e-01	1.913277e-01	2.125818e-01
1	1_1581524	1581524	1	A	G	0.217	-1.595403e-01	1.642063e-01	-1.968594e+01	1.000000e-05	1.000000e+05	3.418190e-01	4.656277e-01	4.757420e-01
1	1_1583615	1583615	0	C	T	0.333	5.800202e-03	2.600342e-01	-1.994901e+01	3.644534e-01	1.000000e+05	9.824053e-01	9.372522e-01	9.379679e-01
1	1_1943622	1943622	0	G	A	0.333	5.800202e-03	2.600342e-01	-1.994901e+01	3.644534e-01	1.000000e+05	9.824053e-01	9.372522e-01	9.379679e-01
1	1_2108016	2108016	0	G	C	0.292	2.478753e-02	1.488817e-01	-1.909843e+01	1.000000e-05	1.000000e+05	8.692909e-01	1.913277e-01	2.125818e-01
1	1_2194658	2194658	0	A	G	0.083	-1.305333e-01	2.434064e-01	-1.995204e+01	1.000000e-05	1.000000e+05	5.971485e-01	9.905102e-01	9.906174e-01
1	1_2205937	2205937	0	G	C	0.333	5.800202e-03	2.600342e-01	-1.994901e+01	3.644534e-01	1.000000e+05	9.824053e-01	9.372522e-01	9.379679e-01
2	2_71426	71426	0	T	C	0.333	5.800202e-03	2.600342e-01	-1.994901e+01	3.644534e-01	1.000000e+05	9.824053e-01	9.372522e-01	9.379679e-01
2	2_140257	140257	0	G	A	0.333	5.800202e-03	2.600342e-01	-1.994901e+01	3.644534e-01	1.000000e+05	9.824053e-01	9.372522e-01	9.379679e-01
2	2_150696	150696	0	T	C	0.333	5.800202e-03	2.600342e-01	-1.994901e+01	3.644534e-01	1.000000e+05	9.824053e-01	9.372522e-01	9.379679e-01
2	2_270700	270700	2	T	C	0.364	-1.431518e-01	1.438152e-01	-1.912989e+01	1.000000e-05	1.000000e+05	3.303711e-01	1.997171e-01	2.206233e-01
2	2_270799	270799	4	A	G	0.150	6.170091e-01	1.607709e-01	-1.465198e+01	1.000000e-05	1.000000e+05	8.950190e-04	1.130716e-03	7.800444e-03
2	2_270855	270855	0	G	A	0.458	1.154554e-01	1.336480e-01	-1.954989e+01	1.000000e-05	1.000000e+05	3.969766e-01	3.697682e-01	3.833874e-01
2	2_270969	270969	1	T	G	0.435	1.336748e-01	1.365863e-01	-1.950148e+01	1.000000e-05	1.000000e+05	3.383767e-01	3.424453e-01	3.571733e-01
2	2_270970	270970	1	T	A	0.435	1.336748e-01	1.365863e-01	-1.950148e+01	1.000000e-05	1.000000e+05	3.383767e-01	3.424453e-01	3.571733e-01
2	2_270971	270971	1	C	A	0.435	1.336748e-01	1.365863e-01	-1.950148e+01	1.000000e-05	1.000000e+05	3.383767e-01	3.424453e-01	3.571733e-01
2	2_270994	270994	0	A	G	0.458	1.154555e-01	1.336481e-01	-1.975761e+01	1.000000e-05	1.000000e+05	3.969768e-01	5.328301e-01	5.408691e-01
2	2_294465	294465	1	G	A	0.174	-1.511427e-01	1.796168e-01	-1.962274e+01	1.000000e-05	1.000000e+05	4.091367e-01	4.170080e-01	4.288213e-01
2	2_508674	508674	0	G	A	0.333	5.800202e-03	2.600342e-01	-1.994901e+01	3.644534e-01	1.000000e+05	9.824053e-01	9.372522e-01	9.379679e-01
2	2_595266	595266	0	A	G	0.333	5.800202e-03	2.600342e-01	-1.994901e+01	3.644534e-01	1.000000e+05	9.824053e-01	9.372522e-01	9.379679e-01
2	2_697983	697983	0	A	G	0.583	-2.912897e-01	1.991976e-01	-1.926780e+01	4.561781e-01	1.000000e+05	1.577941e-01	2.420501e-01	2.611254e-01
2	2_774357	774357	0	A	C	0.333	5.800202e-03	2.600342e-01	-1.994901e+01	3.644534e-01	1.000000e+05	9.824053e-01	9.372522e-01	9.379679e-01
2	2_820645	820645	0	T	A	0.333	5.800202e-03	2.600342e-01	-1.994901e+01	3.644534e-01	1.000000e+05	9.824053e-01	9.372522e-01	9.379679e-01
2	2_963693	963693	0	T	G	0.292	2.478753e-02	1.488817e-01	-1.909843e+01	1.000000e-05	1.000000e+05	8.692909e-01	1.913277e-01	2.125818e-01
2	2_983795	983795	0	G	C	0.583	-2.912897e-01	1.991976e-01	-1.926780e+01	4.561781e-01	1.000000e+05	1.577941e-01	2.420501e-01	2.611254e-01
2	2_1088064	1088064	0	T	C	0.083	-1.305333e-01	2.434064e-01	-1.995204e+01	1.000000e-05	1.000000e+05	5.971485e-01	9.905102e-01	9.906174e-01
2	2_1162362	1162362	0	G	C	0.333	5.800202e-03	2.600342e-01	-1.994901e+01	3.644534e-01	1.000000e+05	9.824053e-01	9.372522e-01	9.379679e-01
2	2_1225303	1225303	0	A	G	0.583	-2.912897e-01	1.991976e-01	-1.926780e+01	4.561781e-01	1.000000e+05	1.577941e-01	2.420501e-01	2.611254e-01
2	2_1406556	1406556	0	G	A	0.333	5.800202e-03	2.600342e-01	-1.994901e+01	3.644534e-01	1.000000e+05	9.824053e-01	9.372522e-01	9.379679e-01
2	2_1519281	1519281	0	T	C	0.333	5.800202e-03	2.600342e-01	-1.994901e+01	3.644534e-01	1.000000e+05	9.824053e-01	9.372522e-01	9.379679e-01
3	3_61845	61845	0	G	T	0.333	5.800202e-03	2.600342e-01	-1.994901e+01	3.644534e-01	1.000000e+05	9.824053e-01	9.372522e-01	9.379679e-01
3	3_83036	83036	0	T	C	0.333	5.800202e-03	2.600342e-01	-1.994901e+01	3.644534e-01	1.000000e+05	9.824053e-01	9.372522e-01	9.379679e-01
3	3_84476	84476	0	T	C	0.333	5.800202e-03	2.600342e-01	-1.994901e+01	3.644534e-01	1.000000e+05	9.824053e-01	9.372522e-01	9.379679e-01
3	3_97584	97584	0	G	T	0.083	-1.305333e-01	2.434064e-01	-1.995204e+01	1.000000e-05	1.000000e+05	5.971485e-01	9.905102e-01	9.906174e-01
3	3_189938	189938	0	T	C	0.083	-1.305333e-01	2.434064e-01	-1.995204e+01	1.000000e-05	1.000000e+05	5.971485e-01	9.905102e-01	9.906174e-01
3	3_207299	207299	1	A	G	0.130	-1.435853e-01	2.030850e-01	-1.985583e+01	1.000000e-05	1.000000e+05	4.869756e-01	6.608048e-01	6.657112e-01
3	3_288811	288811	0	T	C	0.125	-1.367489e-01	2.026546e-01	-1.969354e+01	1.000000e-05	1.000000e+05	5.068405e-01	4.720683e-01	4.819700e-01
3	3_296203	296203	0	G	A	0.208	-1.818692e-01	1.813912e-01	-1.947083e+01	5.941541e-02	1.000000e+05	3.269381e-01	3.265433e-01	3.419358e-01
3	3_354680	354680	0	C	T	0.333	5.800202e-03	2.600342e-01	-1.994901e+01	3.644534e-01	1.000000e+05	9.824053e-01	9.372522e-01	9.379679e-01
3	3_401715	401715	0	T	C	0.333	5.800202e-03	2.600342e-01	-1.994901e+01	3.644534e-01	1.000000e+05	9.824053e-01	9.372522e-01	9.379679e-01
3	3_449970	449970	0	T	C	0.292	2.478753e-02	1.488817e-01	-1.909843e+01	1.000000e-05	1.000000e+05	8.692909e-01	1.913277e-01	2.125818e-01
3	3_485530	485530	0	T	C	0.208	-1.818692e-01	1.813912e-01	-1.947083e+01	5.941541e-02	1.000000e+05	3.269381e-01	3.265433e-01	3.419358e-01
3	3_493126	493126	0	C	T	0.375	-2.069725e-02	1.397993e-01	-1.986667e+01	1.000000e-05	1.000000e+05	8.836521e-01	6.793271e-01	6.838592e-01
3	3_741271	741271	0	T	C	0.083	-1.305333e-01	2.434064e-01	-1.995204e+01	1.000000e-05	1.000000e+05	5.971485e-01	9.905102e-01	9.906174e-01
3	3_750294	750294	0	T	G	0.250	3.325837e-02	1.562126e-01	-1.968126e+01	1.000000e-05	1.000000e+05	8.333618e-01	4.617305e-01	4.719748e-01
3	3_860957	860957	0	A	T	0.500	-9.471075e-02	1.339093e-01	-1.995202e+01	1.000000e-05	1.000000e+05	4.868205e-01	9.896593e-01	9.897761e-01
3	3_862065	862065	0	G	A	0.208	6.803734e-02	1.660973e-01	-1.987614e+01	1.000000e-05	1.000000e+05	6.860432e-01	6.966976e-01	7.008946e-01
3	3_862068	862068	0	G	A	0.208	6.803734e-02	1.660973e-01	-1.987614e+01	1.000000e-05	1.000000e+05	6.860432e-01	6.966976e-01	7.008946e-01
3	3_862069	862069	2	A	G	0.227	1.121265e-01	1.670586e-01	-1.967546e+01	1.000000e-05	1.000000e+05	5.090918e-01	4.569774e-01	4.673818e-01
3	3_968415	968415	1	G	C	0.348	-2.215312e-02	2.582419e-01	-1.993363e+01	3.482540e-01	1.000000e+05	9.324137e-01	8.475521e-01	8.493728e-01
3	3_1070130	1070130	0	G	A	0.333	5.800202e-03	2.600342e-01	-1.994901e+01	3.644534e-01	1.000000e+05	9.824053e-01	9.372522e-01	9.379679e-01
3	3_1071924	1071924	0	G	A	0.333	-1.794818e-01	1.384471e-01	-1.893969e+01	1.000000e-05	1.000000e+05	2.082748e-01	1.547451e-01	1.773952e-01
3	3_1071929	1071929	0	C	T	0.333	-1.794818e-01	1.384471e-01	-1.893969e+01	1.000000e-05	1.000000e+05	2.082748e-01	1.547451e-01	1.773952e-01
3	3_1180025	1180025	0	C	T	0.333	5.800202e-03	2.600342e-01	-1.994901e+01	3.644534e-01	1.000000e+05	9.824053e-01	9.372522e-01	9.379679e-01
3	3_1234218	1234218	0	G	A	0.208	1.125161e-01	1.649955e-01	-1.992732e+01	1.000000e-05	1.000000e+05	5.023971e-01	8.238095e-01	8.259519e-01
3	3_1318833	1318833	0	T	C	0.333	5.800202e-03	2.600342e-01	-1.994901e+01	3.644534e-01	1.000000e+05	9.824053e-01	9.372522e-01	9.379679e-01
3	3_1330004	1330004	0	T	C	0.083	-1.305333e-01	2.434064e-01	-1.995204e+01	1.000000e-05	1.000000e+05	5.971485e-01	9.905102e-01	9.906174e-01
3	3_1334793	1334793	0	C	T	0.083	-1.305333e-01	2.434064e-01	-1.995204e+01	1.000000e-05	1.000000e+05	5.971485e-01	9.905102e-01	9.906174e-01
4	4_53256	53256	0	T	C	0.083	-1.305333e-01	2.434064e-01	-1.995204e+01	1.000000e-05	1.000000e+05	5.971485e-01	9.905102e-01	9.906174e-01
4	4_106294	106294	0	C	T	0.250	-3.855375e-01	2.435015e-01	-1.806542e+01	7.796479e-01	1.000000e+05	1.276225e-01	5.207420e-02	7.505133e-02
4	4_577501	577501	0	G	A	0.333	5.800202e-03	2.600342e-01	-1.994901e+01	3.644534e-01	1.000000e+05	9.824053e-01	9.372522e-01	9.379679e-01
4	4_667433	667433	0	G	T	0.333	1.962930e-01	1.374072e-01	-1.984836e+01	1.000000e-05	1.000000e+05	1.671783e-01	6.487304e-01	6.538907e-01
4	4_667446	667446	0	G	A	0.375	1.648441e-01	1.353784e-01	-1.994818e+01	1.000000e-05	1.000000e+05	2.362551e-01	9.294078e-01	9.302150e-01
4	4_667490	667490	1	G	A	0.435	1.336761e-01	1.365871e-01	-1.995148e+01	1.000000e-05	1.000000e+05	3.383746e-01	9.717499e-01	9.720696e-01
4	4_679331	679331	0	T	A	0.333	5.800202e-03	2.600342e-01	-1.994901e+01	3.644534e-01	1.000000e+05	9.824053e-01	9.372522e-01	9.379679e-01
4	4_901105	901105	1	G	A	0.348	-2.215312e-02	2.582419e-01	-1.993363e+01	3.482540e-01	1.000000e+05	9.324137e-01	8.475521e-01	8.493728e-01
4	4_995956	995956	2	A	G	0.273	-1.794821e-01	1.541184e-01	-1.907085e+01	1.000000e-05	1.000000e+05	2.566653e-01	1.843103e-01	2.058492e-01
4	4_1076446	1076446	0	G	A	0.333	1.620169e-02	1.435965e-01	-1.995025e+01	1.000000e-05	1.000000e+05	9.111902e-01	9.513674e-01	9.519199e-01
4	4_1076465	1076465	0	G	A	0.375	-5.910306e-03	1.398589e-01	-1.993753e+01	1.000000e-05	1.000000e+05	9.666734e-01	8.644345e-01	8.660353e-01
5	5_7093	7093	0	G	A	0.417	1.082607e-01	1.353911e-01	-1.946102e+01	1.000000e-05	1.000000e+05	4.324833e-01	3.216607e-01	3.372598e-01
5	5_168988	168988	0	G	A	0.083	-1.305333e-01	2.434064e-01	-1.995204e+01	1.000000e-05	1.000000e+05	5.971485e-01	9.905102e-01	9.906174e-01
5	5_276722	276722	0	A	G	0.583	-2.912897e-01	1.991976e-01	-1.926780e+01	4.561781e-01	1.000000e+05	1.577941e-01	2.420501e-01	2.611254e-01
5	5_475470	475470	1	T	C	0.391	-1.461537e-02	1.416912e-01	-1.969001e+01	1.000000e-05	1.000000e+05	9.187789e-01	4.690611e-01	4.790617e-01
5	5_476407	476407	0	T	A	0.542	-2.610650e-01	1.239749e-01	-1.867500e+01	1.000000e-05	1.000000e+05	4.686191e-02	1.099997e-01	1.338351e-01
5	5_500266	500266	1	G	A	0.435	1.336746e-01	1.365863e-01	-1.966968e+01	1.000000e-05	1.000000e+05	3.383773e-01	4.523078e-01	4.628710e-01
5	5_676974	676974	0	A	C	0.458	-5.970216e-02	1.352984e-01	-1.975967e+01	1.000000e-05	1.000000e+05	6.633290e-01	5.350088e-01	5.429858e-01
5	5_773775	773775	0	C	T	0.083	-1.305333e-01	2.434064e-01	-1.995204e+01	1.000000e-05	1.000000e+05	5.971485e-01	9.905102e-01	9.906174e-01
5	5_835130	835130	1	A	G	0.391	1.285720e-01	1.390490e-01	-1.935092e+01	1.000000e-05	1.000000e+05	3.651786e-01	2.728481e-01	2.905638e-01
5	5_835251	835251	1	G	C	0.304	6.391146e-02	1.497034e-01	-1.935553e+01	1.000000e-05	1.000000e+05	6.735862e-01	2.746936e-01	2.923281e-01
5	5_835261	835261	2	A	G	0.273	1.934050e-02	1.587442e-01	-1.970578e+01	1.000000e-05	1.000000e+05	9.041362e-01	4.827469e-01	4.923026e-01
5	5_836479	836479	0	G	A	0.375	-1.914474e-01	1.337764e-01	-1.942142e+01	1.000000e-05	1.000000e+05	1.664541e-01	3.029004e-01	3.193032e-01
5	5_836568	836568	0	A	G	0.417	-5.639232e-02	1.368169e-01	-1.995112e+01	1.000000e-05	1.000000e+05	6.842008e-01	9.645322e-01	9.649340e-01
5	5_836697	836697	0	A	G	0.542	-8.590680e-02	1.346561e-01	-1.989378e+01	1.000000e-05	1.000000e+05	5.300770e-01	7.326972e-01	7.362457e-01
5	5_836899	836899	1	G	A	0.087	4.389241e-01	2.269384e-01	-1.785582e+01	1.000000e-05	1.000000e+05	6.606523e-02	4.060153e-02	6.261940e-02
5	5_975686	975686	0	C	G	0.375	-2.069725e-02	1.397993e-01	-1.986667e+01	1.000000e-05	1.000000e+05	8.836521e-01	6.793271e-01	6.838592e-01
5	5_1037902	1037902	0	A	G	0.333	5.800202e-03	2.600342e-01	-1.994901e+01	3.644534e-01	1.000000e+05	9.824053e-01	9.372522e-01	9.379679e-01
5	5_1099536	1099536	0	A	G	0.083	-1.305333e-01	2.434064e-01	-1.995204e+01	1.000000e-05	1.000000e+05	5.971485e-01	9.905102e-01	9.906174e-01
5	5_1166880	1166880	0	A	G	0.083	-1.305333e-01	2.434064e-01	-1.995204e+01	1.000000e-05	1.000000e+05	5.971485e-01	9.905102e-01	9.906174e-01
5	5_1210544	1210544	0	A	G	0.583	-2.912897e-01	1.991976e-01	-1.926780e+01	4.561781e-01	1.000000e+05	1.577941e-01	2.420501e-01	2.611254e-01
5	5_1245074	1245074	0	G	A	0.500	-9.471501e-02	1.339120e-01	-1.991106e+01	1.000000e-05	1.000000e+05	4.868100e-01	7.744663e-01	7.773325e-01
5	5_1405166	1405166	0	G	A	0.250	-3.855375e-01	2.435015e-01	-1.806542e+01	7.796479e-01	1.000000e+05	1.276225e-01	5.207420e-02	7.505133e-02
5	5_1597105	1597105	0	C	T	0.625	2.069725e-02	1.397993e-01	-1.986667e+01	1.000000e-05	1.000000e+05	8.836521e-01	6.793271e-01	6.838592e-01
5	5_1661241	1661241	0	G	A	0.083	-1.305333e-01	2.434064e-01	-1.995204e+01	1.000000e-05	1.000000e+05	5.971485e-01	9.905102e-01	9.906174e-01
5	5_1688982	1688982	0	A	G	0.250	-3.855375e-01	2.435015e-01	-1.806542e+01	7.796479e-01	1.000000e+05	1.276225e-01	5.207420e-02	7.505133e-02
5	5_1695239	1695239	0	C	T	0.083	-1.305333e-01	2.434064e-01	-1.995204e+01	1.000000e-05	1.000000e+05	5.971485e-01	9.905102e-01	9.906174e-01
5	5_1770892	1770892	0	G	A	0.375	-5.910705e-03	1.398589e-01	-1.979762e+01	1.000000e-05	1.000000e+05	9.666711e-01	5.783131e-01	5.851220e-01
5	5_1773044	1773044	0	G	A	0.125	6.267264e-01	1.551282e-01	-1.459939e+01	1.000000e-05	1.000000e+05	5.470237e-04	1.068214e-03	7.596549e-03
5	5_1773047	1773047	0	G	A	0.292	-1.689241e-01	1.445517e-01	-1.875746e+01	1.000000e-05	1.000000e+05	2.550697e-01	1.221683e-01	1.457688e-01
5	5_1781499	1781499	0	C	A	0.333	5.800202e-03	2.600342e-01	-1.994901e+01	3.644534e-01	1.000000e+05	9.824053e-01	9.372522e-01	9.379679e-01
6	6_191358	191358	0	C	T	0.083	-1.305321e-01	2.434039e-01	-1.972986e+01	1.000000e-05	1.000000e+05	5.971481e-01	5.049564e-01	5.138181e-01
6	6_211509	211509	0	T	C	0.083	-1.305328e-01	2.434039e-01	-1.956425e+01	1.000000e-05	1.000000e+05	5.971461e-01	3.784516e-01	3.917278e-01
6	6_220264	220264	1	G	A	0.391	-4.675325e-02	1.413752e-01	-1.979978e+01	1.000000e-05	1.000000e+05	7.439975e-01	5.809736e-01	5.877147e-01
6	6_220267	220267	1	G	A	0.391	-4.675325e-02	1.413752e-01	-1.979978e+01	1.000000e-05	1.000000e+05	7.439975e-01	5.809736e-01	5.877147e-01
6	6_221273	221273	3	A	G	0.429	3.442049e-02	1.460894e-01	-1.984109e+01	1.000000e-05	1.000000e+05	8.159129e-01	6.374942e-01	6.428980e-01
6	6_221275	221275	2	A	G	0.455	1.281131e-01	1.393819e-01	-1.943604e+01	1.000000e-05	1.000000e+05	3.679850e-01	3.096563e-01	3.257679e-01
6	6_221282	221282	1	A	C	0.478	1.098938e-01	1.364701e-01	-1.957390e+01	1.000000e-05	1.000000e+05	4.292879e-01	3.844505e-01	3.974927e-01
6	6_239210	239210	0	G	A	0.333	5.800202e-03	2.600342e-01	-1.994901e+01	3.644534e-01	1.000000e+05	9.824053e-01	9.372522e-01	9.379679e-01
6	6_276397	276397	0	A	G	0.083	-1.305333e-01	2.434064e-01	-1.995204e+01	1.000000e-05	1.000000e+05	5.971485e-01	9.905102e-01	9.906174e-01
6	6_406899	406899	0	C	T	0.333	5.800202e-03	2.600342e-01	-1.994901e+01	3.644534e-01	1.000000e+05	9.824053e-01	9.372522e-01	9.379679e-01
6	6_465434	465434	0	A	G	0.083	-1.305333e-01	2.434064e-01	-1.995204e+01	1.000000e-05	1.000000e+05	5.971485e-01	9.905102e-01	9.906174e-01
6	6_484890	484890	0	T	C	0.333	5.800202e-03	2.600342e-01	-1.994901e+01	3.644534e-01	1.000000e+05	9.824053e-01	9.372522e-01	9.379679e-01
6	6_499210	499210	0	G	C	0.333	5.800202e-03	2.600342e-01	-1.994901e+01	3.644534e-01	1.000000e+05	9.824053e-01	9.372522e-01	9.379679e-01
6	6_544412	544412	0	G	A	0.083	-1.305333e-01	2.434064e-01	-1.995204e+01	1.000000e-05	1.000000e+05	5.971485e-01	9.905102e-01	9.906174e-01
6	6_554477	554477	0	G	T	0.083	-1.305333e-01	2.434064e-01	-1.995204e+01	1.000000e-05	1.000000e+05	5.971485e-01	9.905102e-01	9.906174e-01
6	6_602467	602467	0	C	G	0.333	5.800202e-03	2.600342e-01	-1.994901e+01	3.644534e-01	1.000000e+05	9.824053e-01	9.372522e-01	9.379679e-01
6	6_659075	659075	0	T	C	0.333	5.800202e-03	2.600342e-01	-1.994901e+01	3.644534e-01	1.000000e+05	9.824053e-01	9.372522e-01	9.379679e-01
6	6_739933	739933	0	G	T	0.375	1.648405e-01	1.353770e-01	-1.987521e+01	1.000000e-05	1.000000e+05	2.362602e-01	6.949427e-01	6.991728e-01
6	6_761983	761983	0	T	C	0.083	-1.305333e-01	2.434064e-01	-1.995204e+01	1.000000e-05	1.000000e+05	5.971485e-01	9.905102e-01	9.906174e-01
6	6_936535	936535	0	T	A	0.083	-1.305338e-01	2.434058e-01	-1.959431e+01	1.000000e-05	1.000000e+05	5.971461e-01	3.975913e-01	4.101289e-01
6	6_960726	960726	0	A	G	0.083	-1.305333e-01	2.434064e-01	-1.995204e+01	1.000000e-05	1.000000e+05	5.971485e-01	9.905102e-01	9.906174e-01
6	6_988043	988043	0	T	C	0.292	2.352694e-01	1.402722e-01	-1.769644e+01	1.000000e-05	1.000000e+05	1.076494e-01	3.367081e-02	5.484230e-02
6	6_988098	988098	1	A	G	0.348	8.585166e-03	1.452137e-01	-1.994541e+01	1.000000e-05	1.000000e+05	9.533895e-01	9.078839e-01	9.089462e-01
6	6_988261	988261	3	A	G	0.238	4.826035e-02	1.696433e-01	-1.975607e+01	1.000000e-05	1.000000e+05	7.787021e-01	5.312049e-01	5.392905e-01
6	6_988405	988405	2	T	C	0.318	-9.667401e-03	1.518256e-01	-1.989744e+01	1.000000e-05	1.000000e+05	9.498045e-01	7.408935e-01	7.443025e-01
6	6_988465	988465	0	T	C	0.583	-1.384418e-01	1.341352e-01	-1.961689e+01	1.000000e-05	1.000000e+05	3.132359e-01	4.129009e-01	4.248652e-01
6	6_988478	988478	2	A	G	0.409	4.922343e-02	1.434596e-01	-1.994794e+01	1.000000e-05	1.000000e+05	7.347675e-01	9.272226e-01	9.280554e-01
6	6_988549	988549	2	A	G	0.364	-1.645750e-02	1.469764e-01	-1.993501e+01	1.000000e-05	1.000000e+05	9.118596e-01	8.532896e-01	8.550348e-01
6	6_988553	988553	2	T	G	0.364	-1.645747e-02	1.469765e-01	-1.993032e+01	1.000000e-05	1.000000e+05	9.118598e-01	8.346357e-01	8.366295e-01
6	6_988631	988631	2	G	A	0.227	1.011959e-01	1.673756e-01	-1.987938e+01	1.000000e-05	1.000000e+05	5.516278e-01	7.029251e-01	7.070056e-01
6	6_988733	988733	1	A	G	0.478	3.453562e-04	1.384672e-01	-1.992293e+01	1.000000e-05	1.000000e+05	9.980324e-01	8.091036e-01	8.114535e-01
6	6_988843	988843	3	A	G	0.429	-1.670102e-01	1.418736e-01	-1.844172e+01	1.000000e-05	1.000000e+05	2.517046e-01	8.220400e-02	1.061710e-01
6	6_988922	988922	5	A	G	0.368	-8.697031e-02	1.566696e-01	-1.966019e+01	1.000000e-05	1.000000e+05	5.844140e-01	4.448133e-01	4.556346e-01
6	6_988930	988930	2	G	A	0.273	-1.794818e-01	1.541182e-01	-1.855954e+01	1.000000e-05	1.000000e+05	2.566657e-01	9.514266e-02	1.191331e-01
6	6_988960	988960	2	T	G	0.318	-1.336083e-01	1.491438e-01	-1.910089e+01	1.000000e-05	1.000000e+05	3.800382e-01	1.919695e-01	2.131973e-01
6	6_989188	989188	0	T	C	0.417	-2.621129e-02	1.372308e-01	-1.992891e+01	1.000000e-05	1.000000e+05	8.502762e-01	8.294407e-01	8.315055e-01
6	6_989334	989334	2	G	C	0.364	-2.051215e-01	1.403631e-01	-1.966361e+01	1.000000e-05	1.000000e+05	1.580529e-01	4.474922e-01	4.582208e-01
6	6_989453	989453	3	A	G	0.667	2.051221e-01	1.471963e-01	-1.944366e+01	1.000000e-05	1.000000e+05	1.773800e-01	3.132575e-01	3.292148e-01
6	6_989490	989490	0	T	C	0.417	1.082614e-01	1.353912e-01	-1.912132e+01	1.000000e-05	1.000000e+05	4.324809e-01	1.973899e-01	2.183934e-01
6	6_989528	989528	0	T	C	0.542	4.574351e-02	1.355454e-01	-1.990296e+01	1.000000e-05	1.000000e+05	7.389558e-01	7.538794e-01	7.570731e-01
6	6_989732	989732	4	T	C	0.400	1.415384e-01	1.483706e-01	-1.958387e+01	1.000000e-05	1.000000e+05	3.504732e-01	3.907921e-01	4.035893e-01
6	6_989861	989861	2	A	G	0.500	1.033212e-01	1.397190e-01	-1.986848e+01	1.000000e-05	1.000000e+05	4.674257e-01	6.825548e-01	6.870234e-01
6	6_989960	989960	0	A	G	0.458	2.610645e-01	1.239747e-01	-1.737090e+01	1.000000e-05	1.000000e+05	4.686200e-02	2.308086e-02	4.235111e-02
6	6_990258	990258	2	G	T	0.409	1.228379e-01	1.414381e-01	-1.890203e+01	1.000000e-05	1.000000e+05	3.945007e-01	1.472846e-01	1.701842e-01
6	6_990671	990671	5	G	A	0.526	-1.996064e-02	1.523549e-01	-1.992170e+01	1.000000e-05	1.000000e+05	8.969549e-01	8.052080e-01	8.076139e-01
6	6_990699	990699	2	G	A	0.545	6.322298e-02	1.413930e-01	-1.988289e+01	1.000000e-05	1.000000e+05	6.591426e-01	7.098408e-01	7.137940e-01
6	6_990701	990701	1	A	G	0.565	5.097135e-02	1.391051e-01	-1.994975e+01	1.000000e-05	1.000000e+05	7.175497e-01	9.452856e-01	9.459082e-01
6	6_990771	990771	3	T	C	0.381	-1.016472e-02	1.490450e-01	-1.985952e+01	1.000000e-05	1.000000e+05	9.462433e-01	6.669696e-01	6.717494e-01
6	6_990777	990777	1	A	G	0.391	-1.461558e-02	1.416915e-01	-1.976825e+01	1.000000e-05	1.000000e+05	9.187779e-01	5.442571e-01	5.519742e-01
6	6_990851	990851	1	T	C	0.304	3.483810e-02	1.501389e-01	-1.995143e+01	1.000000e-05	1.000000e+05	8.186524e-01	9.705837e-01	9.709166e-01
6	6_990862	990862	1	G	T	0.261	6.640760e-02	1.568813e-01	-1.991459e+01	1.000000e-05	1.000000e+05	6.761870e-01	7.841407e-01	7.868585e-01
6	6_990885	990885	2	A	G	0.227	1.011969e-01	1.673761e-01	-1.974651e+01	1.000000e-05	1.000000e+05	5.516247e-01	5.213657e-01	5.297366e-01
6	6_990992	990992	1	T	C	0.174	1.646984e-01	1.790749e-01	-1.969047e+01	1.000000e-05	1.000000e+05	3.676952e-01	4.694485e-01	4.794364e-01
6	6_991027	991027	0	T	C	0.167	1.695078e-01	1.780590e-01	-1.991046e+01	1.000000e-05	1.000000e+05	3.514521e-01	7.728782e-01	7.757691e-01
6	6_1031241	1031241	1	A	G	0.478	-2.271592e-01	1.562928e-01	-1.922365e+01	1.537921e-01	1.000000e+05	1.602237e-01	2.274222e-01	2.471396e-01
6	6_1116760	1116760	0	G	A	0.333	5.800202e-03	2.600342e-01	-1.994901e+01	3.644534e-01	1.000000e+05	9.824053e-01	9.372522e-01	9.379679e-01
6	6_1160524	1160524	0	A	G	0.375	-2.069594e-02	1.397950e-01	-1.995044e+01	1.000000e-05	1.000000e+05	8.836558e-01	9.540044e-01	9.545267e-01
6	6_1160528	1160528	0	A	G	0.375	-2.069594e-02	1.397950e-01	-1.995044e+01	1.000000e-05	1.000000e+05	8.836558e-01	9.540044e-01	9.545267e-01
6	6_1160532	1160532	0	A	G	0.375	-2.069594e-02	1.397950e-01	-1.995044e+01	1.000000e-05	1.000000e+05	8.836558e-01	9.540044e-01	9.545267e-01
6	6_1167676	1167676	0	C	G	0.333	5.800202e-03	2.600342e-01	-1.994901e+01	3.644534e-01	1.000000e+05	9.824053e-01	9.372522e-01	9.379679e-01
6	6_1174733	1174733	0	G	C	0.083	-1.305333e-01	2.434064e-01	-1.995204e+01	1.000000e-05	1.000000e+05	5.971485e-01	9.905102e-01	9.906174e-01
6	6_1249810	1249810	0	G	A	0.208	-1.818692e-01	1.813912e-01	-1.947083e+01	5.941541e-02	1.000000e+05	3.269381e-01	3.265433e-01	3.419358e-01
6	6_1279254	1279254	0	C	T	0.333	5.800202e-03	2.600342e-01	-1.994901e+01	3.644534e-01	1.000000e+05	9.824053e-01	9.372522e-01	9.379679e-01
7	7_11056	11056	1	A	C	0.348	8.584811e-03	1.452140e-01	-1.981046e+01	1.000000e-05	1.000000e+05	9.533916e-01	5.945523e-01	6.009544e-01
7	7_14006	14006	2	A	G	0.273	4.794455e-01	1.216798e-01	-1.333345e+01	4.490346e-03	1.000000e+05	6.976965e-04	2.744295e-04	4.232698e-03
7	7_36839	36839	0	G	A	0.125	-1.367486e-01	2.026545e-01	-1.977723e+01	1.000000e-05	1.000000e+05	5.068413e-01	5.542530e-01	5.616956e-01
7	7_37788	37788	0	C	T	0.333	5.800202e-03	2.600342e-01	-1.994901e+01	3.644534e-01	1.000000e+05	9.824053e-01	9.372522e-01	9.379679e-01
7	7_49744	49744	0	G	A	0.083	-1.305315e-01	2.434039e-01	-1.994795e+01	1.000000e-05	1.000000e+05	5.971495e-01	9.273758e-01	9.282068e-01
7	7_164473	164473	2	G	A	0.364	-1.203743e-04	1.470181e-01	-1.962963e+01	1.000000e-05	1.000000e+05	9.993541e-01	4.219238e-01	4.335578e-01
7	7_164511	164511	0	T	C	0.542	2.209007e-01	1.274739e-01	-1.847418e+01	1.000000e-05	1.000000e+05	9.710872e-02	8.556746e-02	1.095575e-01
7	7_164589	164589	1	C	T	0.391	-2.051228e-01	1.348092e-01	-1.738298e+01	1.000000e-05	1.000000e+05	1.423590e-01	2.340406e-02	4.274714e-02
7	7_164636	164636	1	A	G	0.391	1.607097e-01	1.375211e-01	-1.950822e+01	1.000000e-05	1.000000e+05	2.550649e-01	3.460807e-01	3.606586e-01
7	7_164887	164887	1	G	A	0.348	-2.515964e-02	1.451260e-01	-1.994736e+01	1.000000e-05	1.000000e+05	8.639504e-01	9.223493e-01	9.232395e-01
7	7_164926	164926	2	G	A	0.273	1.934045e-02	1.587443e-01	-1.994523e+01	1.000000e-05	1.000000e+05	9.041365e-01	9.066507e-01	9.077278e-01
7	7_165027	165027	3	T	C	0.190	9.900770e-02	1.831291e-01	-1.936148e+01	1.000000e-05	1.000000e+05	5.941849e-01	2.771017e-01	2.946302e-01
7	7_165292	165292	0	C	A	0.583	2.051223e-01	1.301956e-01	-1.842413e+01	1.000000e-05	1.000000e+05	1.294149e-01	8.044181e-02	1.043913e-01
7	7_165637	165637	0	A	G	0.458	-4.574377e-02	1.355454e-01	-1.926056e+01	1.000000e-05	1.000000e+05	7.389543e-01	2.395735e-01	2.587579e-01
7	7_165657	165657	2	A	G	0.409	-2.465998e-02	1.437463e-01	-1.964103e+01	1.000000e-05	1.000000e+05	8.653579e-01	4.302438e-01	4.415782e-01
7	7_165680	165680	0	T	C	0.417	-2.621187e-02	1.372304e-01	-1.945366e+01	1.000000e-05	1.000000e+05	8.502724e-01	3.180643e-01	3.338163e-01
7	7_165704	165704	1	A	G	0.478	-8.813817e-02	1.371858e-01	-1.995207e+01	1.000000e-05	1.000000e+05	5.272055e-01	9.932008e-01	9.932776e-01
7	7_165798	165798	2	C	T	0.409	1.559432e-01	1.399480e-01	-1.995141e+01	1.000000e-05	1.000000e+05	2.771789e-01	9.701558e-01	9.704936e-01
7	7_165854	165854	2	T	C	0.545	-2.432443e-02	1.419386e-01	-1.953482e+01	1.000000e-05	1.000000e+05	8.654971e-01	3.609509e-01	3.749231e-01
7	7_165873	165873	1	A	G	0.391	-1.461606e-02	1.416912e-01	-1.934682e+01	1.000000e-05	1.000000e+05	9.187751e-01	2.712200e-01	2.890074e-01
7	7_165955	165955	2	T	C	0.409	1.228383e-01	1.414383e-01	-1.877014e+01	1.000000e-05	1.000000e+05	3.944997e-01	1.241685e-01	1.477228e-01
7	7_166056	166056	1	C	A	0.522	-7.921719e-02	1.374328e-01	-1.962717e+01	1.000000e-05	1.000000e+05	5.701912e-01	4.201573e-01	4.318556e-01
7	7_166309	166309	1	G	A	0.478	-7.195297e-02	1.376142e-01	-1.985542e+01	1.000000e-05	1.000000e+05	6.062980e-01	6.601272e-01	6.650477e-01
7	7_166838	166838	0	T	A	0.125	1.937620e-01	2.005300e-01	-1.940622e+01	1.000000e-05	1.000000e+05	3.444220e-01	2.960785e-01	3.127770e-01
7	7_166992	166992	2	A	G	0.318	1.915758e-01	1.462429e-01	-1.794741e+01	1.000000e-05	1.000000e+05	2.037158e-01	4.524756e-02	6.771027e-02
7	7_167034	167034	2	T	C	0.318	6.763499e-02	1.511533e-01	-1.931802e+01	1.000000e-05	1.000000e+05	6.589180e-01	2.601074e-01	2.783854e-01
7	7_167035	167035	1	C	A	0.348	1.589320e-01	1.412167e-01	-1.809861e+01	1.000000e-05	1.000000e+05	2.725282e-01	5.418463e-02	7.729243e-02
7	7_167135	167135	2	A	G	0.591	4.029823e-02	1.435858e-01	-1.994621e+01	1.000000e-05	1.000000e+05	7.815966e-01	9.135422e-01	9.145368e-01
7	7_167192	167192	2	C	T	0.500	8.643238e-02	1.402395e-01	-1.995159e+01	1.000000e-05	1.000000e+05	5.440087e-01	9.743308e-01	9.746212e-01
7	7_167224	167224	4	T	A	0.400	-2.188323e-02	1.513359e-01	-1.974920e+01	1.000000e-05	1.000000e+05	8.863429e-01	5.240968e-01	5.323878e-01
7	7_167292	167292	3	A	G	0.429	4.366149e-02	1.459771e-01	-1.994951e+01	1.000000e-05	1.000000e+05	7.676723e-01	9.425502e-01	9.432044e-01
7	7_167370	167370	1	A	G	0.391	3.217363e-02	1.415590e-01	-1.957448e+01	1.000000e-05	1.000000e+05	8.223043e-01	3.848171e-01	3.978450e-01
7	7_167655	167655	2	G	A	0.364	-3.470355e-02	1.468320e-01	-1.987467e+01	1.000000e-05	1.000000e+05	8.153487e-01	6.939234e-01	6.981729e-01
7	7_167687	167687	1	A	C	0.130	1.889907e-01	2.013886e-01	-1.948394e+01	1.000000e-05	1.000000e+05	3.582087e-01	3.332198e-01	3.483317e-01
7	7_226969	226969	0	G	A	0.333	5.800202e-03	2.600342e-01	-1.994901e+01	3.644534e-01	1.000000e+05	9.824053e-01	9.372522e-01	9.379679e-01
7	7_230511	230511	0	A	G	0.333	5.800202e-03	2.600342e-01	-1.994901e+01	3.644534e-01	1.000000e+05	9.824053e-01	9.372522e-01	9.379679e-01
7	7_347542	347542	0	C	T	0.292	2.478753e-02	1.488817e-01	-1.909843e+01	1.000000e-05	1.000000e+05	8.692909e-01	1.913277e-01	2.125818e-01
7	7_453828	453828	2	T	C	0.182	-1.595393e-01	1.801812e-01	-1.934671e+01	1.000000e-05	1.000000e+05	3.854964e-01	2.711762e-01	2.889656e-01
7	7_479542	479542	1	A	G	0.130	-1.435845e-01	2.030851e-01	-1.987084e+01	1.000000e-05	1.000000e+05	4.869784e-01	6.868300e-01	6.912155e-01
7	7_508893	508893	0	G	C	0.333	5.800202e-03	2.600342e-01	-1.994901e+01	3.644534e-01	1.000000e+05	9.824053e-01	9.372522e-01	9.379679e-01
7	7_672119	672119	0	G	A	0.292	-1.689237e-01	1.445516e-01	-1.974304e+01	1.000000e-05	1.000000e+05	2.550705e-01	5.178720e-01	5.263458e-01
7	7_752860	752860	2	A	T	0.273	1.934030e-02	1.587441e-01	-1.994940e+01	1.000000e-05	1.000000e+05	9.041372e-01	9.413039e-01	9.419725e-01
7	7_752861	752861	0	A	T	0.125	1.937619e-01	2.005301e-01	-1.961373e+01	1.000000e-05	1.000000e+05	3.444224e-01	4.107071e-01	4.227526e-01
7	7_813688	813688	1	C	T	0.348	-2.215312e-02	2.582419e-01	-1.993363e+01	3.482540e-01	1.000000e+05	9.324137e-01	8.475521e-01	8.493728e-01
7	7_819348	819348	0	A	C	0.333	5.800202e-03	2.600342e-01	-1.994901e+01	3.644534e-01	1.000000e+05	9.824053e-01	9.372522e-01	9.379679e-01
7	7_831960	831960	0	T	G	0.250	-3.855375e-01	2.435015e-01	-1.806542e+01	7.796479e-01	1.000000e+05	1.276225e-01	5.207420e-02	7.505133e-02
7	7_908360	908360	3	C	A	0.143	-1.595390e-01	2.040466e-01	-1.972448e+01	1.000000e-05	1.000000e+05	4.426220e-01	4.998458e-01	5.088641e-01
7	7_911043	911043	0	C	T	0.333	5.800202e-03	2.600342e-01	-1.994901e+01	3.644534e-01	1.000000e+05	9.824053e-01	9.372522e-01	9.379679e-01
7	7_1008288	1008288	0	G	A	0.333	5.800202e-03	2.600342e-01	-1.994901e+01	3.644534e-01	1.000000e+05	9.824053e-01	9.372522e-01	9.379679e-01
7	7_1024334	1024334	0	G	A	0.333	5.800202e-03	2.600342e-01	-1.994901e+01	3.644534e-01	1.000000e+05	9.824053e-01	9.372522e-01	9.379679e-01
7	7_1024356	1024356	0	T	C	0.333	5.800202e-03	2.600342e-01	-1.994901e+01	3.644534e-01	1.000000e+05	9.824053e-01	9.372522e-01	9.379679e-01
7	7_1171945	1171945	0	A	G	0.083	-1.305333e-01	2.434064e-01	-1.995204e+01	1.000000e-05	1.000000e+05	5.971485e-01	9.905102e-01	9.906174e-01
7	7_1191543	1191543	0	C	T	0.333	5.800202e-03	2.600342e-01	-1.994901e+01	3.644534e-01	1.000000e+05	9.824053e-01	9.372522e-01	9.379679e-01
7	7_1192832	1192832	0	T	C	0.083	-1.305333e-01	2.434064e-01	-1.995204e+01	1.000000e-05	1.000000e+05	5.971485e-01	9.905102e-01	9.906174e-01
7	7_1193976	1193976	0	C	T	0.333	5.800202e-03	2.600342e-01	-1.994901e+01	3.644534e-01	1.000000e+05	9.824053e-01	9.372522e-01	9.379679e-01
7	7_1196178	1196178	0	C	T	0.583	-1.225183e-01	1.348374e-01	-1.940622e+01	1.000000e-05	1.000000e+05	3.733885e-01	2.960792e-01	3.127777e-01
7	7_1205599	1205599	3	G	T	0.381	-1.016460e-02	1.490446e-01	-1.989611e+01	1.000000e-05	1.000000e+05	9.462438e-01	7.378886e-01	7.413484e-01
7	7_1205600	1205600	2	G	A	0.364	-1.202435e-04	1.470184e-01	-1.992081e+01	1.000000e-05	1.000000e+05	9.993548e-01	8.024429e-01	8.048889e-01
7	7_1205735	1205735	2	T	A	0.364	1.539631e-01	1.433074e-01	-1.932834e+01	1.000000e-05	1.000000e+05	2.943060e-01	2.640224e-01	2.821274e-01
7	7_1227094	1227094	0	A	G	0.333	5.800202e-03	2.600342e-01	-1.994901e+01	3.644534e-01	1.000000e+05	9.824053e-01	9.372522e-01	9.379679e-01
7	7_1240469	1240469	0	C	T	0.083	-1.305333e-01	2.434064e-01	-1.995204e+01	1.000000e-05	1.000000e+05	5.971485e-01	9.905102e-01	9.906174e-01
7	7_1263585	1263585	0	T	C	0.292	4.155887e-02	1.487072e-01	-1.994080e+01	1.000000e-05	1.000000e+05	7.824964e-01	8.804423e-01	8.818404e-01
7	7_1263610	1263610	0	G	A	0.375	-1.914482e-01	1.337764e-01	-1.865450e+01	1.000000e-05	1.000000e+05	1.664525e-01	1.071862e-01	1.310633e-01
7	7_1266484	1266484	1	A	T	0.435	3.048224e-02	1.393774e-01	-1.989639e+01	1.000000e-05	1.000000e+05	8.288977e-01	7.385203e-01	7.419694e-01
7	7_1276916	1276916	0	A	G	0.208	9.150379e-02	1.655841e-01	-1.969428e+01	1.000000e-05	1.000000e+05	5.861006e-01	4.726967e-01	4.825778e-01
7	7_1276919	1276919	0	G	A	0.167	1.445576e-01	1.790562e-01	-1.912578e+01	1.000000e-05	1.000000e+05	4.281187e-01	1.985979e-01	2.195509e-01
7	7_1341024	1341024	0	A	C	0.333	-1.680873e-02	1.435932e-01	-1.978910e+01	1.000000e-05	1.000000e+05	9.078762e-01	5.680146e-01	5.750901e-01
8	8_144493	144493	0	A	G	0.333	5.800202e-03	2.600342e-01	-1.994901e+01	3.644534e-01	1.000000e+05	9.824053e-01	9.372522e-01	9.379679e-01
8	8_174475	174475	0	G	T	0.333	5.800202e-03	2.600342e-01	-1.994901e+01	3.644534e-01	1.000000e+05	9.824053e-01	9.372522e-01	9.379679e-01
8	8_208859	208859	0	G	A	0.208	-1.818692e-01	1.813912e-01	-1.947083e+01	5.941541e-02	1.000000e+05	3.269381e-01	3.265433e-01	3.419358e-01
8	8_294928	294928	0	T	A	0.333	5.800202e-03	2.600342e-01	-1.994901e+01	3.644534e-01	1.000000e+05	9.824053e-01	9.372522e-01	9.379679e-01
8	8_553155	553155	0	T	C	0.083	-1.305333e-01	2.434064e-01	-1.995204e+01	1.000000e-05	1.000000e+05	5.971485e-01	9.905102e-01	9.906174e-01
8	8_725537	725537	0	A	C	0.333	5.800202e-03	2.600342e-01	-1.994901e+01	3.644534e-01	1.000000e+05	9.824053e-01	9.372522e-01	9.379679e-01
8	8_817562	817562	3	T	C	0.095	-1.511424e-01	2.444816e-01	-1.984185e+01	1.000000e-05	1.000000e+05	5.427809e-01	6.386445e-01	6.440231e-01
8	8_817567	817567	3	C	T	0.095	-1.511424e-01	2.444816e-01	-1.984185e+01	1.000000e-05	1.000000e+05	5.427809e-01	6.386445e-01	6.440231e-01
8	8_817674	817674	3	A	G	0.143	3.478817e-01	1.931087e-01	-1.867989e+01	1.000000e-05	1.000000e+05	8.534988e-02	1.106837e-01	1.345082e-01
8	8_818838	818838	3	G	A	0.429	1.161481e-01	1.441623e-01	-1.862985e+01	1.000000e-05	1.000000e+05	4.290526e-01	1.039083e-01	1.278272e-01
8	8_847517	847517	0	A	G	0.167	-1.435856e-01	1.790917e-01	-1.935561e+01	1.000000e-05	1.000000e+05	4.312764e-01	2.747250e-01	2.923581e-01
8	8_874822	874822	1	G	A	0.087	-1.367487e-01	2.437380e-01	-1.961667e+01	1.000000e-05	1.000000e+05	5.804352e-01	4.127495e-01	4.247194e-01
8	8_874895	874895	3	T	C	0.143	-1.061796e-01	2.056197e-01	-1.987433e+01	1.000000e-05	1.000000e+05	6.107352e-01	6.932828e-01	6.975445e-01
8	8_874992	874992	0	C	T	0.083	-1.305320e-01	2.434042e-01	-1.995143e+01	1.000000e-05	1.000000e+05	5.971486e-01	9.706731e-01	9.710051e-01
8	8_1083181	1083181	0	T	C	0.333	5.800202e-03	2.600342e-01	-1.994901e+01	3.644534e-01	1.000000e+05	9.824053e-01	9.372522e-01	9.379679e-01
8	8_1161462	1161462	0	C	T	0.625	2.069731e-02	1.397992e-01	-1.963650e+01	1.000000e-05	1.000000e+05	8.836517e-01	4.269075e-01	4.383615e-01
8	8_1252135	1252135	1	T	C	0.435	-1.541630e-01	1.356016e-01	-1.965782e+01	1.000000e-05	1.000000e+05	2.678195e-01	4.429717e-01	4.538571e-01
8	8_1256218	1256218	0	G	A	0.333	5.800202e-03	2.600342e-01	-1.994901e+01	3.644534e-01	1.000000e+05	9.824053e-01	9.372522e-01	9.379679e-01
8	8_1326133	1326133	0	A	G	0.208	-1.511429e-01	1.635858e-01	-1.919729e+01	1.000000e-05	1.000000e+05	3.655429e-01	2.191934e-01	2.392687e-01
8	8_1326140	1326140	0	G	A	0.167	-1.435860e-01	1.790917e-01	-1.944662e+01	1.000000e-05	1.000000e+05	4.312753e-01	3.146669e-01	3.305638e-01
8	8_1383765	1383765	0	A	G	0.417	1.225184e-01	1.348373e-01	-1.875350e+01	1.000000e-05	1.000000e+05	3.733878e-01	1.215519e-01	1.451662e-01
9	9_5213	5213	3	G	C	0.238	7.264424e-02	1.692492e-01	-1.995155e+01	1.000000e-05	1.000000e+05	6.719412e-01	9.733742e-01	9.736754e-01
9	9_6619	6619	1	C	T	0.304	1.775847e-02	1.502747e-01	-1.986682e+01	1.000000e-05	1.000000e+05	9.070026e-01	6.796054e-01	6.841320e-01
9	9_7470	7470	0	A	G	0.292	2.478518e-02	1.488772e-01	-1.995210e+01	1.000000e-05	1.000000e+05	8.692993e-01	9.959150e-01	9.959611e-01
9	9_7729	7729	1	C	T	0.435	-2.209013e-01	1.313390e-01	-1.756845e+01	1.000000e-05	1.000000e+05	1.067270e-01	2.900503e-02	4.944878e-02
9	9_8171	8171	2	G	A	0.364	-3.470361e-02	1.468334e-01	-1.995203e+01	1.000000e-05	1.000000e+05	8.153501e-01	9.898391e-01	9.899539e-01
9	9_10033	10033	1	C	T	0.174	1.646984e-01	1.790746e-01	-1.971053e+01	1.000000e-05	1.000000e+05	3.676945e-01	4.869982e-01	4.964183e-01
9	9_49163	49163	0	A	G	0.250	-3.855375e-01	2.435015e-01	-1.806542e+01	7.796479e-01	1.000000e+05	1.276225e-01	5.207420e-02	7.505133e-02
9	9_220237	220237	2	A	G	0.091	3.335890e-01	2.355037e-01	-1.789497e+01	1.000000e-05	1.000000e+05	1.706362e-01	4.252279e-02	6.473509e-02
9	9_220963	220963	1	C	T	0.174	1.646975e-01	1.790741e-01	-1.955023e+01	1.000000e-05	1.000000e+05	3.676956e-01	3.699712e-01	3.835823e-01
9	9_272607	272607	0	A	G	0.333	5.800202e-03	2.600342e-01	-1.994901e+01	3.644534e-01	1.000000e+05	9.824053e-01	9.372522e-01	9.379679e-01
9	9_338278	338278	1	A	G	0.348	-2.215312e-02	2.582419e-01	-1.993363e+01	3.482540e-01	1.000000e+05	9.324137e-01	8.475521e-01	8.493728e-01
9	9_491535	491535	0	A	G	0.333	5.800202e-03	2.600342e-01	-1.994901e+01	3.644534e-01	1.000000e+05	9.824053e-01	9.372522e-01	9.379679e-01
9	9_534468	534468	0	C	T	0.333	5.800202e-03	2.600342e-01	-1.994901e+01	3.644534e-01	1.000000e+05	9.824053e-01	9.372522e-01	9.379679e-01
9	9_705343	705343	1	G	A	0.261	-1.689240e-01	1.533465e-01	-1.923571e+01	1.000000e-05	1.000000e+05	2.825491e-01	2.313083e-01	2.508557e-01
9	9_705571	705571	0	T	C	0.500	9.471147e-02	1.339093e-01	-1.920160e+01	1.000000e-05	1.000000e+05	4.868171e-01	2.205155e-01	2.405335e-01
9	9_706175	706175	2	G	A	0.318	2.090019e-01	1.451545e-01	-1.924359e+01	1.000000e-05	1.000000e+05	1.639867e-01	2.338928e-01	2.533269e-01
9	9_741562	741562	0	T	C	0.250	-3.855375e-01	2.435015e-01	-1.806542e+01	7.796479e-01	1.000000e+05	1.276225e-01	5.207420e-02	7.505133e-02
9	9_942229	942229	0	A	G	0.292	2.478753e-02	1.488817e-01	-1.909843e+01	1.000000e-05	1.000000e+05	8.692909e-01	1.913277e-01	2.125818e-01
9	9_981209	981209	0	G	A	0.083	-1.305333e-01	2.434064e-01	-1.995204e+01	1.000000e-05	1.000000e+05	5.971485e-01	9.905102e-01	9.906174e-01
9	9_1115286	1115286	0	G	A	0.500	-7.922984e-02	1.343655e-01	-1.983519e+01	1.000000e-05	1.000000e+05	5.614268e-01	6.286968e-01	6.342962e-01
10	10_13558	13558	0	C	T	0.333	5.800202e-03	2.600342e-01	-1.994901e+01	3.644534e-01	1.000000e+05	9.824053e-01	9.372522e-01	9.379679e-01
10	10_15220	15220	1	T	A	0.130	2.564782e-01	1.979663e-01	-1.974102e+01	1.000000e-05	1.000000e+05	2.085548e-01	5.158505e-01	5.243843e-01
10	10_15251	15251	2	G	A	0.091	-9.140338e-02	2.452353e-01	-1.983512e+01	1.000000e-05	1.000000e+05	7.129258e-01	6.285859e-01	6.341879e-01
10	10_15279	15279	1	A	G	0.261	6.640769e-02	1.568811e-01	-1.994732e+01	1.000000e-05	1.000000e+05	6.761863e-01	9.220702e-01	9.229637e-01
10	10_15288	15288	2	C	T	0.227	1.011955e-01	1.673755e-01	-1.994438e+01	1.000000e-05	1.000000e+05	5.516289e-01	9.010345e-01	9.021794e-01
10	10_15302	15302	2	T	C	0.318	2.722148e-02	1.517286e-01	-1.994494e+01	1.000000e-05	1.000000e+05	8.592587e-01	9.046667e-01	9.057677e-01
10	10_15428	15428	1	C	G	0.130	2.564784e-01	1.979662e-01	-1.949548e+01	1.000000e-05	1.000000e+05	2.085543e-01	3.392506e-01	3.541110e-01
10	10_15438	15438	0	G	A	0.125	2.608310e-01	1.970438e-01	-1.948315e+01	1.000000e-05	1.000000e+05	1.991870e-01	3.328157e-01	3.479446e-01
10	10_15441	15441	1	A	G	0.130	2.564784e-01	1.979662e-01	-1.949548e+01	1.000000e-05	1.000000e+05	2.085543e-01	3.392506e-01	3.541110e-01
10	10_15449	15449	1	C	T	0.087	4.347723e-01	2.273017e-01	-1.908235e+01	1.000000e-05	1.000000e+05	6.888527e-02	1.872001e-01	2.086224e-01
10	10_15455	15455	0	C	T	0.083	4.387293e-01	2.264305e-01	-1.906025e+01	1.000000e-05	1.000000e+05	6.561568e-02	1.816930e-01	2.033364e-01
10	10_15458	15458	0	G	A	0.083	4.387293e-01	2.264305e-01	-1.906025e+01	1.000000e-05	1.000000e+05	6.561568e-02	1.816930e-01	2.033364e-01
10	10_15461	15461	0	T	C	0.083	4.387293e-01	2.264305e-01	-1.906025e+01	1.000000e-05	1.000000e+05	6.561568e-02	1.816930e-01	2.033364e-01
10	10_15463	15463	0	A	T	0.083	4.387293e-01	2.264305e-01	-1.906025e+01	1.000000e-05	1.000000e+05	6.561568e-02	1.816930e-01	2.033364e-01
10	10_15473	15473	0	C	T	0.083	4.387293e-01	2.264305e-01	-1.906025e+01	1.000000e-05	1.000000e+05	6.561568e-02	1.816930e-01	2.033364e-01
10	10_17879	17879	0	T	C	0.333	6.071692e-04	1.436381e-01	-1.994890e+01	1.000000e-05	1.000000e+05	9.966654e-01	9.361186e-01	9.368475e-01
10	10_17897	17897	0	A	G	0.333	6.071692e-04	1.436381e-01	-1.994890e+01	1.000000e-05	1.000000e+05	9.966654e-01	9.361186e-01	9.368475e-01
10	10_18092	18092	1	A	G	0.522	-2.610654e-01	1.267877e-01	-1.663184e+01	1.000000e-05	1.000000e+05	5.151776e-02	9.968429e-03	2.483588e-02
10	10_18647	18647	3	C	T	0.381	3.977986e-02	1.488208e-01	-1.994631e+01	1.000000e-05	1.000000e+05	7.917278e-01	9.142287e-01	9.152151e-01
10	10_18785	18785	0	G	A	0.375	1.733381e-01	1.543139e-01	-1.830200e+01	1.012665e-01	1.000000e+05	2.734265e-01	6.927047e-02	9.301095e-02
10	10_18869	18869	0	A	G	0.500	-6.537075e-02	1.347066e-01	-1.954678e+01	1.000000e-05	1.000000e+05	6.322735e-01	3.679250e-01	3.816176e-01
10	10_18908	18908	0	G	A	0.292	2.165382e-01	1.416378e-01	-1.739362e+01	1.000000e-05	1.000000e+05	1.405618e-01	2.369290e-02	4.310009e-02
10	10_18915	18915	0	T	C	0.292	2.165382e-01	1.416378e-01	-1.739362e+01	1.000000e-05	1.000000e+05	1.405618e-01	2.369290e-02	4.310009e-02
10	10_18933	18933	0	A	G	0.292	2.165378e-01	1.416378e-01	-1.854709e+01	1.000000e-05	1.000000e+05	1.405626e-01	9.367683e-02	1.176729e-01
10	10_18941	18941	2	T	C	0.318	2.090054e-01	1.451555e-01	-1.853896e+01	1.000000e-05	1.000000e+05	1.639826e-01	9.273206e-02	1.167308e-01
10	10_18943	18943	1	G	A	0.348	1.748759e-01	1.403592e-01	-1.894740e+01	1.000000e-05	1.000000e+05	2.259003e-01	1.563255e-01	1.789208e-01
10	10_18983	18983	2	C	T	0.227	7.967373e-02	1.679072e-01	-1.953977e+01	1.000000e-05	1.000000e+05	6.398121e-01	3.638143e-01	3.776713e-01
10	10_19002	19002	0	C	T	0.583	4.047120e-02	1.370766e-01	-1.966307e+01	1.000000e-05	1.000000e+05	7.705750e-01	4.470690e-01	4.578122e-01
10	10_19004	19004	0	A	G	0.583	4.047120e-02	1.370766e-01	-1.966307e+01	1.000000e-05	1.000000e+05	7.705750e-01	4.470690e-01	4.578122e-01
10	10_19008	19008	0	T	C	0.292	2.478706e-02	1.488813e-01	-1.986162e+01	1.000000e-05	1.000000e+05	8.692930e-01	6.705359e-01	6.752434e-01
10	10_19015	19015	0	G	A	0.583	4.047120e-02	1.370766e-01	-1.966307e+01	1.000000e-05	1.000000e+05	7.705750e-01	4.470690e-01	4.578122e-01
10	10_19031	19031	0	A	G	0.625	2.069710e-02	1.397991e-01	-1.985952e+01	1.000000e-05	1.000000e+05	8.836527e-01	6.669549e-01	6.717350e-01
10	10_19062	19062	1	A	G	0.304	1.776018e-02	1.502796e-01	-1.987636e+01	1.000000e-05	1.000000e+05	9.069967e-01	6.971083e-01	7.012976e-01
10	10_19067	19067	1	T	A	0.565	5.097296e-02	1.391076e-01	-1.962030e+01	1.000000e-05	1.000000e+05	7.175459e-01	4.152846e-01	4.271611e-01
10	10_19151	19151	1	G	A	0.261	4.765678e-02	1.571948e-01	-1.961460e+01	1.000000e-05	1.000000e+05	7.646085e-01	4.113086e-01	4.233318e-01
10	10_318276	318276	0	G	A	0.333	1.788755e-01	1.384832e-01	-1.943797e+01	1.000000e-05	1.000000e+05	2.098750e-01	3.105647e-01	3.266373e-01
10	10_381155	381155	0	G	A	0.292	2.478753e-02	1.488817e-01	-1.909843e+01	1.000000e-05	1.000000e+05	8.692909e-01	1.913277e-01	2.125818e-01
10	10_387430	387430	1	A	G	0.565	-2.643168e-01	1.974264e-01	-1.942217e+01	3.708356e-01	1.000000e+05	1.943028e-01	3.032447e-01	3.196326e-01
10	10_474627	474627	0	A	G	0.333	5.800202e-03	2.600342e-01	-1.994901e+01	3.644534e-01	1.000000e+05	9.824053e-01	9.372522e-01	9.379679e-01
10	10_583208	583208	1	A	G	0.348	-2.516017e-02	1.451276e-01	-1.985574e+01	1.000000e-05	1.000000e+05	8.639491e-01	6.606532e-01	6.655628e-01
10	10_584652	584652	0	G	T	0.333	1.620149e-02	1.435968e-01	-1.991852e+01	1.000000e-05	1.000000e+05	9.111915e-01	7.954903e-01	7.980382e-01
10	10_612064	612064	0	A	G	0.208	-1.818692e-01	1.813912e-01	-1.947083e+01	5.941541e-02	1.000000e+05	3.269381e-01	3.265433e-01	3.419358e-01
10	10_724149	724149	0	G	A	0.208	9.150390e-02	1.655841e-01	-1.981976e+01	1.000000e-05	1.000000e+05	5.861002e-01	6.069127e-01	6.130161e-01
10	10_724150	724150	0	A	G	0.208	9.150390e-02	1.655841e-01	-1.981976e+01	1.000000e-05	1.000000e+05	5.861002e-01	6.069127e-01	6.130161e-01
10	10_969715	969715	0	T	C	0.292	2.478753e-02	1.488817e-01	-1.909843e+01	1.000000e-05	1.000000e+05	8.692909e-01	1.913277e-01	2.125818e-01
10	10_989095	989095	0	G	A	0.333	5.800202e-03	2.600342e-01	-1.994901e+01	3.644534e-01	1.000000e+05	9.824053e-01	9.372522e-01	9.379679e-01
11	11_9749	9749	1	A	G	0.174	1.646981e-01	1.790745e-01	-1.992130e+01	1.000000e-05	1.000000e+05	3.676949e-01	8.039494e-01	8.063736e-01
11	11_10019	10019	1	G	C	0.304	1.775907e-02	1.502750e-01	-1.966126e+01	1.000000e-05	1.000000e+05	9.069996e-01	4.456508e-01	4.564431e-01
11	11_10896	10896	0	C	G	0.125	-1.367480e-01	2.026546e-01	-1.993726e+01	1.000000e-05	1.000000e+05	5.068435e-01	8.632028e-01	8.648194e-01
11	11_10931	10931	0	T	A	0.167	-1.435848e-01	1.790918e-01	-1.994921e+01	1.000000e-05	1.000000e+05	4.312793e-01	9.393304e-01	9.400220e-01
11	11_10934	10934	0	G	T	0.208	-1.511418e-01	1.635858e-01	-1.990394e+01	1.000000e-05	1.000000e+05	3.655464e-01	7.562673e-01	7.594222e-01
11	11_104630	104630	0	A	G	0.125	1.937630e-01	2.005302e-01	-1.872636e+01	1.000000e-05	1.000000e+05	3.444202e-01	1.174129e-01	1.411151e-01
11	11_104688	104688	1	G	A	0.130	1.889912e-01	2.013886e-01	-1.883495e+01	1.000000e-05	1.000000e+05	3.582078e-01	1.349764e-01	1.582499e-01
11	11_152800	152800	0	C	T	0.333	5.800202e-03	2.600342e-01	-1.994901e+01	3.644534e-01	1.000000e+05	9.824053e-01	9.372522e-01	9.379679e-01
11	11_153063	153063	0	A	G	0.333	5.800202e-03	2.600342e-01	-1.994901e+01	3.644534e-01	1.000000e+05	9.824053e-01	9.372522e-01	9.379679e-01
11	11_159356	159356	0	A	C	0.208	-1.818692e-01	1.813912e-01	-1.947083e+01	5.941541e-02	1.000000e+05	3.269381e-01	3.265433e-01	3.419358e-01
11	11_165295	165295	0	A	G	0.625	2.069725e-02	1.397993e-01	-1.986667e+01	1.000000e-05	1.000000e+05	8.836521e-01	6.793271e-01	6.838592e-01
11	11_236388	236388	0	A	G	0.333	5.800202e-03	2.600342e-01	-1.994901e+01	3.644534e-01	1.000000e+05	9.824053e-01	9.372522e-01	9.379679e-01
11	11_384025	384025	0	T	C	0.167	1.166912e-01	1.799778e-01	-1.975489e+01	1.000000e-05	1.000000e+05	5.234595e-01	5.299731e-01	5.380940e-01
11	11_393213	393213	0	G	A	0.333	5.800202e-03	2.600342e-01	-1.994901e+01	3.644534e-01	1.000000e+05	9.824053e-01	9.372522e-01	9.379679e-01
11	11_433361	433361	0	G	A	0.333	5.800202e-03	2.600342e-01	-1.994901e+01	3.644534e-01	1.000000e+05	9.824053e-01	9.372522e-01	9.379679e-01
11	11_547884	547884	0	T	C	0.583	-2.912897e-01	1.991976e-01	-1.926780e+01	4.561781e-01	1.000000e+05	1.577941e-01	2.420501e-01	2.611254e-01
11	11_548586	548586	0	C	T	0.333	5.800202e-03	2.600342e-01	-1.994901e+01	3.644534e-01	1.000000e+05	9.824053e-01	9.372522e-01	9.379679e-01
11	11_621705	621705	0	A	C	0.333	5.800202e-03	2.600342e-01	-1.994901e+01	3.644534e-01	1.000000e+05	9.824053e-01	9.372522e-01	9.379679e-01
11	11_674162	674162	0	C	A	0.333	5.800202e-03	2.600342e-01	-1.994901e+01	3.644534e-01	1.000000e+05	9.824053e-01	9.372522e-01	9.379679e-01
11	11_804706	804706	2	A	G	0.364	1.885459e-01	1.414162e-01	-1.886808e+01	1.000000e-05	1.000000e+05	1.960856e-01	1.409042e-01	1.640041e-01
11	11_804710	804710	6	C	T	0.333	1.016428e-01	1.644375e-01	-1.976808e+01	1.000000e-05	1.000000e+05	5.428402e-01	5.440612e-01	5.517837e-01
11	11_804742	804742	1	G	A	0.304	-1.316671e-03	1.503224e-01	-1.994996e+01	1.000000e-05	1.000000e+05	9.930904e-01	9.477586e-01	9.483526e-01
11	11_804763	804763	2	C	T	0.182	-1.113402e-01	1.818207e-01	-1.974765e+01	1.000000e-05	1.000000e+05	5.465759e-01	5.225188e-01	5.308559e-01
11	11_966513	966513	1	T	A	0.087	-1.367484e-01	2.437382e-01	-1.984472e+01	1.000000e-05	1.000000e+05	5.804362e-01	6.430514e-01	6.483338e-01
11	11_966516	966516	0	C	T	0.083	-1.305325e-01	2.434042e-01	-1.985941e+01	1.000000e-05	1.000000e+05	5.971474e-01	6.667699e-01	6.715538e-01
11	11_966519	966519	0	C	T	0.083	-1.305325e-01	2.434042e-01	-1.985941e+01	1.000000e-05	1.000000e+05	5.971474e-01	6.667699e-01	6.715538e-01
11	11_966569	966569	1	C	G	0.087	-1.367484e-01	2.437382e-01	-1.984472e+01	1.000000e-05	1.000000e+05	5.804362e-01	6.430514e-01	6.483338e-01
11	11_966644	966644	2	C	A	0.182	-1.595393e-01	1.801814e-01	-1.978811e+01	1.000000e-05	1.000000e+05	3.854968e-01	5.668417e-01	5.739481e-01
11	11_966669	966669	2	C	T	0.364	-2.051221e-01	1.403631e-01	-1.889257e+01	1.000000e-05	1.000000e+05	1.580516e-01	1.454751e-01	1.684327e-01
11	11_966684	966684	2	C	T	0.500	-2.610652e-01	1.300335e-01	-1.808299e+01	1.000000e-05	1.000000e+05	5.711491e-02	5.318061e-02	7.622778e-02
11	11_966699	966699	1	T	C	0.304	-1.794820e-01	1.453703e-01	-1.909685e+01	1.000000e-05	1.000000e+05	2.299845e-01	1.909190e-01	2.121898e-01
11	11_966700	966700	1	G	A	0.304	-1.794820e-01	1.453703e-01	-1.909685e+01	1.000000e-05	1.000000e+05	2.299845e-01	1.909190e-01	2.121898e-01
11	11_966735	966735	1	A	C	0.174	-1.511435e-01	1.796173e-01	-1.972471e+01	1.000000e-05	1.000000e+05	4.091358e-01	5.000614e-01	5.090730e-01
11	11_966738	966738	2	T	A	0.227	-1.689239e-01	1.648727e-01	-1.977878e+01	1.000000e-05	1.000000e+05	3.166999e-01	5.560146e-01	5.634096e-01
11	11_966756	966756	0	A	G	0.167	-1.435850e-01	1.790917e-01	-1.993984e+01	1.000000e-05	1.000000e+05	4.312786e-01	8.755060e-01	8.769661e-01
11	11_966757	966757	0	T	C	0.167	-1.435850e-01	1.790917e-01	-1.993984e+01	1.000000e-05	1.000000e+05	4.312786e-01	8.755060e-01	8.769661e-01
11	11_966771	966771	0	T	C	0.208	-1.511423e-01	1.635860e-01	-1.987907e+01	1.000000e-05	1.000000e+05	3.655452e-01	7.023184e-01	7.064101e-01
11	11_1272894	1272894	0	A	G	0.250	-3.855375e-01	2.435015e-01	-1.806542e+01	7.796479e-01	1.000000e+05	1.276225e-01	5.207420e-02	7.505133e-02
11	11_1301130	1301130	0	T	C	0.083	-1.305333e-01	2.434064e-01	-1.995204e+01	1.000000e-05	1.000000e+05	5.971485e-01	9.905102e-01	9.906174e-01
11	11_1314578	1314578	0	G	C	0.333	5.800202e-03	2.600342e-01	-1.994901e+01	3.644534e-01	1.000000e+05	9.824053e-01	9.372522e-01	9.379679e-01
11	11_1478119	1478119	0	A	G	0.417	-2.621150e-02	1.372308e-01	-1.993550e+01	1.000000e-05	1.000000e+05	8.502749e-01	8.553871e-01	8.571048e-01
11	11_1501898	1501898	0	G	T	0.250	-3.855375e-01	2.435015e-01	-1.806542e+01	7.796479e-01	1.000000e+05	1.276225e-01	5.207420e-02	7.505133e-02
11	11_1538971	1538971	0	T	C	0.292	2.478753e-02	1.488817e-01	-1.909843e+01	1.000000e-05	1.000000e+05	8.692909e-01	1.913277e-01	2.125818e-01
12	12_11092	11092	0	A	G	0.458	-7.529433e-02	1.349470e-01	-1.985117e+01	1.000000e-05	1.000000e+05	5.825091e-01	6.532158e-01	6.582808e-01
12	12_11094	11094	0	A	G	0.333	-1.680947e-02	1.435950e-01	-1.995210e+01	1.000000e-05	1.000000e+05	9.078733e-01	9.976306e-01	9.976573e-01
12	12_11122	11122	0	C	G	0.458	-7.529432e-02	1.349469e-01	-1.993538e+01	1.000000e-05	1.000000e+05	5.825091e-01	8.548764e-01	8.566009e-01
12	12_11170	11170	0	T	C	0.417	-5.639440e-02	1.368191e-01	-1.992700e+01	1.000000e-05	1.000000e+05	6.841945e-01	8.226796e-01	8.248378e-01
12	12_11223	11223	0	G	C	0.208	6.803828e-02	1.660982e-01	-1.972399e+01	1.000000e-05	1.000000e+05	6.860408e-01	4.993861e-01	5.084186e-01
12	12_11400	11400	0	A	C	0.292	6.051742e-03	1.489665e-01	-1.990534e+01	1.000000e-05	1.000000e+05	9.679614e-01	7.597293e-01	7.628283e-01
12	12_11406	11406	0	A	G	0.292	6.051742e-03	1.489665e-01	-1.990534e+01	1.000000e-05	1.000000e+05	9.679614e-01	7.597293e-01	7.628283e-01
12	12_11407	11407	0	C	A	0.292	6.051742e-03	1.489665e-01	-1.990534e+01	1.000000e-05	1.000000e+05	9.679614e-01	7.597293e-01	7.628283e-01
12	12_11410	11410	0	C	T	0.292	6.051742e-03	1.489665e-01	-1.990534e+01	1.000000e-05	1.000000e+05	9.679614e-01	7.597293e-01	7.628283e-01
12	12_11413	11413	1	T	G	0.304	-1.316486e-03	1.503237e-01	-1.992625e+01	1.000000e-05	1.000000e+05	9.930914e-01	8.200987e-01	8.222928e-01
12	12_13625	13625	0	G	A	0.625	2.069725e-02	1.397993e-01	-1.986667e+01	1.000000e-05	1.000000e+05	8.836521e-01	6.793271e-01	6.838592e-01
12	12_13643	13643	0	G	A	0.625	2.069725e-02	1.397993e-01	-1.986667e+01	1.000000e-05	1.000000e+05	8.836521e-01	6.793271e-01	6.838592e-01
12	12_13645	13645	0	A	G	0.625	2.069725e-02	1.397993e-01	-1.986667e+01	1.000000e-05	1.000000e+05	8.836521e-01	6.793271e-01	6.838592e-01
12	12_13857	13857	1	A	G	0.174	-1.511438e-01	1.796180e-01	-1.988017e+01	1.000000e-05	1.000000e+05	4.091366e-01	7.044579e-01	7.085100e-01
12	12_13936	13936	0	C	T	0.208	-1.511430e-01	1.635866e-01	-1.992791e+01	1.000000e-05	1.000000e+05	3.655448e-01	8.258679e-01	8.279818e-01
12	12_13979	13979	3	T	C	0.238	-1.794825e-01	1.655916e-01	-1.985359e+01	1.000000e-05	1.000000e+05	2.901512e-01	6.571272e-01	6.621100e-01
12	12_14009	14009	1	C	T	0.348	-1.914484e-01	1.393718e-01	-1.922222e+01	1.000000e-05	1.000000e+05	1.833864e-01	2.269659e-01	2.467032e-01
12	12_14035	14035	1	C	T	0.435	-2.209009e-01	1.313392e-01	-1.861301e+01	1.000000e-05	1.000000e+05	1.067283e-01	1.017314e-01	1.256738e-01
12	12_14096	14096	2	C	T	0.318	2.730334e-01	1.402384e-01	-1.926409e+01	1.000000e-05	1.000000e+05	6.442267e-02	2.407791e-01	2.599103e-01
12	12_14104	14104	2	C	T	0.318	2.090019e-01	1.451545e-01	-1.974727e+01	1.000000e-05	1.000000e+05	1.639869e-01	5.221325e-01	5.304809e-01
12	12_14114	14114	3	T	C	0.286	3.185386e-01	1.451312e-01	-1.859513e+01	1.000000e-05	1.000000e+05	3.902288e-02	9.947449e-02	1.234373e-01
12	12_14125	14125	1	A	G	0.174	4.272598e-01	1.581234e-01	-1.740570e+01	1.000000e-05	1.000000e+05	1.301809e-02	2.402528e-02	4.350515e-02
12	12_14197	14197	0	G	A	0.083	9.289181e-01	1.477327e-01	-8.641979e+00	1.296697e-01	1.000000e+05	2.502892e-06	1.973922e-06	9.181125e-04
12	12_14202	14202	0	A	G	0.083	9.289181e-01	1.477327e-01	-8.641979e+00	1.296697e-01	1.000000e+05	2.502892e-06	1.973922e-06	9.181125e-04
12	12_14301	14301	2	G	A	0.500	-8.444872e-03	1.414335e-01	-1.988700e+01	1.000000e-05	1.000000e+05	9.529264e-01	7.182063e-01	7.220087e-01
12	12_14318	14318	0	A	G	0.250	3.325755e-02	1.562125e-01	-1.994698e+01	1.000000e-05	1.000000e+05	8.333658e-01	9.193197e-01	9.202457e-01
12	12_14635	14635	0	G	A	0.250	5.390138e-02	1.559525e-01	-1.942160e+01	1.000000e-05	1.000000e+05	7.329062e-01	3.029853e-01	3.193844e-01
12	12_14741	14741	1	C	G	0.304	3.483846e-02	1.501390e-01	-1.989399e+01	1.000000e-05	1.000000e+05	8.186508e-01	7.331583e-01	7.366989e-01
12	12_14783	14783	2	A	G	0.091	-1.435849e-01	2.440962e-01	-1.979317e+01	1.000000e-05	1.000000e+05	5.623680e-01	5.728907e-01	5.798392e-01
12	12_15014	15014	1	A	G	0.391	3.190781e-01	1.243312e-01	-1.838842e+01	1.000000e-05	1.000000e+05	1.760724e-02	7.698732e-02	1.008912e-01
12	12_19728	19728	0	A	G	0.167	-1.435858e-01	1.790920e-01	-1.919376e+01	1.000000e-05	1.000000e+05	4.312765e-01	2.181198e-01	2.382416e-01
12	12_19741	19741	0	C	T	0.250	3.325803e-02	1.562126e-01	-1.995035e+01	1.000000e-05	1.000000e+05	8.333636e-01	9.526794e-01	9.532168e-01
12	12_22806	22806	0	T	C	0.250	-3.855375e-01	2.435015e-01	-1.806542e+01	7.796479e-01	1.000000e+05	1.276225e-01	5.207420e-02	7.505133e-02
12	12_259454	259454	0	A	G	0.167	4.859351e-01	1.569947e-01	-1.592920e+01	7.750537e-02	1.000000e+05	5.283674e-03	4.560861e-03	1.582540e-02
12	12_315987	315987	0	T	C	0.333	5.800202e-03	2.600342e-01	-1.994901e+01	3.644534e-01	1.000000e+05	9.824053e-01	9.372522e-01	9.379679e-01
12	12_495113	495113	0	T	C	0.083	-1.305333e-01	2.434064e-01	-1.995204e+01	1.000000e-05	1.000000e+05	5.971485e-01	9.905102e-01	9.906174e-01
12	12_502808	502808	2	A	G	0.455	2.004128e-01	1.354539e-01	-1.934850e+01	1.000000e-05	1.000000e+05	1.531676e-01	2.718846e-01	2.896428e-01
12	12_502864	502864	2	T	C	0.409	-2.209011e-01	1.359141e-01	-1.906921e+01	1.000000e-05	1.000000e+05	1.183399e-01	1.839026e-01	2.054578e-01
12	12_502865	502865	2	G	T	0.409	-2.209011e-01	1.359141e-01	-1.906921e+01	1.000000e-05	1.000000e+05	1.183399e-01	1.839026e-01	2.054578e-01
12	12_502882	502882	3	G	A	0.381	-2.209003e-01	1.414245e-01	-1.954075e+01	1.000000e-05	1.000000e+05	1.325671e-01	3.643900e-01	3.782239e-01
12	12_502888	502888	0	G	A	0.458	-2.209003e-01	1.274741e-01	-1.945991e+01	1.000000e-05	1.000000e+05	9.710950e-02	3.211143e-01	3.367366e-01
12	12_502890	502890	3	G	A	0.381	-2.209006e-01	1.414246e-01	-1.963403e+01	1.000000e-05	1.000000e+05	1.325668e-01	4.251070e-01	4.366258e-01
12	12_502909	502909	0	C	T	0.458	1.154554e-01	1.336482e-01	-1.995029e+01	1.000000e-05	1.000000e+05	3.969775e-01	9.519307e-01	9.524768e-01
12	12_502926	502926	3	G	C	0.429	-5.255012e-02	1.458440e-01	-1.987324e+01	1.000000e-05	1.000000e+05	7.220462e-01	6.912460e-01	6.955465e-01
12	12_502937	502937	2	C	T	0.455	2.004128e-01	1.354540e-01	-1.955951e+01	1.000000e-05	1.000000e+05	1.531677e-01	3.755543e-01	3.889445e-01
12	12_502942	502942	2	T	C	0.409	4.922268e-02	1.434591e-01	-1.980728e+01	1.000000e-05	1.000000e+05	7.347705e-01	5.904400e-01	5.969435e-01
12	12_502956	502956	1	A	G	0.348	6.642345e-02	1.445330e-01	-1.985955e+01	1.000000e-05	1.000000e+05	6.503318e-01	6.670093e-01	6.717883e-01
12	12_503049	503049	2	C	G	0.182	1.055562e-01	1.819774e-01	-1.992158e+01	1.000000e-05	1.000000e+05	5.677740e-01	8.048303e-01	8.072417e-01
12	12_503112	503112	4	G	A	0.250	3.990868e-02	1.710867e-01	-1.991308e+01	1.000000e-05	1.000000e+05	8.177117e-01	7.799442e-01	7.827260e-01
12	12_503171	503171	3	G	A	0.286	8.056613e-02	1.593114e-01	-1.980515e+01	1.000000e-05	1.000000e+05	6.180866e-01	5.877158e-01	5.942872e-01
12	12_503254	503254	1	G	C	0.609	2.979707e-02	1.415830e-01	-1.995111e+01	1.000000e-05	1.000000e+05	8.352484e-01	9.643127e-01	9.647170e-01
12	12_503293	503293	2	A	C	0.455	1.281136e-01	1.393821e-01	-1.964816e+01	1.000000e-05	1.000000e+05	3.679837e-01	4.355787e-01	4.467234e-01
12	12_503311	503311	2	C	A	0.545	6.322146e-02	1.413921e-01	-1.995192e+01	1.000000e-05	1.000000e+05	6.591482e-01	9.844755e-01	9.846510e-01
12	12_503313	503313	2	T	A	0.545	6.322149e-02	1.413920e-01	-1.993822e+01	1.000000e-05	1.000000e+05	6.591478e-01	8.676231e-01	8.691830e-01
12	12_503321	503321	2	C	T	0.500	7.560275e-03	1.414356e-01	-1.972313e+01	1.000000e-05	1.000000e+05	9.578528e-01	4.985821e-01	5.076394e-01
12	12_503327	503327	1	A	C	0.435	-2.209012e-01	1.313390e-01	-1.729560e+01	1.000000e-05	1.000000e+05	1.067272e-01	2.116660e-02	3.998082e-02
12	12_503356	503356	0	A	C	0.333	-1.794822e-01	1.384471e-01	-1.879652e+01	1.000000e-05	1.000000e+05	2.082738e-01	1.284462e-01	1.518953e-01
12	12_503357	503357	0	T	G	0.375	-1.914483e-01	1.337762e-01	-1.776558e+01	1.000000e-05	1.000000e+05	1.664518e-01	3.651163e-02	5.805999e-02
12	12_503364	503364	0	T	C	0.333	-1.794826e-01	1.384470e-01	-1.773266e+01	1.000000e-05	1.000000e+05	2.082727e-01	3.512882e-02	5.649938e-02
12	12_503366	503366	1	C	T	0.348	-1.914481e-01	1.393712e-01	-1.763720e+01	1.000000e-05	1.000000e+05	1.833853e-01	3.142089e-02	5.225982e-02
12	12_503401	503401	0	A	G	0.292	-1.689250e-01	1.445518e-01	-1.853571e+01	1.000000e-05	1.000000e+05	2.550678e-01	9.235728e-02	1.163568e-01
12	12_503416	503416	0	G	A	0.167	-1.435860e-01	1.790917e-01	-1.943973e+01	1.000000e-05	1.000000e+05	4.312752e-01	3.113937e-01	3.274308e-01
12	12_503422	503422	0	T	G	0.125	-1.367486e-01	2.026541e-01	-1.955676e+01	1.000000e-05	1.000000e+05	5.068405e-01	3.738899e-01	3.873458e-01
12	12_503453	503453	0	T	C	0.125	-1.367489e-01	2.026547e-01	-1.980259e+01	1.000000e-05	1.000000e+05	5.068406e-01	5.844879e-01	5.911402e-01
12	12_537923	537923	0	G	A	0.417	-2.051219e-01	1.301958e-01	-1.925828e+01	1.000000e-05	1.000000e+05	1.294159e-01	2.388014e-01	2.580198e-01
12	12_704606	704606	0	A	G	0.250	-3.855375e-01	2.435015e-01	-1.806542e+01	7.796479e-01	1.000000e+05	1.276225e-01	5.207420e-02	7.505133e-02
13	13_11108	11108	0	C	T	0.125	-1.367480e-01	2.026540e-01	-1.943048e+01	1.000000e-05	1.000000e+05	5.068421e-01	3.070657e-01	3.232888e-01
13	13_11118	11118	0	T	C	0.208	1.125153e-01	1.649948e-01	-1.979646e+01	1.000000e-05	1.000000e+05	5.023985e-01	5.768873e-01	5.837327e-01
13	13_11130	11130	0	A	G	0.208	1.125155e-01	1.649948e-01	-1.967393e+01	1.000000e-05	1.000000e+05	5.023976e-01	4.557282e-01	4.661750e-01
13	13_52884	52884	0	A	G	0.167	-1.435849e-01	1.790919e-01	-1.995151e+01	1.000000e-05	1.000000e+05	4.312791e-01	9.723481e-01	9.726610e-01
13	13_111766	111766	0	G	A	0.333	5.800202e-03	2.600342e-01	-1.994901e+01	3.644534e-01	1.000000e+05	9.824053e-01	9.372522e-01	9.379679e-01
13	13_128625	128625	6	A	G	0.444	-7.106379e-02	1.566166e-01	-1.994726e+01	1.000000e-05	1.000000e+05	6.544576e-01	9.215239e-01	9.224238e-01
13	13_128715	128715	3	G	A	0.333	6.943797e-04	1.535552e-01	-1.993747e+01	1.000000e-05	1.000000e+05	9.964327e-01	8.641445e-01	8.657490e-01
13	13_128729	128729	3	G	A	0.286	3.266390e-02	1.600832e-01	-1.989545e+01	1.000000e-05	1.000000e+05	8.401955e-01	7.363992e-01	7.398844e-01
13	13_162462	162462	0	A	G	0.167	-1.435864e-01	1.790917e-01	-1.864222e+01	1.000000e-05	1.000000e+05	4.312740e-01	1.055393e-01	1.294383e-01
13	13_219021	219021	3	C	T	0.190	1.533785e-01	1.814186e-01	-1.995018e+01	1.000000e-05	1.000000e+05	4.069666e-01	9.505369e-01	9.510989e-01
13	13_219311	219311	0	A	T	0.208	3.551635e-01	1.485436e-01	-1.771196e+01	1.000000e-05	1.000000e+05	2.579154e-02	3.428792e-02	5.554517e-02
13	13_219312	219312	0	A	G	0.167	4.576517e-01	1.532671e-01	-1.567229e+01	1.000000e-05	1.000000e+05	6.812349e-03	3.436999e-03	1.358033e-02
13	13_365348	365348	0	T	C	0.625	2.069725e-02	1.397993e-01	-1.986667e+01	1.000000e-05	1.000000e+05	8.836521e-01	6.793271e-01	6.838592e-01
13	13_436539	436539	0	G	A	0.333	5.800202e-03	2.600342e-01	-1.994901e+01	3.644534e-01	1.000000e+05	9.824053e-01	9.372522e-01	9.379679e-01
13	13_436551	436551	0	C	G	0.333	5.800202e-03	2.600342e-01	-1.994901e+01	3.644534e-01	1.000000e+05	9.824053e-01	9.372522e-01	9.379679e-01
13	13_436554	436554	0	T	C	0.333	5.800202e-03	2.600342e-01	-1.994901e+01	3.644534e-01	1.000000e+05	9.824053e-01	9.372522e-01	9.379679e-01
13	13_511459	511459	0	T	C	0.333	5.800202e-03	2.600342e-01	-1.994901e+01	3.644534e-01	1.000000e+05	9.824053e-01	9.372522e-01	9.379679e-01
13	13_548791	548791	0	T	C	0.083	-1.305333e-01	2.434064e-01	-1.995204e+01	1.000000e-05	1.000000e+05	5.971485e-01	9.905102e-01	9.906174e-01
13	13_655915	655915	0	A	G	0.417	-2.621144e-02	1.372303e-01	-1.980712e+01	1.000000e-05	1.000000e+05	8.502747e-01	5.902304e-01	5.967391e-01
13	13_723038	723038	0	G	A	0.292	2.478753e-02	1.488817e-01	-1.909843e+01	1.000000e-05	1.000000e+05	8.692909e-01	1.913277e-01	2.125818e-01
13	13_742766	742766	3	G	A	0.238	3.003850e-01	1.574267e-01	-1.623970e+01	1.000000e-05	1.000000e+05	6.951448e-02	6.433023e-03	1.919529e-02
13	13_742771	742771	0	C	A	0.292	1.997614e-01	1.427530e-01	-1.774174e+01	1.000000e-05	1.000000e+05	1.756504e-01	3.550472e-02	5.692465e-02
13	13_746053	746053	0	G	A	0.083	-1.305341e-01	2.434052e-01	-1.897819e+01	1.000000e-05	1.000000e+05	5.971445e-01	1.628204e-01	1.851843e-01
13	13_748576	748576	0	C	G	0.333	5.800202e-03	2.600342e-01	-1.994901e+01	3.644534e-01	1.000000e+05	9.824053e-01	9.372522e-01	9.379679e-01
14	14_23327	23327	0	C	T	0.333	5.800202e-03	2.600342e-01	-1.994901e+01	3.644534e-01	1.000000e+05	9.824053e-01	9.372522e-01	9.379679e-01
14	14_68046	68046	0	A	G	0.333	5.800202e-03	2.600342e-01	-1.994901e+01	3.644534e-01	1.000000e+05	9.824053e-01	9.372522e-01	9.379679e-01
14	14_149196	149196	0	A	G	0.083	-1.305333e-01	2.434064e-01	-1.995204e+01	1.000000e-05	1.000000e+05	5.971485e-01	9.905102e-01	9.906174e-01
14	14_155590	155590	0	T	C	0.208	3.551643e-01	1.485434e-01	-1.673354e+01	1.000000e-05	1.000000e+05	2.579116e-02	1.117588e-02	2.662391e-02
14	14_231768	231768	0	A	G	0.083	-1.305333e-01	2.434064e-01	-1.995204e+01	1.000000e-05	1.000000e+05	5.971485e-01	9.905102e-01	9.906174e-01
14	14_271762	271762	0	T	C	0.333	5.800202e-03	2.600342e-01	-1.994901e+01	3.644534e-01	1.000000e+05	9.824053e-01	9.372522e-01	9.379679e-01
14	14_342562	342562	0	T	G	0.625	-1.648407e-01	1.353770e-01	-1.965841e+01	1.000000e-05	1.000000e+05	2.362597e-01	4.434272e-01	4.542967e-01
14	14_351837	351837	0	G	T	0.083	-1.305345e-01	2.434057e-01	-1.944757e+01	1.000000e-05	1.000000e+05	5.971441e-01	3.151262e-01	3.310035e-01
14	14_383626	383626	0	A	G	0.583	-2.912897e-01	1.991976e-01	-1.926780e+01	4.561781e-01	1.000000e+05	1.577941e-01	2.420501e-01	2.611254e-01
14	14_555698	555698	0	G	A	0.333	5.800202e-03	2.600342e-01	-1.994901e+01	3.644534e-01	1.000000e+05	9.824053e-01	9.372522e-01	9.379679e-01
14	14_558889	558889	0	T	C	0.333	5.800202e-03	2.600342e-01	-1.994901e+01	3.644534e-01	1.000000e+05	9.824053e-01	9.372522e-01	9.379679e-01
14	14_612687	612687	0	T	C	0.292	2.478753e-02	1.488817e-01	-1.909843e+01	1.000000e-05	1.000000e+05	8.692909e-01	1.913277e-01	2.125818e-01
14	14_618816	618816	0	G	T	0.333	5.800202e-03	2.600342e-01	-1.994901e+01	3.644534e-01	1.000000e+05	9.824053e-01	9.372522e-01	9.379679e-01
14	14_716719	716719	0	T	C	0.333	5.800202e-03	2.600342e-01	-1.994901e+01	3.644534e-01	1.000000e+05	9.824053e-01	9.372522e-01	9.379679e-01
14	14_773166	773166	0	T	C	0.208	-1.818692e-01	1.813912e-01	-1.947083e+01	5.941541e-02	1.000000e+05	3.269381e-01	3.265433e-01	3.419358e-01
14	14_852745	852745	0	T	G	0.583	-2.912897e-01	1.991976e-01	-1.926780e+01	4.561781e-01	1.000000e+05	1.577941e-01	2.420501e-01	2.611254e-01
14	14_908850	908850	0	A	G	0.583	2.051222e-01	1.301956e-01	-1.811070e+01	1.000000e-05	1.000000e+05	1.294150e-01	5.497568e-02	7.812938e-02
14	14_908994	908994	1	C	T	0.130	-1.435854e-01	2.030850e-01	-1.968364e+01	1.000000e-05	1.000000e+05	4.869755e-01	4.637043e-01	4.738826e-01
14	14_909011	909011	1	T	C	0.130	-1.435854e-01	2.030850e-01	-1.968364e+01	1.000000e-05	1.000000e+05	4.869755e-01	4.637043e-01	4.738826e-01
14	14_909450	909450	0	G	T	0.208	-1.511424e-01	1.635859e-01	-1.984738e+01	1.000000e-05	1.000000e+05	3.655448e-01	6.471864e-01	6.523798e-01
14	14_909472	909472	1	G	T	0.304	5.871336e-02	1.498002e-01	-1.957810e+01	1.000000e-05	1.000000e+05	6.988702e-01	3.871080e-01	4.000473e-01
14	14_909504	909504	2	T	G	0.273	7.937086e-02	1.578938e-01	-1.896052e+01	1.000000e-05	1.000000e+05	6.201807e-01	1.590562e-01	1.815554e-01
14	14_909638	909638	1	T	C	0.696	1.194521e-01	1.481495e-01	-1.982175e+01	1.000000e-05	1.000000e+05	4.287033e-01	6.096328e-01	6.156717e-01
14	14_909661	909661	0	A	G	0.667	-1.620204e-02	1.435968e-01	-1.993038e+01	1.000000e-05	1.000000e+05	9.111885e-01	8.348697e-01	8.368603e-01
14	14_909704	909704	0	A	G	0.583	2.621162e-02	1.372304e-01	-1.974989e+01	1.000000e-05	1.000000e+05	8.502739e-01	5.248058e-01	5.330762e-01
14	14_910040	910040	2	A	G	0.409	-5.776422e-02	1.433143e-01	-1.994984e+01	1.000000e-05	1.000000e+05	6.907945e-01	9.463347e-01	9.469452e-01
14	14_910103	910103	1	A	G	0.435	-6.740408e-02	1.387858e-01	-1.995027e+01	1.000000e-05	1.000000e+05	6.320032e-01	9.516095e-01	9.521592e-01
14	14_910152	910152	1	A	G	0.348	-2.515915e-02	1.451261e-01	-1.983192e+01	1.000000e-05	1.000000e+05	8.639532e-01	6.239307e-01	6.296380e-01
14	14_910181	910181	1	G	A	0.391	-4.675221e-02	1.413744e-01	-1.978448e+01	1.000000e-05	1.000000e+05	7.440017e-01	5.625834e-01	5.698024e-01
14	14_910258	910258	1	G	T	0.435	1.336752e-01	1.365868e-01	-1.981007e+01	1.000000e-05	1.000000e+05	3.383768e-01	5.940367e-01	6.004514e-01
14	14_910323	910323	1	T	C	0.348	-7.356589e-03	1.452168e-01	-1.990365e+01	1.000000e-05	1.000000e+05	9.600541e-01	7.555531e-01	7.587196e-01
14	14_910328	910328	1	G	A	0.391	-2.979764e-02	1.415830e-01	-1.980846e+01	1.000000e-05	1.000000e+05	8.352452e-01	5.919628e-01	5.984286e-01
14	14_910510	910510	1	A	G	0.391	-4.675328e-02	1.413742e-01	-1.989348e+01	1.000000e-05	1.000000e+05	7.439956e-01	7.320239e-01	7.355840e-01
14	14_910555	910555	1	C	T	0.348	-2.516020e-02	1.451260e-01	-1.979617e+01	1.000000e-05	1.000000e+05	8.639474e-01	5.765333e-01	5.833878e-01
14	14_910742	910742	0	A	G	0.250	3.325756e-02	1.562124e-01	-1.994647e+01	1.000000e-05	1.000000e+05	8.333657e-01	9.154010e-01	9.163735e-01
14	14_910822	910822	0	G	A	0.208	6.803728e-02	1.660972e-01	-1.988742e+01	1.000000e-05	1.000000e+05	6.860434e-01	7.190831e-01	7.228699e-01
14	14_910834	910834	1	T	A	0.130	-1.435867e-01	2.030855e-01	-1.889901e+01	1.000000e-05	1.000000e+05	4.869726e-01	1.467039e-01	1.696222e-01
14	14_910926	910926	3	G	A	0.381	3.977909e-02	1.488186e-01	-1.967746e+01	1.000000e-05	1.000000e+05	7.917287e-01	4.586036e-01	4.689531e-01
14	14_910939	910939	3	C	A	0.524	7.770078e-02	1.439879e-01	-1.984307e+01	1.000000e-05	1.000000e+05	5.948698e-01	6.405097e-01	6.458475e-01
14	14_910964	910964	1	G	A	0.478	9.370892e-02	1.370180e-01	-1.962508e+01	1.000000e-05	1.000000e+05	5.011688e-01	4.186647e-01	4.304174e-01
14	14_910966	910966	0	T	C	0.458	9.986575e-02	1.342177e-01	-1.953527e+01	1.000000e-05	1.000000e+05	4.647149e-01	3.612128e-01	3.751745e-01
14	14_910979	910979	1	A	G	0.478	-2.393094e-01	1.287244e-01	-1.890185e+01	1.000000e-05	1.000000e+05	7.644355e-02	1.472487e-01	1.701494e-01
14	14_911099	911099	2	A	G	0.455	-1.670101e-01	1.374973e-01	-1.881523e+01	1.000000e-05	1.000000e+05	2.373792e-01	1.315806e-01	1.549477e-01
14	14_911129	911129	0	T	C	0.542	-1.154560e-01	1.336482e-01	-1.907643e+01	1.000000e-05	1.000000e+05	3.969749e-01	1.857066e-01	2.071893e-01
14	14_911206	911206	0	G	A	0.375	-2.069648e-02	1.397953e-01	-1.983924e+01	1.000000e-05	1.000000e+05	8.836531e-01	6.346988e-01	6.401643e-01
14	14_911262	911262	1	A	C	0.348	-7.356602e-03	1.452188e-01	-1.955890e+01	1.000000e-05	1.000000e+05	9.600546e-01	3.751861e-01	3.885908e-01
14	14_911292	911292	2	A	G	0.318	9.795189e-03	1.518258e-01	-1.992722e+01	1.000000e-05	1.000000e+05	9.491420e-01	8.234677e-01	8.256149e-01
14	14_911297	911297	3	A	C	0.333	6.939963e-04	1.535558e-01	-1.990391e+01	1.000000e-05	1.000000e+05	9.964347e-01	7.562023e-01	7.593582e-01
14	14_911308	911308	0	C	T	0.292	2.478533e-02	1.488781e-01	-1.979056e+01	1.000000e-05	1.000000e+05	8.692993e-01	5.697558e-01	5.767858e-01
14	14_911314	911314	0	A	G	0.167	-1.435857e-01	1.790918e-01	-1.924669e+01	1.000000e-05	1.000000e+05	4.312764e-01	2.349174e-01	2.543065e-01
14	14_911321	911321	2	G	A	0.273	-1.794828e-01	1.541186e-01	-1.842785e+01	1.000000e-05	1.000000e+05	2.566642e-01	8.081049e-02	1.047640e-01
14	14_911352	911352	3	G	A	0.381	1.482277e-01	1.456715e-01	-1.823262e+01	1.000000e-05	1.000000e+05	3.199532e-01	6.367524e-02	8.723572e-02
14	14_911375	911375	1	G	A	0.391	-2.051238e-01	1.348096e-01	-1.703346e+01	1.000000e-05	1.000000e+05	1.423584e-01	1.569000e-02	3.291268e-02
14	14_911385	911385	1	G	A	0.478	-1.592719e-01	1.342395e-01	-1.819003e+01	1.000000e-05	1.000000e+05	2.480898e-01	6.048082e-02	8.391147e-02
14	14_911414	911414	3	G	A	0.238	-1.794822e-01	1.655908e-01	-1.844070e+01	1.000000e-05	1.000000e+05	2.901500e-01	8.210103e-02	1.060671e-01
14	14_924025	924025	0	T	C	0.417	-2.955426e-01	1.526937e-01	-1.720548e+01	3.914315e-01	1.000000e+05	6.588212e-02	1.908995e-02	3.735621e-02
14	14_924047	924047	0	C	A	0.500	-9.471347e-02	1.339109e-01	-1.977964e+01	1.000000e-05	1.000000e+05	4.868134e-01	5.569935e-01	5.643620e-01
14	14_924049	924049	0	T	A	0.500	-9.471347e-02	1.339109e-01	-1.977964e+01	1.000000e-05	1.000000e+05	4.868134e-01	5.569935e-01	5.643620e-01
14	14_924050	924050	0	C	G	0.500	-9.471347e-02	1.339109e-01	-1.977964e+01	1.000000e-05	1.000000e+05	4.868134e-01	5.569935e-01	5.643620e-01
14	14_924059	924059	0	T	C	0.458	1.154588e-01	1.336498e-01	-1.938586e+01	1.000000e-05	1.000000e+05	3.969693e-01	2.872425e-01	3.043263e-01
14	14_924128	924128	0	G	A	0.333	2.779203e-01	1.603591e-01	-1.824042e+01	2.551243e-01	1.000000e+05	9.707194e-02	6.427936e-02	8.786207e-02
14	14_924776	924776	0	A	G	0.375	2.360313e-01	1.620686e-01	-1.924987e+01	1.845066e-01	1.000000e+05	1.594160e-01	2.359746e-01	2.553173e-01
14	14_924866	924866	0	G	A	0.292	-1.689269e-01	1.445528e-01	-1.956890e+01	1.000000e-05	1.000000e+05	2.550658e-01	3.813269e-01	3.944907e-01
14	14_925085	925085	0	G	A	0.125	-1.367481e-01	2.026546e-01	-1.992070e+01	1.000000e-05	1.000000e+05	5.068430e-01	8.020857e-01	8.045369e-01
