chr	rs	ps	n_miss	allele1	allele0	af	beta	se	logl_H1	l_remle	l_mle	p_wald	p_lrt	p_score
1	1_44747	44747	0	C	G	0.250	1.981255e+00	3.614480e+00	-9.345257e+01	1.000000e-05	1.000000e+05	5.891125e-01	8.380860e-01	8.400332e-01
1	1_44753	44753	1	G	A	0.261	1.660104e+00	3.648611e+00	-9.347340e+01	1.000000e-05	1.000000e+05	6.535701e-01	9.924356e-01	9.925211e-01
1	1_44785	44785	1	G	A	0.174	-4.619930e+00	4.161349e+00	-9.283440e+01	1.262843e+01	1.000000e+05	2.789005e-01	2.582529e-01	2.766128e-01
1	1_47564	47564	0	G	A	0.417	4.752550e-01	3.194630e+00	-9.345649e+01	1.000000e-05	1.000000e+05	8.830929e-01	8.539028e-01	8.556400e-01
1	1_47575	47575	1	G	A	0.435	-1.493682e+00	3.349674e+00	-9.333791e+01	1.990681e+01	1.000000e+05	6.600136e-01	6.026090e-01	6.088154e-01
1	1_47671	47671	2	G	A	0.409	-4.313504e+00	3.218661e+00	-9.259794e+01	1.000000e-05	1.000000e+05	1.938728e-01	1.857500e-01	2.072309e-01
1	1_47684	47684	2	C	G	0.455	-2.789881e+00	3.159387e+00	-9.303522e+01	7.906970e+01	1.000000e+05	3.867597e-01	3.491766e-01	3.636274e-01
1	1_47686	47686	2	A	G	0.455	-2.789881e+00	3.159387e+00	-9.303522e+01	7.906970e+01	1.000000e+05	3.867597e-01	3.491766e-01	3.636274e-01
1	1_101060	101060	0	T	C	0.083	-6.127993e-01	8.563617e+00	-9.346948e+01	2.625211e+01	1.000000e+05	9.435998e-01	9.290133e-01	9.298251e-01
1	1_170985	170985	0	A	G	0.083	-6.127993e-01	8.563617e+00	-9.346948e+01	2.625211e+01	1.000000e+05	9.435998e-01	9.290133e-01	9.298251e-01
1	1_291990	291990	1	T	G	0.348	6.244500e+00	1.221938e+01	-9.333792e+01	3.507461e+01	1.000000e+05	6.144186e-01	6.026289e-01	6.088348e-01
1	1_309593	309593	2	A	G	0.364	-1.048794e+00	3.414053e+00	-9.344287e+01	1.000000e-05	1.000000e+05	7.615809e-01	8.046627e-01	8.070765e-01
1	1_363954	363954	0	A	G	0.208	-6.610623e+00	6.312034e+00	-9.313411e+01	4.631541e+00	1.000000e+05	3.063296e-01	4.100420e-01	4.221122e-01
1	1_477160	477160	0	A	C	0.167	-1.023471e+00	4.222606e+00	-9.346165e+01	1.000000e-05	1.000000e+05	8.107318e-01	8.778993e-01	8.793293e-01
1	1_606536	606536	0	A	G	0.083	-6.127993e-01	8.563617e+00	-9.346948e+01	2.625211e+01	1.000000e+05	9.435998e-01	9.290133e-01	9.298251e-01
1	1_743295	743295	0	T	C	0.083	-6.127993e-01	8.563617e+00	-9.346948e+01	2.625211e+01	1.000000e+05	9.435998e-01	9.290133e-01	9.298251e-01
1	1_807596	807596	0	T	C	0.083	-6.127993e-01	8.563617e+00	-9.346948e+01	2.625211e+01	1.000000e+05	9.435998e-01	9.290133e-01	9.298251e-01
1	1_927896	927896	0	C	T	0.208	-6.610623e+00	6.312034e+00	-9.313411e+01	4.631541e+00	1.000000e+05	3.063296e-01	4.100420e-01	4.221122e-01
1	1_927901	927901	0	C	A	0.208	-6.610623e+00	6.312034e+00	-9.313411e+01	4.631541e+00	1.000000e+05	3.063296e-01	4.100420e-01	4.221122e-01
1	1_944973	944973	0	G	C	0.333	-2.233111e+00	1.281394e+01	-9.345843e+01	5.525950e+01	1.000000e+05	8.632455e-01	8.623894e-01	8.640165e-01
1	1_971811	971811	1	G	T	0.087	-3.995833e+00	4.570979e+00	-9.306370e+01	1.000000e+05	1.000000e+05	3.914665e-01	3.653265e-01	3.791229e-01
1	1_975012	975012	0	C	T	0.125	-4.788868e+00	4.653989e+00	-9.327872e+01	1.000000e-05	1.000000e+05	3.146693e-01	5.325826e-01	5.406287e-01
1	1_975152	975152	3	T	C	0.333	1.366079e+00	3.561610e+00	-9.331795e+01	1.000000e-05	1.000000e+05	7.049887e-01	5.770679e-01	5.839087e-01
1	1_975212	975212	0	C	T	0.375	-1.026122e+00	3.247527e+00	-9.337474e+01	1.000000e-05	1.000000e+05	7.550032e-01	6.568157e-01	6.618050e-01
1	1_975397	975397	2	T	C	0.409	2.289936e+00	3.311669e+00	-9.333705e+01	1.000000e-05	1.000000e+05	4.965000e-01	6.014639e-01	6.076978e-01
1	1_975445	975445	2	T	C	0.273	2.927191e+00	3.485044e+00	-9.307242e+01	1.079547e+01	1.000000e+05	4.099834e-01	3.704779e-01	3.840689e-01
1	1_975457	975457	2	A	G	0.318	1.057664e+00	3.526366e+00	-9.346052e+01	1.000000e-05	1.000000e+05	7.670459e-01	8.722647e-01	8.737657e-01
1	1_975510	975510	1	T	C	0.130	7.012874e+00	4.539650e+00	-9.251636e+01	1.000000e-05	1.000000e+05	1.366577e-01	1.665003e-01	1.887289e-01
1	1_1065714	1065714	0	G	A	0.208	-6.610623e+00	6.312034e+00	-9.313411e+01	4.631541e+00	1.000000e+05	3.063296e-01	4.100420e-01	4.221122e-01
1	1_1317098	1317098	0	T	C	0.625	-8.718066e+00	6.853231e+00	-9.288414e+01	5.173636e+00	1.000000e+05	2.166164e-01	2.776377e-01	2.951426e-01
1	1_1354376	1354376	0	A	G	0.333	-2.233111e+00	1.281394e+01	-9.345843e+01	5.525950e+01	1.000000e+05	8.632455e-01	8.623894e-01	8.640165e-01
1	1_1471243	1471243	0	T	C	0.333	-2.233111e+00	1.281394e+01	-9.345843e+01	5.525950e+01	1.000000e+05	8.632455e-01	8.623894e-01	8.640165e-01
1	1_1509932	1509932	0	A	C	0.292	-7.716863e+00	7.559364e+00	-9.291808e+01	1.000000e+05	1.000000e+05	3.184279e-01	2.919219e-01	3.088013e-01
1	1_1509935	1509935	0	G	C	0.292	-7.716863e+00	7.559364e+00	-9.291808e+01	1.000000e+05	1.000000e+05	3.184279e-01	2.919219e-01	3.088013e-01
1	1_1509940	1509940	0	G	C	0.292	-7.716863e+00	7.559364e+00	-9.291808e+01	1.000000e+05	1.000000e+05	3.184279e-01	2.919219e-01	3.088013e-01
1	1_1581524	1581524	1	A	G	0.217	-3.145825e+00	3.916395e+00	-9.311410e+01	1.231765e+02	1.000000e+05	4.304264e-01	3.965737e-01	4.091500e-01
1	1_1583615	1583615	0	C	T	0.333	-2.233111e+00	1.281394e+01	-9.345843e+01	5.525950e+01	1.000000e+05	8.632455e-01	8.623894e-01	8.640165e-01
1	1_1943622	1943622	0	G	A	0.333	-2.233111e+00	1.281394e+01	-9.345843e+01	5.525950e+01	1.000000e+05	8.632455e-01	8.623894e-01	8.640165e-01
1	1_2108016	2108016	0	G	C	0.292	-7.716863e+00	7.559364e+00	-9.291808e+01	1.000000e+05	1.000000e+05	3.184279e-01	2.919219e-01	3.088013e-01
1	1_2194658	2194658	0	A	G	0.083	-6.127993e-01	8.563617e+00	-9.346948e+01	2.625211e+01	1.000000e+05	9.435998e-01	9.290133e-01	9.298251e-01
1	1_2205937	2205937	0	G	C	0.333	-2.233111e+00	1.281394e+01	-9.345843e+01	5.525950e+01	1.000000e+05	8.632455e-01	8.623894e-01	8.640165e-01
2	2_71426	71426	0	T	C	0.333	-2.233111e+00	1.281394e+01	-9.345843e+01	5.525950e+01	1.000000e+05	8.632455e-01	8.623894e-01	8.640165e-01
2	2_140257	140257	0	G	A	0.333	-2.233111e+00	1.281394e+01	-9.345843e+01	5.525950e+01	1.000000e+05	8.632455e-01	8.623894e-01	8.640165e-01
2	2_150696	150696	0	T	C	0.333	-2.233111e+00	1.281394e+01	-9.345843e+01	5.525950e+01	1.000000e+05	8.632455e-01	8.623894e-01	8.640165e-01
2	2_270700	270700	2	T	C	0.364	9.284513e-02	3.421307e+00	-9.344953e+01	1.000000e-05	1.000000e+05	9.785949e-01	8.268875e-01	8.289874e-01
2	2_270799	270799	4	A	G	0.150	-3.388686e+00	4.921939e+00	-9.321764e+01	1.000000e+05	1.000000e+05	4.983433e-01	4.744414e-01	4.842655e-01
2	2_270855	270855	0	G	A	0.458	4.373773e+00	3.021932e+00	-9.276211e+01	1.000000e-05	1.000000e+05	1.619012e-01	2.329621e-01	2.524370e-01
2	2_270969	270969	1	T	G	0.435	3.930810e+00	3.137044e+00	-9.341028e+01	1.000000e-05	1.000000e+05	2.233497e-01	7.222576e-01	7.259881e-01
2	2_270970	270970	1	T	A	0.435	3.930810e+00	3.137044e+00	-9.341028e+01	1.000000e-05	1.000000e+05	2.233497e-01	7.222576e-01	7.259881e-01
2	2_270971	270971	1	C	A	0.435	3.930810e+00	3.137044e+00	-9.341028e+01	1.000000e-05	1.000000e+05	2.233497e-01	7.222576e-01	7.259881e-01
2	2_270994	270994	0	A	G	0.458	3.163946e+00	3.089758e+00	-9.346862e+01	1.000000e-05	1.000000e+05	3.169588e-01	9.217058e-01	9.226036e-01
2	2_294465	294465	1	G	A	0.174	-4.543650e+00	4.113026e+00	-9.286614e+01	9.496550e+00	1.000000e+05	2.812265e-01	2.704179e-01	2.882407e-01
2	2_508674	508674	0	G	A	0.333	-2.233111e+00	1.281394e+01	-9.345843e+01	5.525950e+01	1.000000e+05	8.632455e-01	8.623894e-01	8.640165e-01
2	2_595266	595266	0	A	G	0.333	-2.233111e+00	1.281394e+01	-9.345843e+01	5.525950e+01	1.000000e+05	8.632455e-01	8.623894e-01	8.640165e-01
2	2_697983	697983	0	A	G	0.583	6.246087e+00	5.800127e+00	-9.294845e+01	7.642946e+00	1.000000e+05	2.931980e-01	3.055084e-01	3.217985e-01
2	2_774357	774357	0	A	C	0.333	-2.233111e+00	1.281394e+01	-9.345843e+01	5.525950e+01	1.000000e+05	8.632455e-01	8.623894e-01	8.640165e-01
2	2_820645	820645	0	T	A	0.333	-2.233111e+00	1.281394e+01	-9.345843e+01	5.525950e+01	1.000000e+05	8.632455e-01	8.623894e-01	8.640165e-01
2	2_963693	963693	0	T	G	0.292	-7.716863e+00	7.559364e+00	-9.291808e+01	1.000000e+05	1.000000e+05	3.184279e-01	2.919219e-01	3.088013e-01
2	2_983795	983795	0	G	C	0.583	6.246087e+00	5.800127e+00	-9.294845e+01	7.642946e+00	1.000000e+05	2.931980e-01	3.055084e-01	3.217985e-01
2	2_1088064	1088064	0	T	C	0.083	-6.127993e-01	8.563617e+00	-9.346948e+01	2.625211e+01	1.000000e+05	9.435998e-01	9.290133e-01	9.298251e-01
2	2_1162362	1162362	0	G	C	0.333	-2.233111e+00	1.281394e+01	-9.345843e+01	5.525950e+01	1.000000e+05	8.632455e-01	8.623894e-01	8.640165e-01
2	2_1225303	1225303	0	A	G	0.583	6.246087e+00	5.800127e+00	-9.294845e+01	7.642946e+00	1.000000e+05	2.931980e-01	3.055084e-01	3.217985e-01
2	2_1406556	1406556	0	G	A	0.333	-2.233111e+00	1.281394e+01	-9.345843e+01	5.525950e+01	1.000000e+05	8.632455e-01	8.623894e-01	8.640165e-01
2	2_1519281	1519281	0	T	C	0.333	-2.233111e+00	1.281394e+01	-9.345843e+01	5.525950e+01	1.000000e+05	8.632455e-01	8.623894e-01	8.640165e-01
3	3_61845	61845	0	G	T	0.333	-2.233111e+00	1.281394e+01	-9.345843e+01	5.525950e+01	1.000000e+05	8.632455e-01	8.623894e-01	8.640165e-01
3	3_83036	83036	0	T	C	0.333	-2.233111e+00	1.281394e+01	-9.345843e+01	5.525950e+01	1.000000e+05	8.632455e-01	8.623894e-01	8.640165e-01
3	3_84476	84476	0	T	C	0.333	-2.233111e+00	1.281394e+01	-9.345843e+01	5.525950e+01	1.000000e+05	8.632455e-01	8.623894e-01	8.640165e-01
3	3_97584	97584	0	G	T	0.083	-6.127993e-01	8.563617e+00	-9.346948e+01	2.625211e+01	1.000000e+05	9.435998e-01	9.290133e-01	9.298251e-01
3	3_189938	189938	0	T	C	0.083	-6.127993e-01	8.563617e+00	-9.346948e+01	2.625211e+01	1.000000e+05	9.435998e-01	9.290133e-01	9.298251e-01
3	3_207299	207299	1	A	G	0.130	-1.577121e+00	4.767688e+00	-9.344177e+01	1.000000e-05	1.000000e+05	7.439303e-01	8.012594e-01	8.037226e-01
3	3_288811	288811	0	T	C	0.125	-7.772163e-02	4.764649e+00	-9.343401e+01	1.000000e-05	1.000000e+05	9.871324e-01	7.788384e-01	7.816371e-01
3	3_296203	296203	0	G	A	0.208	-6.610623e+00	6.312034e+00	-9.313411e+01	4.631541e+00	1.000000e+05	3.063296e-01	4.100420e-01	4.221122e-01
3	3_354680	354680	0	C	T	0.333	-2.233111e+00	1.281394e+01	-9.345843e+01	5.525950e+01	1.000000e+05	8.632455e-01	8.623894e-01	8.640165e-01
3	3_401715	401715	0	T	C	0.333	-2.233111e+00	1.281394e+01	-9.345843e+01	5.525950e+01	1.000000e+05	8.632455e-01	8.623894e-01	8.640165e-01
3	3_449970	449970	0	T	C	0.292	-7.716863e+00	7.559364e+00	-9.291808e+01	1.000000e+05	1.000000e+05	3.184279e-01	2.919219e-01	3.088013e-01
3	3_485530	485530	0	T	C	0.208	-6.610623e+00	6.312034e+00	-9.313411e+01	4.631541e+00	1.000000e+05	3.063296e-01	4.100420e-01	4.221122e-01
3	3_493126	493126	0	C	T	0.375	8.718066e+00	6.853231e+00	-9.288414e+01	5.173636e+00	1.000000e+05	2.166164e-01	2.776377e-01	2.951426e-01
3	3_741271	741271	0	T	C	0.083	-6.127993e-01	8.563617e+00	-9.346948e+01	2.625211e+01	1.000000e+05	9.435998e-01	9.290133e-01	9.298251e-01
3	3_750294	750294	0	T	G	0.250	6.230409e+00	3.457279e+00	-9.179713e+01	3.868299e+01	1.000000e+05	8.524750e-02	6.709717e-02	9.077445e-02
3	3_860957	860957	0	A	T	0.500	3.354095e+00	3.129415e+00	-9.291582e+01	9.118684e+00	1.000000e+05	2.954288e-01	2.909411e-01	3.078633e-01
3	3_862065	862065	0	G	A	0.208	6.677813e+00	3.318617e+00	-9.144618e+01	1.000000e+05	1.000000e+05	5.659830e-02	4.405268e-02	6.640908e-02
3	3_862068	862068	0	G	A	0.208	6.677813e+00	3.318617e+00	-9.144618e+01	1.000000e+05	1.000000e+05	5.659830e-02	4.405268e-02	6.640908e-02
3	3_862069	862069	2	A	G	0.227	6.213260e+00	3.364716e+00	-9.174429e+01	1.000000e+05	1.000000e+05	7.830298e-02	6.293427e-02	8.646649e-02
3	3_968415	968415	1	G	C	0.348	6.244500e+00	1.221938e+01	-9.333792e+01	3.507461e+01	1.000000e+05	6.144186e-01	6.026289e-01	6.088348e-01
3	3_1070130	1070130	0	G	A	0.333	-2.233111e+00	1.281394e+01	-9.345843e+01	5.525950e+01	1.000000e+05	8.632455e-01	8.623894e-01	8.640165e-01
3	3_1071924	1071924	0	G	A	0.333	-8.932188e+00	2.747202e+00	-9.025397e+01	1.000000e-05	1.000000e+05	3.660206e-03	1.116448e-02	2.660729e-02
3	3_1071929	1071929	0	C	T	0.333	-8.932188e+00	2.747202e+00	-9.025397e+01	1.000000e-05	1.000000e+05	3.660206e-03	1.116448e-02	2.660729e-02
3	3_1180025	1180025	0	C	T	0.333	-2.233111e+00	1.281394e+01	-9.345843e+01	5.525950e+01	1.000000e+05	8.632455e-01	8.623894e-01	8.640165e-01
3	3_1234218	1234218	0	G	A	0.208	1.372863e+00	3.869044e+00	-9.338582e+01	1.000000e-05	1.000000e+05	7.260939e-01	6.754821e-01	6.800903e-01
3	3_1318833	1318833	0	T	C	0.333	-2.233111e+00	1.281394e+01	-9.345843e+01	5.525950e+01	1.000000e+05	8.632455e-01	8.623894e-01	8.640165e-01
3	3_1330004	1330004	0	T	C	0.083	-6.127993e-01	8.563617e+00	-9.346948e+01	2.625211e+01	1.000000e+05	9.435998e-01	9.290133e-01	9.298251e-01
3	3_1334793	1334793	0	C	T	0.083	-6.127993e-01	8.563617e+00	-9.346948e+01	2.625211e+01	1.000000e+05	9.435998e-01	9.290133e-01	9.298251e-01
4	4_53256	53256	0	T	C	0.083	-6.127993e-01	8.563617e+00	-9.346948e+01	2.625211e+01	1.000000e+05	9.435998e-01	9.290133e-01	9.298251e-01
4	4_106294	106294	0	C	T	0.250	-3.583795e+00	6.842307e+00	-9.335735e+01	1.114295e+01	1.000000e+05	6.056753e-01	6.299073e-01	6.354796e-01
4	4_577501	577501	0	G	A	0.333	-2.233111e+00	1.281394e+01	-9.345843e+01	5.525950e+01	1.000000e+05	8.632455e-01	8.623894e-01	8.640165e-01
4	4_667433	667433	0	G	T	0.333	5.811215e+00	3.822906e+00	-9.226214e+01	2.273474e+01	1.000000e+05	1.427276e-01	1.195944e-01	1.432513e-01
4	4_667446	667446	0	G	A	0.375	3.382112e+00	3.657134e+00	-9.312149e+01	6.053208e+00	1.000000e+05	3.651043e-01	4.014705e-01	4.138613e-01
4	4_667490	667490	1	G	A	0.435	2.763433e+00	3.193178e+00	-9.336463e+01	1.000000e-05	1.000000e+05	3.961490e-01	6.408521e-01	6.461824e-01
4	4_679331	679331	0	T	A	0.333	-2.233111e+00	1.281394e+01	-9.345843e+01	5.525950e+01	1.000000e+05	8.632455e-01	8.623894e-01	8.640165e-01
4	4_901105	901105	1	G	A	0.348	6.244500e+00	1.221938e+01	-9.333792e+01	3.507461e+01	1.000000e+05	6.144186e-01	6.026289e-01	6.088348e-01
4	4_995956	995956	2	A	G	0.273	3.682982e+00	3.459851e+00	-9.287076e+01	1.000000e+05	1.000000e+05	2.986506e-01	2.722504e-01	2.899925e-01
4	4_1076446	1076446	0	G	A	0.333	-5.499414e+00	3.130331e+00	-9.229783e+01	1.000000e-05	1.000000e+05	9.286049e-02	1.251829e-01	1.487130e-01
4	4_1076465	1076465	0	G	A	0.375	-6.272902e+00	2.967441e+00	-9.221324e+01	1.000000e-05	1.000000e+05	4.609239e-02	1.123813e-01	1.361775e-01
5	5_7093	7093	0	G	A	0.417	2.288316e+00	3.227634e+00	-9.317909e+01	2.242929e+01	1.000000e+05	4.857852e-01	4.429172e-01	4.538045e-01
5	5_168988	168988	0	G	A	0.083	-6.127993e-01	8.563617e+00	-9.346948e+01	2.625211e+01	1.000000e+05	9.435998e-01	9.290133e-01	9.298251e-01
5	5_276722	276722	0	A	G	0.583	6.246087e+00	5.800127e+00	-9.294845e+01	7.642946e+00	1.000000e+05	2.931980e-01	3.055084e-01	3.217985e-01
5	5_475470	475470	1	T	C	0.391	2.808487e-01	3.297654e+00	-9.343900e+01	1.000000e-05	1.000000e+05	9.328996e-01	7.929361e-01	7.955219e-01
5	5_476407	476407	0	T	A	0.542	2.491111e+00	2.867935e+00	-9.303739e+01	3.155631e+01	1.000000e+05	3.944389e-01	3.503709e-01	3.647728e-01
5	5_500266	500266	1	G	A	0.435	-9.641219e-01	3.555807e+00	-9.340899e+01	2.568608e+01	1.000000e+05	7.888111e-01	7.195554e-01	7.233338e-01
5	5_676974	676974	0	A	C	0.458	1.080342e+00	3.154132e+00	-9.345378e+01	1.000000e-05	1.000000e+05	7.352132e-01	8.427948e-01	8.446788e-01
5	5_773775	773775	0	C	T	0.083	-6.127993e-01	8.563617e+00	-9.346948e+01	2.625211e+01	1.000000e+05	9.435998e-01	9.290133e-01	9.298251e-01
5	5_835130	835130	1	A	G	0.391	-3.901594e-01	3.297140e+00	-9.345950e+01	1.000000e-05	1.000000e+05	9.068779e-01	8.673467e-01	8.689102e-01
5	5_835251	835251	1	G	C	0.304	-6.102113e+00	3.247349e+00	-9.166493e+01	1.000000e-05	1.000000e+05	7.354317e-02	5.719080e-02	8.046459e-02
5	5_835261	835261	2	A	G	0.273	-5.773992e+00	3.484436e+00	-9.199235e+01	1.000000e-05	1.000000e+05	1.116969e-01	8.523235e-02	1.092207e-01
5	5_836479	836479	0	G	A	0.375	-3.713030e+00	3.157160e+00	-9.308281e+01	1.000000e-05	1.000000e+05	2.521384e-01	3.767517e-01	3.900948e-01
5	5_836568	836568	0	A	G	0.417	5.695650e+00	3.071886e+00	-9.173114e+01	1.000000e+05	1.000000e+05	7.717759e-02	6.194162e-02	8.543425e-02
5	5_836697	836697	0	A	G	0.542	-8.431358e+00	2.637352e+00	-8.889484e+01	1.000000e+05	1.000000e+05	4.162335e-03	2.477389e-03	1.144811e-02
5	5_836899	836899	1	G	A	0.087	3.247068e+00	5.670531e+00	-9.334579e+01	1.000000e-05	1.000000e+05	5.727072e-01	6.133531e-01	6.193046e-01
5	5_975686	975686	0	C	G	0.375	8.718066e+00	6.853231e+00	-9.288414e+01	5.173636e+00	1.000000e+05	2.166164e-01	2.776377e-01	2.951426e-01
5	5_1037902	1037902	0	A	G	0.333	-2.233111e+00	1.281394e+01	-9.345843e+01	5.525950e+01	1.000000e+05	8.632455e-01	8.623894e-01	8.640165e-01
5	5_1099536	1099536	0	A	G	0.083	-6.127993e-01	8.563617e+00	-9.346948e+01	2.625211e+01	1.000000e+05	9.435998e-01	9.290133e-01	9.298251e-01
5	5_1166880	1166880	0	A	G	0.083	-6.127993e-01	8.563617e+00	-9.346948e+01	2.625211e+01	1.000000e+05	9.435998e-01	9.290133e-01	9.298251e-01
5	5_1210544	1210544	0	A	G	0.583	6.246087e+00	5.800127e+00	-9.294845e+01	7.642946e+00	1.000000e+05	2.931980e-01	3.055084e-01	3.217985e-01
5	5_1245074	1245074	0	G	A	0.500	2.005190e+00	4.678897e+00	-9.336170e+01	1.545654e+01	1.000000e+05	6.724101e-01	6.363886e-01	6.418167e-01
5	5_1405166	1405166	0	G	A	0.250	-3.583795e+00	6.842307e+00	-9.335735e+01	1.114295e+01	1.000000e+05	6.056753e-01	6.299073e-01	6.354796e-01
5	5_1597105	1597105	0	C	T	0.625	-8.718066e+00	6.853231e+00	-9.288414e+01	5.173636e+00	1.000000e+05	2.166164e-01	2.776377e-01	2.951426e-01
5	5_1661241	1661241	0	G	A	0.083	-6.127993e-01	8.563617e+00	-9.346948e+01	2.625211e+01	1.000000e+05	9.435998e-01	9.290133e-01	9.298251e-01
5	5_1688982	1688982	0	A	G	0.250	-3.583795e+00	6.842307e+00	-9.335735e+01	1.114295e+01	1.000000e+05	6.056753e-01	6.299073e-01	6.354796e-01
5	5_1695239	1695239	0	C	T	0.083	-6.127993e-01	8.563617e+00	-9.346948e+01	2.625211e+01	1.000000e+05	9.435998e-01	9.290133e-01	9.298251e-01
5	5_1770892	1770892	0	G	A	0.375	-5.515661e+00	3.035040e+00	-9.265322e+01	1.000000e-05	1.000000e+05	8.281442e-02	2.002633e-01	2.211466e-01
5	5_1773044	1773044	0	G	A	0.125	-6.451133e+00	4.175086e+00	-9.223712e+01	1.000000e+05	1.000000e+05	1.365745e-01	1.158413e-01	1.395744e-01
5	5_1773047	1773047	0	G	A	0.292	4.408979e+00	3.336936e+00	-9.307941e+01	1.000000e-05	1.000000e+05	1.999906e-01	3.746825e-01	3.881071e-01
5	5_1781499	1781499	0	C	A	0.333	-2.233111e+00	1.281394e+01	-9.345843e+01	5.525950e+01	1.000000e+05	8.632455e-01	8.623894e-01	8.640165e-01
6	6_191358	191358	0	C	T	0.083	-3.608703e+00	5.649182e+00	-9.346129e+01	1.000000e-05	1.000000e+05	5.295475e-01	8.760937e-01	8.775463e-01
6	6_211509	211509	0	T	C	0.083	-4.416849e-01	5.700556e+00	-9.347300e+01	1.000000e-05	1.000000e+05	9.389413e-01	9.761370e-01	9.764070e-01
6	6_220264	220264	1	G	A	0.391	-7.305637e+00	3.107662e+00	-9.082941e+01	6.892963e+00	1.000000e+05	2.810413e-02	2.147198e-02	4.036193e-02
6	6_220267	220267	1	G	A	0.391	-7.305637e+00	3.107662e+00	-9.082941e+01	6.892963e+00	1.000000e+05	2.810413e-02	2.147198e-02	4.036193e-02
6	6_221273	221273	3	A	G	0.429	3.626012e-01	3.403163e+00	-9.347182e+01	1.000000e-05	1.000000e+05	9.161130e-01	9.545518e-01	9.550678e-01
6	6_221275	221275	2	A	G	0.455	-3.043431e-01	3.304715e+00	-9.343956e+01	1.000000e-05	1.000000e+05	9.274571e-01	7.946137e-01	7.971745e-01
6	6_221282	221282	1	A	C	0.478	-8.500277e-01	3.217260e+00	-9.333976e+01	1.000000e-05	1.000000e+05	7.940785e-01	6.050985e-01	6.112452e-01
6	6_239210	239210	0	G	A	0.333	-2.233111e+00	1.281394e+01	-9.345843e+01	5.525950e+01	1.000000e+05	8.632455e-01	8.623894e-01	8.640165e-01
6	6_276397	276397	0	A	G	0.083	-6.127993e-01	8.563617e+00	-9.346948e+01	2.625211e+01	1.000000e+05	9.435998e-01	9.290133e-01	9.298251e-01
6	6_406899	406899	0	C	T	0.333	-2.233111e+00	1.281394e+01	-9.345843e+01	5.525950e+01	1.000000e+05	8.632455e-01	8.623894e-01	8.640165e-01
6	6_465434	465434	0	A	G	0.083	-6.127993e-01	8.563617e+00	-9.346948e+01	2.625211e+01	1.000000e+05	9.435998e-01	9.290133e-01	9.298251e-01
6	6_484890	484890	0	T	C	0.333	-2.233111e+00	1.281394e+01	-9.345843e+01	5.525950e+01	1.000000e+05	8.632455e-01	8.623894e-01	8.640165e-01
6	6_499210	499210	0	G	C	0.333	-2.233111e+00	1.281394e+01	-9.345843e+01	5.525950e+01	1.000000e+05	8.632455e-01	8.623894e-01	8.640165e-01
6	6_544412	544412	0	G	A	0.083	-6.127993e-01	8.563617e+00	-9.346948e+01	2.625211e+01	1.000000e+05	9.435998e-01	9.290133e-01	9.298251e-01
6	6_554477	554477	0	G	T	0.083	-6.127993e-01	8.563617e+00	-9.346948e+01	2.625211e+01	1.000000e+05	9.435998e-01	9.290133e-01	9.298251e-01
6	6_602467	602467	0	C	G	0.333	-2.233111e+00	1.281394e+01	-9.345843e+01	5.525950e+01	1.000000e+05	8.632455e-01	8.623894e-01	8.640165e-01
6	6_659075	659075	0	T	C	0.333	-2.233111e+00	1.281394e+01	-9.345843e+01	5.525950e+01	1.000000e+05	8.632455e-01	8.623894e-01	8.640165e-01
6	6_739933	739933	0	G	T	0.375	-2.167552e+00	3.221913e+00	-9.342275e+01	1.000000e-05	1.000000e+05	5.081099e-01	7.501713e-01	7.534258e-01
6	6_761983	761983	0	T	C	0.083	-6.127993e-01	8.563617e+00	-9.346948e+01	2.625211e+01	1.000000e+05	9.435998e-01	9.290133e-01	9.298251e-01
6	6_936535	936535	0	T	A	0.083	-3.608711e+00	5.649228e+00	-9.320374e+01	1.000000e-05	1.000000e+05	5.295499e-01	4.626722e-01	4.728851e-01
6	6_960726	960726	0	A	G	0.083	-6.127993e-01	8.563617e+00	-9.346948e+01	2.625211e+01	1.000000e+05	9.435998e-01	9.290133e-01	9.298251e-01
6	6_988043	988043	0	T	C	0.292	-6.111919e+00	3.143802e+00	-9.157096e+01	1.000000e+05	1.000000e+05	6.477923e-02	5.110048e-02	7.401312e-02
6	6_988098	988098	1	A	G	0.348	-1.022737e+00	3.372600e+00	-9.339036e+01	1.000000e-05	1.000000e+05	7.645494e-01	6.835246e-01	6.879743e-01
6	6_988261	988261	3	A	G	0.238	5.878956e+00	3.320632e+00	-9.187509e+01	1.000000e+05	1.000000e+05	9.051271e-02	7.378656e-02	9.763353e-02
6	6_988405	988405	2	T	C	0.318	1.382626e-01	3.533446e+00	-9.337547e+01	1.000000e-05	1.000000e+05	9.691399e-01	6.580040e-01	6.629685e-01
6	6_988465	988465	0	T	C	0.583	-4.239811e+00	3.065755e+00	-9.325548e+01	1.000000e-05	1.000000e+05	1.805543e-01	5.090857e-01	5.178221e-01
6	6_988478	988478	2	A	G	0.409	-3.420617e+00	3.043928e+00	-9.275819e+01	2.293278e+01	1.000000e+05	2.732319e-01	2.316793e-01	2.512104e-01
6	6_988549	988549	2	A	G	0.364	-3.511500e+00	3.338457e+00	-9.338742e+01	1.000000e-05	1.000000e+05	3.042928e-01	6.782896e-01	6.828422e-01
6	6_988553	988553	2	T	G	0.364	-3.511502e+00	3.338457e+00	-9.331755e+01	1.000000e-05	1.000000e+05	3.042926e-01	5.765824e-01	5.834356e-01
6	6_988631	988631	2	G	A	0.227	1.621691e+00	3.912099e+00	-9.340817e+01	1.000000e-05	1.000000e+05	6.824985e-01	7.178561e-01	7.216647e-01
6	6_988733	988733	1	A	G	0.478	2.076202e+00	3.191825e+00	-9.338597e+01	1.000000e-05	1.000000e+05	5.221213e-01	6.757460e-01	6.803491e-01
6	6_988843	988843	3	A	G	0.429	1.531275e-01	3.403883e+00	-9.344534e+01	1.000000e-05	1.000000e+05	9.645242e-01	8.125910e-01	8.148911e-01
6	6_988922	988922	5	A	G	0.368	-2.263295e+00	3.639571e+00	-9.323036e+01	1.000000e-05	1.000000e+05	5.404271e-01	4.856407e-01	4.951040e-01
6	6_988930	988930	2	G	A	0.273	-2.918352e+00	3.642740e+00	-9.326017e+01	1.000000e-05	1.000000e+05	4.316173e-01	5.136832e-01	5.222815e-01
6	6_988960	988960	2	T	G	0.318	-1.821500e-01	3.533358e+00	-9.345355e+01	1.000000e-05	1.000000e+05	9.593513e-01	8.418971e-01	8.437931e-01
6	6_989188	989188	0	T	C	0.417	-2.435413e+00	3.153789e+00	-9.345690e+01	1.000000e-05	1.000000e+05	4.482020e-01	8.556338e-01	8.573484e-01
6	6_989334	989334	2	G	C	0.364	-1.936449e+00	3.396363e+00	-9.337208e+01	1.000000e-05	1.000000e+05	5.743506e-01	6.525270e-01	6.576066e-01
6	6_989453	989453	3	A	G	0.667	2.121306e+00	3.544764e+00	-9.344653e+01	1.000000e-05	1.000000e+05	5.556624e-01	8.165209e-01	8.187654e-01
6	6_989490	989490	0	T	C	0.417	5.411597e+00	3.004417e+00	-9.294431e+01	2.351315e-02	1.000000e+05	8.539325e-02	3.036104e-01	3.199825e-01
6	6_989528	989528	0	T	C	0.542	6.884504e+00	2.801289e+00	-9.302462e+01	1.000000e-05	1.000000e+05	2.233557e-02	3.434123e-01	3.581004e-01
6	6_989732	989732	4	T	C	0.400	6.213021e+00	3.282634e+00	-9.234238e+01	1.639888e-02	1.000000e+05	7.163008e-02	1.325715e-01	1.559117e-01
6	6_989861	989861	2	A	G	0.500	3.585483e+00	3.201672e+00	-9.339846e+01	1.000000e-05	1.000000e+05	2.748432e-01	6.985540e-01	7.027160e-01
6	6_989960	989960	0	A	G	0.458	8.987026e-01	3.156720e+00	-9.335112e+01	1.000000e-05	1.000000e+05	7.785405e-01	6.208607e-01	6.266382e-01
6	6_990258	990258	2	G	T	0.409	1.204664e+00	3.337592e+00	-9.347189e+01	1.000000e-05	1.000000e+05	7.215886e-01	9.555385e-01	9.560432e-01
6	6_990671	990671	5	G	A	0.526	1.245841e+00	3.536987e+00	-9.344771e+01	1.000000e-05	1.000000e+05	7.280158e-01	8.204971e-01	8.226857e-01
6	6_990699	990699	2	G	A	0.545	-2.118744e+00	3.549425e+00	-9.324993e+01	2.529253e+01	1.000000e+05	5.566507e-01	5.037459e-01	5.126445e-01
6	6_990701	990701	1	A	G	0.565	-2.567133e+00	3.632181e+00	-9.317970e+01	2.226716e+01	1.000000e+05	4.871257e-01	4.433884e-01	4.542593e-01
6	6_990771	990771	3	T	C	0.381	-2.621218e+00	3.423590e+00	-9.333989e+01	1.000000e-05	1.000000e+05	4.520304e-01	6.052754e-01	6.114179e-01
6	6_990777	990777	1	A	G	0.391	-2.639655e+00	3.249834e+00	-9.340353e+01	1.000000e-05	1.000000e+05	4.253545e-01	7.084478e-01	7.124265e-01
6	6_990851	990851	1	T	C	0.304	1.664469e+00	3.816553e+00	-9.334929e+01	2.827166e+01	1.000000e+05	6.670006e-01	6.182575e-01	6.240950e-01
6	6_990862	990862	1	G	T	0.261	1.815364e+00	3.859420e+00	-9.333162e+01	1.982897e+01	1.000000e+05	6.427189e-01	5.943083e-01	6.007164e-01
6	6_990885	990885	2	A	G	0.227	-4.459897e+00	3.810515e+00	-9.318042e+01	1.000000e-05	1.000000e+05	2.543554e-01	4.439488e-01	4.548002e-01
6	6_990992	990992	1	T	C	0.174	-8.963730e+00	4.429577e+00	-9.143725e+01	1.069567e+01	1.000000e+05	5.532468e-02	4.358934e-02	6.590307e-02
6	6_991027	991027	0	T	C	0.167	-4.733512e+00	4.106026e+00	-9.310195e+01	1.000000e-05	1.000000e+05	2.613564e-01	3.887005e-01	4.015783e-01
6	6_1031241	1031241	1	A	G	0.478	5.615022e-01	4.513779e+00	-9.346541e+01	1.236834e+01	1.000000e+05	9.021303e-01	8.991285e-01	9.002966e-01
6	6_1116760	1116760	0	G	A	0.333	-2.233111e+00	1.281394e+01	-9.345843e+01	5.525950e+01	1.000000e+05	8.632455e-01	8.623894e-01	8.640165e-01
6	6_1160524	1160524	0	A	G	0.375	-3.015906e+00	3.190748e+00	-9.347301e+01	1.000000e-05	1.000000e+05	3.548213e-01	9.762616e-01	9.765301e-01
6	6_1160528	1160528	0	A	G	0.375	-3.015906e+00	3.190748e+00	-9.347301e+01	1.000000e-05	1.000000e+05	3.548213e-01	9.762616e-01	9.765301e-01
6	6_1160532	1160532	0	A	G	0.375	-3.015906e+00	3.190748e+00	-9.347301e+01	1.000000e-05	1.000000e+05	3.548213e-01	9.762616e-01	9.765301e-01
6	6_1167676	1167676	0	C	G	0.333	-2.233111e+00	1.281394e+01	-9.345843e+01	5.525950e+01	1.000000e+05	8.632455e-01	8.623894e-01	8.640165e-01
6	6_1174733	1174733	0	G	C	0.083	-6.127993e-01	8.563617e+00	-9.346948e+01	2.625211e+01	1.000000e+05	9.435998e-01	9.290133e-01	9.298251e-01
6	6_1249810	1249810	0	G	A	0.208	-6.610623e+00	6.312034e+00	-9.313411e+01	4.631541e+00	1.000000e+05	3.063296e-01	4.100420e-01	4.221122e-01
6	6_1279254	1279254	0	C	T	0.333	-2.233111e+00	1.281394e+01	-9.345843e+01	5.525950e+01	1.000000e+05	8.632455e-01	8.623894e-01	8.640165e-01
7	7_11056	11056	1	A	C	0.348	2.623909e+00	3.351133e+00	-9.312120e+01	7.069671e+01	1.000000e+05	4.419798e-01	4.012741e-01	4.136724e-01
7	7_14006	14006	2	A	G	0.273	-1.730555e-01	3.695318e+00	-9.345104e+01	1.000000e-05	1.000000e+05	9.630704e-01	8.323496e-01	8.343745e-01
7	7_36839	36839	0	G	A	0.125	1.177627e+01	4.049502e+00	-9.179973e+01	1.000000e-05	1.000000e+05	8.152754e-03	6.730941e-02	9.099323e-02
7	7_37788	37788	0	C	T	0.333	-2.233111e+00	1.281394e+01	-9.345843e+01	5.525950e+01	1.000000e+05	8.632455e-01	8.623894e-01	8.640165e-01
7	7_49744	49744	0	G	A	0.083	-6.296595e+00	5.362026e+00	-9.273176e+01	1.592484e+01	1.000000e+05	2.528325e-01	2.232474e-01	2.431468e-01
7	7_164473	164473	2	G	A	0.364	-2.853345e+00	3.366848e+00	-9.331834e+01	1.000000e-05	1.000000e+05	4.058519e-01	5.775423e-01	5.843710e-01
7	7_164511	164511	0	T	C	0.542	7.846021e-01	3.158102e+00	-9.347343e+01	1.000000e-05	1.000000e+05	8.060977e-01	9.946834e-01	9.947434e-01
7	7_164589	164589	1	C	T	0.391	2.554501e+00	3.014390e+00	-9.306335e+01	7.747998e+01	1.000000e+05	4.058777e-01	3.651209e-01	3.789255e-01
7	7_164636	164636	1	A	G	0.391	-1.852642e+00	3.385822e+00	-9.329476e+01	7.080846e+01	1.000000e+05	5.897656e-01	5.499721e-01	5.575315e-01
7	7_164887	164887	1	G	A	0.348	2.362555e+00	3.125656e+00	-9.314405e+01	6.008937e+01	1.000000e+05	4.577513e-01	4.169848e-01	4.287989e-01
7	7_164926	164926	2	G	A	0.273	3.557913e+00	3.487973e+00	-9.288990e+01	2.138950e+01	1.000000e+05	3.187909e-01	2.799997e-01	2.974009e-01
7	7_165027	165027	3	T	C	0.190	4.440873e+00	3.824542e+00	-9.274917e+01	1.242852e+01	1.000000e+05	2.580245e-01	2.287610e-01	2.484199e-01
7	7_165292	165292	0	C	A	0.583	-3.883375e+00	3.032207e+00	-9.263107e+01	1.214394e+01	1.000000e+05	2.136337e-01	1.942928e-01	2.154248e-01
7	7_165637	165637	0	A	G	0.458	-5.364413e+00	2.948483e+00	-9.239730e+01	1.000000e-05	1.000000e+05	8.249067e-02	1.423569e-01	1.654123e-01
7	7_165657	165657	2	A	G	0.409	-3.521428e+00	3.244740e+00	-9.284410e+01	1.418491e+01	1.000000e+05	2.895506e-01	2.618964e-01	2.800953e-01
7	7_165680	165680	0	T	C	0.417	-4.458543e+00	3.051615e+00	-9.257330e+01	1.000000e-05	1.000000e+05	1.581397e-01	1.796771e-01	2.014003e-01
7	7_165704	165704	1	A	G	0.478	2.944354e+00	3.160627e+00	-9.310697e+01	1.000000e-05	1.000000e+05	3.616685e-01	3.919248e-01	4.046786e-01
7	7_165798	165798	2	C	T	0.409	3.195880e+00	3.798052e+00	-9.308134e+01	1.856539e+01	1.000000e+05	4.091482e-01	3.758517e-01	3.892302e-01
7	7_165854	165854	2	T	C	0.545	-4.350951e+00	2.831458e+00	-9.221833e+01	5.836941e+01	1.000000e+05	1.386384e-01	1.131088e-01	1.368923e-01
7	7_165873	165873	1	A	G	0.391	3.204185e+00	3.226674e+00	-9.301212e+01	1.000000e-05	1.000000e+05	3.314925e-01	3.367764e-01	3.517398e-01
7	7_165955	165955	2	T	C	0.409	7.079108e-01	3.344060e+00	-9.337192e+01	1.000000e-05	1.000000e+05	8.342962e-01	6.522721e-01	6.573571e-01
7	7_166056	166056	1	C	A	0.522	-6.943537e-01	3.218957e+00	-9.347166e+01	1.000000e-05	1.000000e+05	8.312030e-01	9.523121e-01	9.528538e-01
7	7_166309	166309	1	G	A	0.478	-5.648305e-01	3.220107e+00	-9.327685e+01	1.000000e-05	1.000000e+05	8.623640e-01	5.306221e-01	5.387244e-01
7	7_166838	166838	0	T	A	0.125	-2.720813e+00	4.729232e+00	-9.345808e+01	1.000000e-05	1.000000e+05	5.709141e-01	8.608217e-01	8.624690e-01
7	7_166992	166992	2	A	G	0.318	1.087820e-01	3.533492e+00	-9.344656e+01	1.000000e-05	1.000000e+05	9.757178e-01	8.166209e-01	8.188639e-01
7	7_167034	167034	2	T	C	0.318	-1.798344e+00	3.512707e+00	-9.327536e+01	1.000000e-05	1.000000e+05	6.137842e-01	5.290755e-01	5.372223e-01
7	7_167035	167035	1	C	A	0.348	-1.055885e+00	3.372132e+00	-9.341979e+01	1.000000e-05	1.000000e+05	7.571380e-01	7.432216e-01	7.465915e-01
7	7_167135	167135	2	A	G	0.591	-2.785625e+00	3.294362e+00	-9.326199e+01	1.000000e-05	1.000000e+05	4.068938e-01	5.154890e-01	5.240335e-01
7	7_167192	167192	2	C	T	0.500	-1.062283e+00	3.283869e+00	-9.347255e+01	1.000000e-05	1.000000e+05	7.493827e-01	9.661304e-01	9.665140e-01
7	7_167224	167224	4	T	A	0.400	-6.411423e-01	3.520870e+00	-9.346204e+01	1.000000e-05	1.000000e+05	8.571735e-01	8.799156e-01	8.813204e-01
7	7_167292	167292	3	A	G	0.429	-5.032750e-01	3.402348e+00	-9.343374e+01	1.000000e-05	1.000000e+05	8.837533e-01	7.780783e-01	7.808887e-01
7	7_167370	167370	1	A	G	0.391	3.226078e+00	3.225674e+00	-9.330657e+01	1.000000e-05	1.000000e+05	3.281240e-01	5.634571e-01	5.706529e-01
7	7_167655	167655	2	G	A	0.364	1.146684e-03	3.421370e+00	-9.345592e+01	1.000000e-05	1.000000e+05	9.997356e-01	8.514885e-01	8.532573e-01
7	7_167687	167687	1	A	C	0.130	5.038486e-01	4.778337e+00	-9.329349e+01	1.000000e-05	1.000000e+05	9.169788e-01	5.485533e-01	5.561517e-01
7	7_226969	226969	0	G	A	0.333	-2.233111e+00	1.281394e+01	-9.345843e+01	5.525950e+01	1.000000e+05	8.632455e-01	8.623894e-01	8.640165e-01
7	7_230511	230511	0	A	G	0.333	-2.233111e+00	1.281394e+01	-9.345843e+01	5.525950e+01	1.000000e+05	8.632455e-01	8.623894e-01	8.640165e-01
7	7_347542	347542	0	C	T	0.292	-7.716863e+00	7.559364e+00	-9.291808e+01	1.000000e+05	1.000000e+05	3.184279e-01	2.919219e-01	3.088013e-01
7	7_453828	453828	2	T	C	0.182	1.083278e+00	4.260934e+00	-9.315608e+01	1.000000e-05	1.000000e+05	8.016752e-01	4.256250e-01	4.371252e-01
7	7_479542	479542	1	A	G	0.130	-4.382513e+00	4.687315e+00	-9.323193e+01	1.000000e-05	1.000000e+05	3.599522e-01	4.870523e-01	4.964707e-01
7	7_508893	508893	0	G	C	0.333	-2.233111e+00	1.281394e+01	-9.345843e+01	5.525950e+01	1.000000e+05	8.632455e-01	8.623894e-01	8.640165e-01
7	7_672119	672119	0	G	A	0.292	-1.000767e+00	3.460229e+00	-9.337414e+01	1.000000e-05	1.000000e+05	7.751211e-01	6.558423e-01	6.608521e-01
7	7_752860	752860	2	A	T	0.273	2.041999e+00	3.669762e+00	-9.338713e+01	1.000000e-05	1.000000e+05	5.835270e-01	6.777714e-01	6.823343e-01
7	7_752861	752861	0	A	T	0.125	4.825705e+00	4.148621e+00	-9.275723e+01	1.000000e+05	1.000000e+05	2.572075e-01	2.313661e-01	2.509110e-01
7	7_813688	813688	1	C	T	0.348	6.244500e+00	1.221938e+01	-9.333792e+01	3.507461e+01	1.000000e+05	6.144186e-01	6.026289e-01	6.088348e-01
7	7_819348	819348	0	A	C	0.333	-2.233111e+00	1.281394e+01	-9.345843e+01	5.525950e+01	1.000000e+05	8.632455e-01	8.623894e-01	8.640165e-01
7	7_831960	831960	0	T	G	0.250	-3.583795e+00	6.842307e+00	-9.335735e+01	1.114295e+01	1.000000e+05	6.056753e-01	6.299073e-01	6.354796e-01
7	7_908360	908360	3	C	A	0.143	-3.601633e+00	3.920993e+00	-9.302183e+01	1.000000e+05	1.000000e+05	3.682920e-01	3.419176e-01	3.566674e-01
7	7_911043	911043	0	C	T	0.333	-2.233111e+00	1.281394e+01	-9.345843e+01	5.525950e+01	1.000000e+05	8.632455e-01	8.623894e-01	8.640165e-01
7	7_1008288	1008288	0	G	A	0.333	-2.233111e+00	1.281394e+01	-9.345843e+01	5.525950e+01	1.000000e+05	8.632455e-01	8.623894e-01	8.640165e-01
7	7_1024334	1024334	0	G	A	0.333	-2.233111e+00	1.281394e+01	-9.345843e+01	5.525950e+01	1.000000e+05	8.632455e-01	8.623894e-01	8.640165e-01
7	7_1024356	1024356	0	T	C	0.333	-2.233111e+00	1.281394e+01	-9.345843e+01	5.525950e+01	1.000000e+05	8.632455e-01	8.623894e-01	8.640165e-01
7	7_1171945	1171945	0	A	G	0.083	-6.127993e-01	8.563617e+00	-9.346948e+01	2.625211e+01	1.000000e+05	9.435998e-01	9.290133e-01	9.298251e-01
7	7_1191543	1191543	0	C	T	0.333	-2.233111e+00	1.281394e+01	-9.345843e+01	5.525950e+01	1.000000e+05	8.632455e-01	8.623894e-01	8.640165e-01
7	7_1192832	1192832	0	T	C	0.083	-6.127993e-01	8.563617e+00	-9.346948e+01	2.625211e+01	1.000000e+05	9.435998e-01	9.290133e-01	9.298251e-01
7	7_1193976	1193976	0	C	T	0.333	-2.233111e+00	1.281394e+01	-9.345843e+01	5.525950e+01	1.000000e+05	8.632455e-01	8.623894e-01	8.640165e-01
7	7_1196178	1196178	0	C	T	0.583	1.384694e+00	3.182574e+00	-9.347332e+01	1.000000e-05	1.000000e+05	6.677381e-01	9.874686e-01	9.876102e-01
7	7_1205599	1205599	3	G	T	0.381	-2.196645e+00	3.437134e+00	-9.344478e+01	1.000000e-05	1.000000e+05	5.293616e-01	8.107472e-01	8.130736e-01
7	7_1205600	1205600	2	G	A	0.364	-2.341692e+00	3.384752e+00	-9.347235e+01	1.000000e-05	1.000000e+05	4.962778e-01	9.625990e-01	9.630230e-01
7	7_1205735	1205735	2	T	A	0.364	-8.853354e-01	3.416169e+00	-9.347174e+01	1.000000e-05	1.000000e+05	7.979211e-01	9.534009e-01	9.539301e-01
7	7_1227094	1227094	0	A	G	0.333	-2.233111e+00	1.281394e+01	-9.345843e+01	5.525950e+01	1.000000e+05	8.632455e-01	8.623894e-01	8.640165e-01
7	7_1240469	1240469	0	C	T	0.083	-6.127993e-01	8.563617e+00	-9.346948e+01	2.625211e+01	1.000000e+05	9.435998e-01	9.290133e-01	9.298251e-01
7	7_1263585	1263585	0	T	C	0.292	-9.773100e-01	3.828048e+00	-9.345934e+01	1.162971e+01	1.000000e+05	8.008612e-01	8.665883e-01	8.681615e-01
7	7_1263610	1263610	0	G	A	0.375	-5.876856e+00	3.246173e+00	-9.180697e+01	1.000000e+05	1.000000e+05	8.391546e-02	6.790448e-02	9.160620e-02
7	7_1266484	1266484	1	A	T	0.435	-8.622066e+00	3.004646e+00	-9.078088e+01	1.260346e+00	1.000000e+05	8.905065e-03	2.030894e-02	3.890405e-02
7	7_1276916	1276916	0	A	G	0.208	2.178149e+00	3.852192e+00	-9.345824e+01	1.000000e-05	1.000000e+05	5.775023e-01	8.615664e-01	8.632040e-01
7	7_1276919	1276919	0	G	A	0.167	4.372996e+00	4.124154e+00	-9.347257e+01	1.000000e-05	1.000000e+05	3.004938e-01	9.665879e-01	9.669664e-01
7	7_1341024	1341024	0	A	C	0.333	-3.488956e+00	3.258888e+00	-9.324878e+01	1.000000e-05	1.000000e+05	2.959561e-01	5.026478e-01	5.115800e-01
8	8_144493	144493	0	A	G	0.333	-2.233111e+00	1.281394e+01	-9.345843e+01	5.525950e+01	1.000000e+05	8.632455e-01	8.623894e-01	8.640165e-01
8	8_174475	174475	0	G	T	0.333	-2.233111e+00	1.281394e+01	-9.345843e+01	5.525950e+01	1.000000e+05	8.632455e-01	8.623894e-01	8.640165e-01
8	8_208859	208859	0	G	A	0.208	-6.610623e+00	6.312034e+00	-9.313411e+01	4.631541e+00	1.000000e+05	3.063296e-01	4.100420e-01	4.221122e-01
8	8_294928	294928	0	T	A	0.333	-2.233111e+00	1.281394e+01	-9.345843e+01	5.525950e+01	1.000000e+05	8.632455e-01	8.623894e-01	8.640165e-01
8	8_553155	553155	0	T	C	0.083	-6.127993e-01	8.563617e+00	-9.346948e+01	2.625211e+01	1.000000e+05	9.435998e-01	9.290133e-01	9.298251e-01
8	8_725537	725537	0	A	C	0.333	-2.233111e+00	1.281394e+01	-9.345843e+01	5.525950e+01	1.000000e+05	8.632455e-01	8.623894e-01	8.640165e-01
8	8_817562	817562	3	T	C	0.095	-6.309011e+00	5.578855e+00	-9.315621e+01	1.000000e-05	1.000000e+05	2.702839e-01	4.257174e-01	4.372142e-01
8	8_817567	817567	3	C	T	0.095	-6.309011e+00	5.578855e+00	-9.315621e+01	1.000000e-05	1.000000e+05	2.702839e-01	4.257174e-01	4.372142e-01
8	8_817674	817674	3	A	G	0.143	-6.543092e+00	4.607492e+00	-9.269220e+01	1.000000e-05	1.000000e+05	1.695960e-01	2.113012e-01	2.317165e-01
8	8_818838	818838	3	G	A	0.429	1.540317e+00	3.388162e+00	-9.334537e+01	1.000000e-05	1.000000e+05	6.538387e-01	6.127771e-01	6.187421e-01
8	8_847517	847517	0	A	G	0.167	9.422368e+00	3.720531e+00	-9.140821e+01	1.000000e-05	1.000000e+05	1.896709e-02	4.211742e-02	6.428999e-02
8	8_874822	874822	1	G	A	0.087	2.406593e+00	5.689551e+00	-9.339157e+01	1.000000e-05	1.000000e+05	6.764125e-01	6.857230e-01	6.901299e-01
8	8_874895	874895	3	T	C	0.143	1.892150e+00	4.797107e+00	-9.343104e+01	1.000000e-05	1.000000e+05	6.970572e-01	7.708747e-01	7.737969e-01
8	8_874992	874992	0	C	T	0.083	-5.670179e+00	4.653568e+00	-9.264859e+01	4.956424e+01	1.000000e+05	2.359555e-01	1.989972e-01	2.199335e-01
8	8_1083181	1083181	0	T	C	0.333	-2.233111e+00	1.281394e+01	-9.345843e+01	5.525950e+01	1.000000e+05	8.632455e-01	8.623894e-01	8.640165e-01
8	8_1161462	1161462	0	C	T	0.625	2.770739e+00	6.508263e+00	-9.341611e+01	8.241192e+00	1.000000e+05	6.744432e-01	7.348716e-01	7.383828e-01
8	8_1252135	1252135	1	T	C	0.435	-3.127618e+00	3.177853e+00	-9.338192e+01	1.000000e-05	1.000000e+05	3.357220e-01	6.687552e-01	6.734987e-01
8	8_1256218	1256218	0	G	A	0.333	-2.233111e+00	1.281394e+01	-9.345843e+01	5.525950e+01	1.000000e+05	8.632455e-01	8.623894e-01	8.640165e-01
8	8_1326133	1326133	0	A	G	0.208	-4.153139e+00	3.777698e+00	-9.305597e+01	1.000000e-05	1.000000e+05	2.834864e-01	3.608416e-01	3.748182e-01
8	8_1326140	1326140	0	G	A	0.167	-3.145403e+00	4.174705e+00	-9.342864e+01	1.000000e-05	1.000000e+05	4.591717e-01	7.646555e-01	7.676758e-01
8	8_1383765	1383765	0	A	G	0.417	-3.582512e+00	3.103632e+00	-9.283413e+01	1.000000e-05	1.000000e+05	2.607640e-01	2.581524e-01	2.765167e-01
9	9_5213	5213	3	G	C	0.238	-9.566452e-01	4.479078e+00	-9.344779e+01	1.104325e+01	1.000000e+05	8.328409e-01	8.207977e-01	8.229821e-01
9	9_6619	6619	1	C	T	0.304	4.425512e+00	3.368620e+00	-9.291178e+01	1.000000e-05	1.000000e+05	2.024674e-01	2.892001e-01	3.061983e-01
9	9_7470	7470	0	A	G	0.292	6.728758e+00	3.156070e+00	-9.306035e+01	1.000000e-05	1.000000e+05	4.441808e-02	3.633726e-01	3.772473e-01
9	9_7729	7729	1	C	T	0.435	-2.409399e-01	3.246647e+00	-9.336438e+01	1.000000e-05	1.000000e+05	9.415124e-01	6.404676e-01	6.458063e-01
9	9_8171	8171	2	G	A	0.364	-2.156787e+00	4.119519e+00	-9.329941e+01	3.188037e+01	1.000000e+05	6.058237e-01	5.552018e-01	5.626187e-01
9	9_10033	10033	1	C	T	0.174	-1.676374e+00	4.231670e+00	-9.330404e+01	1.000000e-05	1.000000e+05	6.958108e-01	5.605141e-01	5.677882e-01
9	9_49163	49163	0	A	G	0.250	-3.583795e+00	6.842307e+00	-9.335735e+01	1.114295e+01	1.000000e+05	6.056753e-01	6.299073e-01	6.354796e-01
9	9_220237	220237	2	A	G	0.091	2.560897e-01	5.724785e+00	-9.342717e+01	1.000000e-05	1.000000e+05	9.647233e-01	7.609459e-01	7.640254e-01
9	9_220963	220963	1	C	T	0.174	-5.097847e+00	3.764804e+00	-9.251283e+01	1.000000e+05	1.000000e+05	1.894576e-01	1.657215e-01	1.879790e-01
9	9_272607	272607	0	A	G	0.333	-2.233111e+00	1.281394e+01	-9.345843e+01	5.525950e+01	1.000000e+05	8.632455e-01	8.623894e-01	8.640165e-01
9	9_338278	338278	1	A	G	0.348	6.244500e+00	1.221938e+01	-9.333792e+01	3.507461e+01	1.000000e+05	6.144186e-01	6.026289e-01	6.088348e-01
9	9_491535	491535	0	A	G	0.333	-2.233111e+00	1.281394e+01	-9.345843e+01	5.525950e+01	1.000000e+05	8.632455e-01	8.623894e-01	8.640165e-01
9	9_534468	534468	0	C	T	0.333	-2.233111e+00	1.281394e+01	-9.345843e+01	5.525950e+01	1.000000e+05	8.632455e-01	8.623894e-01	8.640165e-01
9	9_705343	705343	1	G	A	0.261	-4.278436e+00	3.550435e+00	-9.284744e+01	1.000000e-05	1.000000e+05	2.409886e-01	2.631686e-01	2.813113e-01
9	9_705571	705571	0	T	C	0.500	-3.408650e+00	3.018657e+00	-9.279736e+01	1.000000e+05	1.000000e+05	2.709787e-01	2.448976e-01	2.638473e-01
9	9_706175	706175	2	G	A	0.318	3.407756e+00	3.458080e+00	-9.331159e+01	1.000000e-05	1.000000e+05	3.351188e-01	5.693874e-01	5.764271e-01
9	9_741562	741562	0	T	C	0.250	-3.583795e+00	6.842307e+00	-9.335735e+01	1.114295e+01	1.000000e+05	6.056753e-01	6.299073e-01	6.354796e-01
9	9_942229	942229	0	A	G	0.292	-7.716863e+00	7.559364e+00	-9.291808e+01	1.000000e+05	1.000000e+05	3.184279e-01	2.919219e-01	3.088013e-01
9	9_981209	981209	0	G	A	0.083	-6.127993e-01	8.563617e+00	-9.346948e+01	2.625211e+01	1.000000e+05	9.435998e-01	9.290133e-01	9.298251e-01
9	9_1115286	1115286	0	G	A	0.500	-2.909301e+00	3.210812e+00	-9.303378e+01	1.000000e+05	1.000000e+05	3.747028e-01	3.483830e-01	3.628663e-01
10	10_13558	13558	0	C	T	0.333	-2.233111e+00	1.281394e+01	-9.345843e+01	5.525950e+01	1.000000e+05	8.632455e-01	8.623894e-01	8.640165e-01
10	10_15220	15220	1	T	A	0.130	1.275492e+00	4.771791e+00	-9.347146e+01	1.000000e-05	1.000000e+05	7.917293e-01	9.497477e-01	9.503188e-01
10	10_15251	15251	2	G	A	0.091	-6.099754e+00	5.575379e+00	-9.299216e+01	1.000000e-05	1.000000e+05	2.857668e-01	3.265361e-01	3.419289e-01
10	10_15279	15279	1	A	G	0.261	1.902215e+00	3.643230e+00	-9.347011e+01	1.000000e-05	1.000000e+05	6.068023e-01	9.349095e-01	9.356524e-01
10	10_15288	15288	2	C	T	0.227	3.899132e+00	3.838356e+00	-9.319027e+01	1.000000e-05	1.000000e+05	3.207508e-01	4.517080e-01	4.622917e-01
10	10_15302	15302	2	T	C	0.318	-3.820459e+00	2.917044e+00	-9.257250e+01	1.000000e+05	1.000000e+05	2.038093e-01	1.794841e-01	2.012149e-01
10	10_15428	15428	1	C	G	0.130	-7.145748e+00	4.530225e+00	-9.230782e+01	1.000000e-05	1.000000e+05	1.289870e-01	1.267992e-01	1.502898e-01
10	10_15438	15438	0	G	A	0.125	-6.805473e+00	4.538374e+00	-9.239005e+01	1.000000e-05	1.000000e+05	1.479481e-01	1.410204e-01	1.641167e-01
10	10_15441	15441	1	A	G	0.130	-7.145748e+00	4.530225e+00	-9.230782e+01	1.000000e-05	1.000000e+05	1.289870e-01	1.267992e-01	1.502898e-01
10	10_15449	15449	1	C	T	0.087	-6.805469e+00	5.525308e+00	-9.297291e+01	1.000000e-05	1.000000e+05	2.310685e-01	3.170516e-01	3.328467e-01
10	10_15455	15455	0	C	T	0.083	-6.496129e+00	5.530559e+00	-9.301716e+01	1.000000e-05	1.000000e+05	2.527172e-01	3.394321e-01	3.542849e-01
10	10_15458	15458	0	G	A	0.083	-6.496129e+00	5.530559e+00	-9.301716e+01	1.000000e-05	1.000000e+05	2.527172e-01	3.394321e-01	3.542849e-01
10	10_15461	15461	0	T	C	0.083	-6.496129e+00	5.530559e+00	-9.301716e+01	1.000000e-05	1.000000e+05	2.527172e-01	3.394321e-01	3.542849e-01
10	10_15463	15463	0	A	T	0.083	-6.496129e+00	5.530559e+00	-9.301716e+01	1.000000e-05	1.000000e+05	2.527172e-01	3.394321e-01	3.542849e-01
10	10_15473	15473	0	C	T	0.083	-6.496129e+00	5.530559e+00	-9.301716e+01	1.000000e-05	1.000000e+05	2.527172e-01	3.394321e-01	3.542849e-01
10	10_17879	17879	0	T	C	0.333	7.357727e-01	3.660417e+00	-9.345303e+01	1.522771e+01	1.000000e+05	8.425392e-01	8.398476e-01	8.417711e-01
10	10_17897	17897	0	A	G	0.333	7.357727e-01	3.660417e+00	-9.345303e+01	1.522771e+01	1.000000e+05	8.425392e-01	8.398476e-01	8.417711e-01
10	10_18092	18092	1	A	G	0.522	5.628932e-01	3.220128e+00	-9.335477e+01	1.000000e-05	1.000000e+05	8.628319e-01	6.261238e-01	6.317813e-01
10	10_18647	18647	3	C	T	0.381	5.870562e-01	4.272912e+00	-9.347237e+01	8.807417e+00	1.000000e+05	8.919720e-01	9.629417e-01	9.633618e-01
10	10_18785	18785	0	G	A	0.375	7.194284e+00	3.924164e+00	-9.173170e+01	1.793707e+01	1.000000e+05	8.032047e-02	6.198359e-02	8.547794e-02
10	10_18869	18869	0	A	G	0.500	-5.415121e+00	3.766743e+00	-9.316753e+01	7.396684e-01	1.000000e+05	1.646163e-01	4.341005e-01	4.452976e-01
10	10_18908	18908	0	G	A	0.292	-3.827878e+00	3.475232e+00	-9.279923e+01	4.341093e+01	1.000000e+05	2.825958e-01	2.455533e-01	2.644741e-01
10	10_18915	18915	0	T	C	0.292	-3.827878e+00	3.475232e+00	-9.279923e+01	4.341093e+01	1.000000e+05	2.825958e-01	2.455533e-01	2.644741e-01
10	10_18933	18933	0	A	G	0.292	-3.218552e+00	3.398241e+00	-9.316690e+01	1.000000e-05	1.000000e+05	3.538641e-01	4.336245e-01	4.448385e-01
10	10_18941	18941	2	T	C	0.318	-4.577877e+00	3.822520e+00	-9.291540e+01	3.057925e+00	1.000000e+05	2.438147e-01	2.907587e-01	3.076889e-01
10	10_18943	18943	1	G	A	0.348	-5.859163e+00	3.514734e+00	-9.279770e+01	3.529749e-01	1.000000e+05	1.096833e-01	2.450150e-01	2.639595e-01
10	10_18983	18983	2	C	T	0.227	-1.692187e-01	5.815492e+00	-9.347245e+01	1.260293e+01	1.000000e+05	9.770488e-01	9.643351e-01	9.647392e-01
10	10_19002	19002	0	C	T	0.583	-1.524780e+01	4.544415e+00	-8.872474e+01	6.332818e+00	1.000000e+05	2.860491e-03	2.057622e-03	1.042118e-02
10	10_19004	19004	0	A	G	0.583	-1.524780e+01	4.544415e+00	-8.872474e+01	6.332818e+00	1.000000e+05	2.860491e-03	2.057622e-03	1.042118e-02
10	10_19008	19008	0	T	C	0.292	-1.760907e+00	6.906852e+00	-9.343512e+01	1.953485e+01	1.000000e+05	8.011293e-01	7.818776e-01	7.846298e-01
10	10_19015	19015	0	G	A	0.583	-1.524780e+01	4.544415e+00	-8.872474e+01	6.332818e+00	1.000000e+05	2.860491e-03	2.057622e-03	1.042118e-02
10	10_19031	19031	0	A	G	0.625	-1.187573e+01	5.593307e+00	-9.123660e+01	1.000000e+05	1.000000e+05	4.522546e-02	3.442050e-02	5.569588e-02
10	10_19062	19062	1	A	G	0.304	-2.274196e+00	8.674727e+00	-9.343463e+01	2.402288e+01	1.000000e+05	7.956346e-01	7.805351e-01	7.833078e-01
10	10_19067	19067	1	T	A	0.565	-5.715916e+00	5.022001e+00	-9.291042e+01	5.569352e+00	1.000000e+05	2.672909e-01	2.886163e-01	3.056400e-01
10	10_19151	19151	1	G	A	0.261	-1.297211e+00	5.673494e+00	-9.340155e+01	1.877588e+01	1.000000e+05	8.212576e-01	7.045440e-01	7.085945e-01
10	10_318276	318276	0	G	A	0.333	2.043245e+00	3.314207e+00	-9.327345e+01	1.000000e-05	1.000000e+05	5.438848e-01	5.270929e-01	5.352969e-01
10	10_381155	381155	0	G	A	0.292	-7.716863e+00	7.559364e+00	-9.291808e+01	1.000000e+05	1.000000e+05	3.184279e-01	2.919219e-01	3.088013e-01
10	10_387430	387430	1	A	G	0.565	3.641168e+00	6.115485e+00	-9.328142e+01	1.485533e+01	1.000000e+05	5.576510e-01	5.354398e-01	5.434046e-01
10	10_474627	474627	0	A	G	0.333	-2.233111e+00	1.281394e+01	-9.345843e+01	5.525950e+01	1.000000e+05	8.632455e-01	8.623894e-01	8.640165e-01
10	10_583208	583208	1	A	G	0.348	-5.643130e+00	3.303215e+00	-9.195003e+01	6.440317e+01	1.000000e+05	1.016399e-01	8.089479e-02	1.048492e-01
10	10_584652	584652	0	G	T	0.333	3.991725e+00	3.147915e+00	-9.262695e+01	1.000000e+05	1.000000e+05	2.180348e-01	1.932066e-01	2.143834e-01
10	10_612064	612064	0	A	G	0.208	-6.610623e+00	6.312034e+00	-9.313411e+01	4.631541e+00	1.000000e+05	3.063296e-01	4.100420e-01	4.221122e-01
10	10_724149	724149	0	G	A	0.208	-2.884335e+00	3.831042e+00	-9.328618e+01	1.000000e-05	1.000000e+05	4.595002e-01	5.405440e-01	5.483647e-01
10	10_724150	724150	0	A	G	0.208	-2.884335e+00	3.831042e+00	-9.328618e+01	1.000000e-05	1.000000e+05	4.595002e-01	5.405440e-01	5.483647e-01
10	10_969715	969715	0	T	C	0.292	-7.716863e+00	7.559364e+00	-9.291808e+01	1.000000e+05	1.000000e+05	3.184279e-01	2.919219e-01	3.088013e-01
10	10_989095	989095	0	G	A	0.333	-2.233111e+00	1.281394e+01	-9.345843e+01	5.525950e+01	1.000000e+05	8.632455e-01	8.623894e-01	8.640165e-01
11	11_9749	9749	1	A	G	0.174	-7.307927e-01	4.243874e+00	-9.340238e+01	1.000000e-05	1.000000e+05	8.648550e-01	7.061702e-01	7.101907e-01
11	11_10019	10019	1	G	C	0.304	-5.371867e+00	2.737474e+00	-9.153786e+01	1.000000e+05	1.000000e+05	6.249331e-02	4.912210e-02	7.189502e-02
11	11_10896	10896	0	C	G	0.125	-2.042780e+00	4.744732e+00	-9.347342e+01	1.000000e-05	1.000000e+05	6.709940e-01	9.942186e-01	9.942839e-01
11	11_10931	10931	0	T	A	0.167	4.044415e+00	4.139368e+00	-9.295603e+01	1.000000e-05	1.000000e+05	3.391613e-01	3.090235e-01	3.251624e-01
11	11_10934	10934	0	G	T	0.208	1.901436e+00	3.858845e+00	-9.341050e+01	1.000000e-05	1.000000e+05	6.270732e-01	7.227162e-01	7.264386e-01
11	11_104630	104630	0	A	G	0.125	-1.555508e+00	4.753125e+00	-9.340923e+01	1.000000e-05	1.000000e+05	7.465648e-01	7.200517e-01	7.238213e-01
11	11_104688	104688	1	G	A	0.130	3.737779e+00	4.581705e+00	-9.310663e+01	2.017275e+02	1.000000e+05	4.233568e-01	3.917080e-01	4.044701e-01
11	11_152800	152800	0	C	T	0.333	-2.233111e+00	1.281394e+01	-9.345843e+01	5.525950e+01	1.000000e+05	8.632455e-01	8.623894e-01	8.640165e-01
11	11_153063	153063	0	A	G	0.333	-2.233111e+00	1.281394e+01	-9.345843e+01	5.525950e+01	1.000000e+05	8.632455e-01	8.623894e-01	8.640165e-01
11	11_159356	159356	0	A	C	0.208	-6.610623e+00	6.312034e+00	-9.313411e+01	4.631541e+00	1.000000e+05	3.063296e-01	4.100420e-01	4.221122e-01
11	11_165295	165295	0	A	G	0.625	-8.718066e+00	6.853231e+00	-9.288414e+01	5.173636e+00	1.000000e+05	2.166164e-01	2.776377e-01	2.951426e-01
11	11_236388	236388	0	A	G	0.333	-2.233111e+00	1.281394e+01	-9.345843e+01	5.525950e+01	1.000000e+05	8.632455e-01	8.623894e-01	8.640165e-01
11	11_384025	384025	0	T	C	0.167	-1.159087e+00	4.220994e+00	-9.338285e+01	1.000000e-05	1.000000e+05	7.861854e-01	6.703447e-01	6.750561e-01
11	11_393213	393213	0	G	A	0.333	-2.233111e+00	1.281394e+01	-9.345843e+01	5.525950e+01	1.000000e+05	8.632455e-01	8.623894e-01	8.640165e-01
11	11_433361	433361	0	G	A	0.333	-2.233111e+00	1.281394e+01	-9.345843e+01	5.525950e+01	1.000000e+05	8.632455e-01	8.623894e-01	8.640165e-01
11	11_547884	547884	0	T	C	0.583	6.246087e+00	5.800127e+00	-9.294845e+01	7.642946e+00	1.000000e+05	2.931980e-01	3.055084e-01	3.217985e-01
11	11_548586	548586	0	C	T	0.333	-2.233111e+00	1.281394e+01	-9.345843e+01	5.525950e+01	1.000000e+05	8.632455e-01	8.623894e-01	8.640165e-01
11	11_621705	621705	0	A	C	0.333	-2.233111e+00	1.281394e+01	-9.345843e+01	5.525950e+01	1.000000e+05	8.632455e-01	8.623894e-01	8.640165e-01
11	11_674162	674162	0	C	A	0.333	-2.233111e+00	1.281394e+01	-9.345843e+01	5.525950e+01	1.000000e+05	8.632455e-01	8.623894e-01	8.640165e-01
11	11_804706	804706	2	A	G	0.364	-1.276762e+00	3.410529e+00	-9.313074e+01	1.000000e-05	1.000000e+05	7.117214e-01	4.077252e-01	4.198816e-01
11	11_804710	804710	6	C	T	0.333	-4.579857e+00	3.734285e+00	-9.278061e+01	1.000000e-05	1.000000e+05	2.330003e-01	2.391369e-01	2.583404e-01
11	11_804742	804742	1	G	A	0.304	6.027388e+00	2.977145e+00	-9.142328e+01	1.000000e+05	1.000000e+05	5.522015e-02	4.287464e-02	6.512091e-02
11	11_804763	804763	2	C	T	0.182	-1.378396e+00	4.257059e+00	-9.346665e+01	1.000000e-05	1.000000e+05	7.491546e-01	9.071871e-01	9.082578e-01
11	11_966513	966513	1	T	A	0.087	3.085583e+00	5.674639e+00	-9.330876e+01	1.000000e-05	1.000000e+05	5.920820e-01	5.660231e-01	5.731510e-01
11	11_966516	966516	0	C	T	0.083	3.355829e+00	5.656271e+00	-9.328296e+01	1.000000e-05	1.000000e+05	5.590355e-01	5.370809e-01	5.449991e-01
11	11_966519	966519	0	C	T	0.083	3.355829e+00	5.656271e+00	-9.328296e+01	1.000000e-05	1.000000e+05	5.590355e-01	5.370809e-01	5.449991e-01
11	11_966569	966569	1	C	G	0.087	3.085583e+00	5.674639e+00	-9.330876e+01	1.000000e-05	1.000000e+05	5.920820e-01	5.660231e-01	5.731510e-01
11	11_966644	966644	2	C	A	0.182	1.598240e+00	4.253566e+00	-9.345744e+01	1.000000e-05	1.000000e+05	7.107080e-01	8.579822e-01	8.596662e-01
11	11_966669	966669	2	C	T	0.364	3.872458e+00	3.320255e+00	-9.261367e+01	1.000000e-05	1.000000e+05	2.559760e-01	1.897512e-01	2.110698e-01
11	11_966684	966684	2	C	T	0.500	1.867917e+00	3.267490e+00	-9.333701e+01	1.000000e-05	1.000000e+05	5.733425e-01	6.014071e-01	6.076424e-01
11	11_966699	966699	1	T	C	0.304	1.273564e+00	3.487705e+00	-9.323935e+01	1.000000e-05	1.000000e+05	7.184804e-01	4.938144e-01	5.030199e-01
11	11_966700	966700	1	G	A	0.304	1.273564e+00	3.487705e+00	-9.323935e+01	1.000000e-05	1.000000e+05	7.184804e-01	4.938144e-01	5.030199e-01
11	11_966735	966735	1	A	C	0.174	5.872280e+00	4.058000e+00	-9.295956e+01	1.000000e-05	1.000000e+05	1.619722e-01	3.106821e-01	3.267497e-01
11	11_966738	966738	2	T	A	0.227	2.548668e+00	3.889574e+00	-9.333024e+01	1.000000e-05	1.000000e+05	5.190963e-01	5.925245e-01	5.989765e-01
11	11_966756	966756	0	A	G	0.167	1.211449e+00	4.220326e+00	-9.338200e+01	1.000000e-05	1.000000e+05	7.767594e-01	6.688899e-01	6.736307e-01
11	11_966757	966757	0	T	C	0.167	1.211449e+00	4.220326e+00	-9.338200e+01	1.000000e-05	1.000000e+05	7.767594e-01	6.688899e-01	6.736307e-01
11	11_966771	966771	0	T	C	0.208	1.848405e+00	3.860020e+00	-9.344416e+01	1.000000e-05	1.000000e+05	6.367640e-01	8.087576e-01	8.111125e-01
11	11_1272894	1272894	0	A	G	0.250	-3.583795e+00	6.842307e+00	-9.335735e+01	1.114295e+01	1.000000e+05	6.056753e-01	6.299073e-01	6.354796e-01
11	11_1301130	1301130	0	T	C	0.083	-6.127993e-01	8.563617e+00	-9.346948e+01	2.625211e+01	1.000000e+05	9.435998e-01	9.290133e-01	9.298251e-01
11	11_1314578	1314578	0	G	C	0.333	-2.233111e+00	1.281394e+01	-9.345843e+01	5.525950e+01	1.000000e+05	8.632455e-01	8.623894e-01	8.640165e-01
11	11_1478119	1478119	0	A	G	0.417	4.353275e+00	3.035860e+00	-9.240124e+01	1.000000e+05	1.000000e+05	1.656478e-01	1.430889e-01	1.661216e-01
11	11_1501898	1501898	0	G	T	0.250	-3.583795e+00	6.842307e+00	-9.335735e+01	1.114295e+01	1.000000e+05	6.056753e-01	6.299073e-01	6.354796e-01
11	11_1538971	1538971	0	T	C	0.292	-7.716863e+00	7.559364e+00	-9.291808e+01	1.000000e+05	1.000000e+05	3.184279e-01	2.919219e-01	3.088013e-01
12	12_11092	11092	0	A	G	0.458	-4.875689e-01	4.781649e+00	-9.346139e+01	1.754193e+01	1.000000e+05	9.197068e-01	8.765864e-01	8.780329e-01
12	12_11094	11094	0	A	G	0.333	2.166119e+00	4.776737e+00	-9.334816e+01	4.979020e+01	1.000000e+05	6.546498e-01	6.166759e-01	6.225500e-01
12	12_11122	11122	0	C	G	0.458	-3.743740e-01	4.552946e+00	-9.346636e+01	1.547597e+01	1.000000e+05	9.352099e-01	9.052079e-01	9.063024e-01
12	12_11170	11170	0	T	C	0.417	-4.824881e+00	4.248670e+00	-9.278986e+01	1.000000e+05	1.000000e+05	2.683357e-01	2.422962e-01	2.613607e-01
12	12_11223	11223	0	G	C	0.208	1.716107e+00	4.112656e+00	-9.334932e+01	1.801167e+01	1.000000e+05	6.805214e-01	6.183106e-01	6.241468e-01
12	12_11400	11400	0	A	C	0.292	3.126140e+00	4.403836e+00	-9.321393e+01	1.432922e+01	1.000000e+05	4.852431e-01	4.712567e-01	4.811851e-01
12	12_11406	11406	0	A	G	0.292	3.126140e+00	4.403836e+00	-9.321393e+01	1.432922e+01	1.000000e+05	4.852431e-01	4.712567e-01	4.811851e-01
12	12_11407	11407	0	C	A	0.292	3.126140e+00	4.403836e+00	-9.321393e+01	1.432922e+01	1.000000e+05	4.852431e-01	4.712567e-01	4.811851e-01
12	12_11410	11410	0	C	T	0.292	3.126140e+00	4.403836e+00	-9.321393e+01	1.432922e+01	1.000000e+05	4.852431e-01	4.712567e-01	4.811851e-01
12	12_11413	11413	1	T	G	0.304	3.109931e+00	4.743528e+00	-9.323430e+01	2.338688e+01	1.000000e+05	5.188695e-01	4.891930e-01	4.985437e-01
12	12_13625	13625	0	G	A	0.625	-8.718066e+00	6.853231e+00	-9.288414e+01	5.173636e+00	1.000000e+05	2.166164e-01	2.776377e-01	2.951426e-01
12	12_13643	13643	0	G	A	0.625	-8.718066e+00	6.853231e+00	-9.288414e+01	5.173636e+00	1.000000e+05	2.166164e-01	2.776377e-01	2.951426e-01
12	12_13645	13645	0	A	G	0.625	-8.718066e+00	6.853231e+00	-9.288414e+01	5.173636e+00	1.000000e+05	2.166164e-01	2.776377e-01	2.951426e-01
12	12_13857	13857	1	A	G	0.174	2.140933e+00	4.691259e+00	-9.332903e+01	3.435793e+01	1.000000e+05	6.526000e-01	5.909621e-01	5.974527e-01
12	12_13936	13936	0	C	T	0.208	-1.910522e+00	3.858659e+00	-9.347336e+01	1.000000e-05	1.000000e+05	6.254202e-01	9.893169e-01	9.894376e-01
12	12_13979	13979	3	T	C	0.238	-2.328763e+00	3.923870e+00	-9.346478e+01	1.000000e-05	1.000000e+05	5.589088e-01	8.952688e-01	8.964838e-01
12	12_14009	14009	1	C	T	0.348	-1.885579e+00	3.355660e+00	-9.345221e+01	1.000000e-05	1.000000e+05	5.798577e-01	8.367258e-01	8.386913e-01
12	12_14035	14035	1	C	T	0.435	2.940649e+00	3.457939e+00	-9.306448e+01	2.559389e+01	1.000000e+05	4.042606e-01	3.657853e-01	3.795634e-01
12	12_14096	14096	2	C	T	0.318	-1.395557e+00	3.521026e+00	-9.343406e+01	1.000000e-05	1.000000e+05	6.956655e-01	7.789555e-01	7.817524e-01
12	12_14104	14104	2	C	T	0.318	-3.505664e-01	3.532788e+00	-9.346431e+01	1.000000e-05	1.000000e+05	9.218526e-01	8.924680e-01	8.937173e-01
12	12_14114	14114	3	T	C	0.286	-5.405657e-01	3.727160e+00	-9.344472e+01	1.000000e-05	1.000000e+05	8.860044e-01	8.105529e-01	8.128820e-01
12	12_14125	14125	1	A	G	0.174	9.120606e-01	4.242287e+00	-9.344639e+01	1.000000e-05	1.000000e+05	8.317535e-01	8.160622e-01	8.183131e-01
12	12_14197	14197	0	G	A	0.083	-6.476272e-01	5.699666e+00	-9.346563e+01	1.000000e-05	1.000000e+05	9.105652e-01	9.005067e-01	9.016581e-01
12	12_14202	14202	0	A	G	0.083	-6.476272e-01	5.699666e+00	-9.346563e+01	1.000000e-05	1.000000e+05	9.105652e-01	9.005067e-01	9.016581e-01
12	12_14301	14301	2	G	A	0.500	3.277867e+00	3.111565e+00	-9.288290e+01	1.000000e+05	1.000000e+05	3.035696e-01	2.771340e-01	2.946611e-01
12	12_14318	14318	0	A	G	0.250	-7.570180e-01	3.635496e+00	-9.341174e+01	1.000000e-05	1.000000e+05	8.369654e-01	7.253678e-01	7.290436e-01
12	12_14635	14635	0	G	A	0.250	4.656480e+00	4.048991e+00	-9.277175e+01	7.938597e+00	1.000000e+05	2.624779e-01	2.361567e-01	2.554914e-01
12	12_14741	14741	1	C	G	0.304	-3.185540e-01	3.497608e+00	-9.344325e+01	1.000000e-05	1.000000e+05	9.282551e-01	8.058564e-01	8.082530e-01
12	12_14783	14783	2	A	G	0.091	-6.288426e+00	5.565843e+00	-9.275797e+01	1.000000e-05	1.000000e+05	2.707186e-01	2.316095e-01	2.511437e-01
12	12_15014	15014	1	A	G	0.391	9.031811e-01	3.292564e+00	-9.327736e+01	1.000000e-05	1.000000e+05	7.864062e-01	5.311531e-01	5.392401e-01
12	12_19728	19728	0	A	G	0.167	8.157803e+00	3.853950e+00	-9.207348e+01	1.000000e-05	1.000000e+05	4.582694e-02	9.426759e-02	1.182616e-01
12	12_19741	19741	0	C	T	0.250	6.312201e+00	3.413081e+00	-9.187452e+01	5.809288e+00	1.000000e+05	7.787956e-02	7.373522e-02	9.758115e-02
12	12_22806	22806	0	T	C	0.250	-3.583795e+00	6.842307e+00	-9.335735e+01	1.114295e+01	1.000000e+05	6.056753e-01	6.299073e-01	6.354796e-01
12	12_259454	259454	0	A	G	0.167	-1.940630e+00	4.625913e+00	-9.335265e+01	5.086599e+01	1.000000e+05	6.789096e-01	6.230552e-01	6.287825e-01
12	12_315987	315987	0	T	C	0.333	-2.233111e+00	1.281394e+01	-9.345843e+01	5.525950e+01	1.000000e+05	8.632455e-01	8.623894e-01	8.640165e-01
12	12_495113	495113	0	T	C	0.083	-6.127993e-01	8.563617e+00	-9.346948e+01	2.625211e+01	1.000000e+05	9.435998e-01	9.290133e-01	9.298251e-01
12	12_502808	502808	2	A	G	0.455	-1.582925e+00	3.288086e+00	-9.346103e+01	1.000000e-05	1.000000e+05	6.349773e-01	8.747800e-01	8.762492e-01
12	12_502864	502864	2	T	C	0.409	3.951537e+00	3.239718e+00	-9.318026e+01	1.000000e-05	1.000000e+05	2.354876e-01	4.438255e-01	4.546812e-01
12	12_502865	502865	2	G	T	0.409	3.951537e+00	3.239718e+00	-9.318026e+01	1.000000e-05	1.000000e+05	2.354876e-01	4.438255e-01	4.546812e-01
12	12_502882	502882	3	G	A	0.381	8.195020e-01	3.464485e+00	-9.347202e+01	1.000000e-05	1.000000e+05	8.151993e-01	9.574437e-01	9.579266e-01
12	12_502888	502888	0	G	A	0.458	3.838558e-01	3.161472e+00	-9.347276e+01	1.000000e-05	1.000000e+05	9.044631e-01	9.703075e-01	9.706436e-01
12	12_502890	502890	3	G	A	0.381	-3.346619e-01	3.468156e+00	-9.328709e+01	1.000000e-05	1.000000e+05	9.240006e-01	5.415239e-01	5.493172e-01
12	12_502909	502909	0	C	T	0.458	-5.443013e-01	3.160408e+00	-9.342979e+01	1.000000e-05	1.000000e+05	8.648351e-01	7.676106e-01	7.705840e-01
12	12_502926	502926	3	G	C	0.429	4.630955e+00	3.332727e+00	-9.246395e+01	1.000000e+05	1.000000e+05	1.785726e-01	1.553422e-01	1.779717e-01
12	12_502937	502937	2	C	T	0.455	-1.582923e+00	3.288088e+00	-9.343209e+01	1.000000e-05	1.000000e+05	6.349779e-01	7.736584e-01	7.765371e-01
12	12_502942	502942	2	T	C	0.409	-2.380568e+00	3.308762e+00	-9.344574e+01	1.000000e-05	1.000000e+05	4.794229e-01	8.138858e-01	8.161674e-01
12	12_502956	502956	1	A	G	0.348	-2.518642e+00	3.336707e+00	-9.338408e+01	1.000000e-05	1.000000e+05	4.583568e-01	6.724682e-01	6.771368e-01
12	12_503049	503049	2	C	G	0.182	4.865170e+00	3.546385e+00	-9.246530e+01	7.593473e+01	1.000000e+05	1.839337e-01	1.556192e-01	1.782391e-01
12	12_503112	503112	4	G	A	0.250	7.597822e+00	3.183320e+00	-9.068330e+01	1.636411e+01	1.000000e+05	2.602576e-02	1.816356e-02	3.616506e-02
12	12_503171	503171	3	G	A	0.286	2.646251e+00	3.686013e+00	-9.336836e+01	1.000000e-05	1.000000e+05	4.803633e-01	6.466314e-01	6.518366e-01
12	12_503254	503254	1	G	C	0.609	-3.630920e+00	2.986518e+00	-9.267256e+01	1.154201e+01	1.000000e+05	2.369577e-01	2.056509e-01	2.263070e-01
12	12_503293	503293	2	A	C	0.455	2.841367e-01	3.304803e+00	-9.341452e+01	1.000000e-05	1.000000e+05	9.322625e-01	7.313681e-01	7.349395e-01
12	12_503311	503311	2	C	A	0.545	-1.976896e+00	3.278375e+00	-9.325681e+01	1.000000e-05	1.000000e+05	5.526678e-01	5.103818e-01	5.190791e-01
12	12_503313	503313	2	T	A	0.545	-2.372628e+00	3.148294e+00	-9.318788e+01	9.174277e+00	1.000000e+05	4.590657e-01	4.498075e-01	4.604564e-01
12	12_503321	503321	2	C	T	0.500	-1.878172e+00	3.267219e+00	-9.342109e+01	1.000000e-05	1.000000e+05	5.712231e-01	7.462388e-01	7.495584e-01
12	12_503327	503327	1	A	C	0.435	-1.300203e+00	3.235198e+00	-9.344908e+01	1.000000e-05	1.000000e+05	6.916405e-01	8.252909e-01	8.274128e-01
12	12_503356	503356	0	A	C	0.333	-4.017207e+00	3.231118e+00	-9.261593e+01	1.000000e-05	1.000000e+05	2.268490e-01	1.903333e-01	2.116281e-01
12	12_503357	503357	0	T	G	0.375	-3.438051e+00	3.171282e+00	-9.309341e+01	1.000000e-05	1.000000e+05	2.900499e-01	3.833020e-01	3.963888e-01
12	12_503364	503364	0	T	C	0.333	-2.509543e+00	3.299606e+00	-9.331422e+01	1.000000e-05	1.000000e+05	4.549956e-01	5.725336e-01	5.794913e-01
12	12_503366	503366	1	C	T	0.348	-2.962297e+00	3.320106e+00	-9.323843e+01	1.000000e-05	1.000000e+05	3.819254e-01	4.929705e-01	5.022024e-01
12	12_503401	503401	0	A	G	0.292	-1.708605e+00	3.447618e+00	-9.337028e+01	1.000000e-05	1.000000e+05	6.250979e-01	6.496485e-01	6.547892e-01
12	12_503416	503416	0	G	A	0.167	-8.698586e-01	4.224152e+00	-9.344420e+01	1.000000e-05	1.000000e+05	8.387432e-01	8.088761e-01	8.112292e-01
12	12_503422	503422	0	T	G	0.125	-6.805466e+00	4.538375e+00	-9.293879e+01	1.000000e-05	1.000000e+05	1.479486e-01	3.011001e-01	3.175808e-01
12	12_503453	503453	0	T	C	0.125	-4.788858e+00	4.654005e+00	-9.320650e+01	1.000000e-05	1.000000e+05	3.146718e-01	4.649700e-01	4.751062e-01
12	12_537923	537923	0	G	A	0.417	-8.448099e+00	2.640422e+00	-9.068838e+01	1.000000e-05	1.000000e+05	4.136697e-03	1.826944e-02	3.630187e-02
12	12_704606	704606	0	A	G	0.250	-3.583795e+00	6.842307e+00	-9.335735e+01	1.114295e+01	1.000000e+05	6.056753e-01	6.299073e-01	6.354796e-01
13	13_11108	11108	0	C	T	0.125	1.743068e+00	4.750149e+00	-9.329777e+01	1.000000e-05	1.000000e+05	7.171622e-01	5.533496e-01	5.608168e-01
13	13_11118	11118	0	T	C	0.208	-1.080033e+00	3.873245e+00	-9.331676e+01	1.000000e-05	1.000000e+05	7.829685e-01	5.756122e-01	5.824904e-01
13	13_11130	11130	0	A	G	0.208	-5.411742e+00	3.704568e+00	-9.242870e+01	1.000000e-05	1.000000e+05	1.581980e-01	1.483140e-01	1.711801e-01
13	13_52884	52884	0	A	G	0.167	-3.395127e+00	4.165806e+00	-9.342791e+01	1.000000e-05	1.000000e+05	4.238084e-01	7.628167e-01	7.658662e-01
13	13_111766	111766	0	G	A	0.333	-2.233111e+00	1.281394e+01	-9.345843e+01	5.525950e+01	1.000000e+05	8.632455e-01	8.623894e-01	8.640165e-01
13	13_128625	128625	6	A	G	0.444	-5.328238e+00	3.481089e+00	-9.210013e+01	1.000000e-05	1.000000e+05	1.401158e-01	9.745945e-02	1.214371e-01
13	13_128715	128715	3	G	A	0.333	-5.828669e+00	3.350467e+00	-9.172918e+01	1.000000e-05	1.000000e+05	9.589273e-02	6.179549e-02	8.528213e-02
13	13_128729	128729	3	G	A	0.286	-6.194703e+00	3.487217e+00	-9.141453e+01	1.000000e-05	1.000000e+05	8.949957e-02	4.243324e-02	6.463683e-02
13	13_162462	162462	0	A	G	0.167	2.540181e+00	3.942931e+00	-9.321444e+01	3.801956e+01	1.000000e+05	5.260825e-01	4.716927e-01	4.816067e-01
13	13_219021	219021	3	C	T	0.190	-8.158460e-02	4.289925e+00	-9.338843e+01	1.000000e-05	1.000000e+05	9.849984e-01	6.800772e-01	6.845945e-01
13	13_219311	219311	0	A	T	0.208	-3.185567e+00	3.820192e+00	-9.304619e+01	1.000000e-05	1.000000e+05	4.133136e-01	3.552757e-01	3.694775e-01
13	13_219312	219312	0	A	G	0.167	-3.411082e+00	4.345863e+00	-9.310977e+01	1.912327e+01	1.000000e+05	4.408812e-01	3.937393e-01	4.064236e-01
13	13_365348	365348	0	T	C	0.625	-8.718066e+00	6.853231e+00	-9.288414e+01	5.173636e+00	1.000000e+05	2.166164e-01	2.776377e-01	2.951426e-01
13	13_436539	436539	0	G	A	0.333	-2.233111e+00	1.281394e+01	-9.345843e+01	5.525950e+01	1.000000e+05	8.632455e-01	8.623894e-01	8.640165e-01
13	13_436551	436551	0	C	G	0.333	-2.233111e+00	1.281394e+01	-9.345843e+01	5.525950e+01	1.000000e+05	8.632455e-01	8.623894e-01	8.640165e-01
13	13_436554	436554	0	T	C	0.333	-2.233111e+00	1.281394e+01	-9.345843e+01	5.525950e+01	1.000000e+05	8.632455e-01	8.623894e-01	8.640165e-01
13	13_511459	511459	0	T	C	0.333	-2.233111e+00	1.281394e+01	-9.345843e+01	5.525950e+01	1.000000e+05	8.632455e-01	8.623894e-01	8.640165e-01
13	13_548791	548791	0	T	C	0.083	-6.127993e-01	8.563617e+00	-9.346948e+01	2.625211e+01	1.000000e+05	9.435998e-01	9.290133e-01	9.298251e-01
13	13_655915	655915	0	A	G	0.417	3.827881e+00	3.090287e+00	-9.261369e+01	1.000000e-05	1.000000e+05	2.285178e-01	1.897546e-01	2.110730e-01
13	13_723038	723038	0	G	A	0.292	-7.716863e+00	7.559364e+00	-9.291808e+01	1.000000e+05	1.000000e+05	3.184279e-01	2.919219e-01	3.088013e-01
13	13_742766	742766	3	G	A	0.238	-3.372911e+00	3.737338e+00	-9.303365e+01	5.052344e+02	1.000000e+05	3.765720e-01	3.483148e-01	3.628010e-01
13	13_742771	742771	0	C	A	0.292	-3.757327e+00	3.582824e+00	-9.286859e+01	4.505956e+01	1.000000e+05	3.056985e-01	2.713873e-01	2.891674e-01
13	13_746053	746053	0	G	A	0.083	-2.110186e+00	5.683586e+00	-9.346123e+01	1.000000e-05	1.000000e+05	7.139827e-01	8.757682e-01	8.772249e-01
13	13_748576	748576	0	C	G	0.333	-2.233111e+00	1.281394e+01	-9.345843e+01	5.525950e+01	1.000000e+05	8.632455e-01	8.623894e-01	8.640165e-01
14	14_23327	23327	0	C	T	0.333	-2.233111e+00	1.281394e+01	-9.345843e+01	5.525950e+01	1.000000e+05	8.632455e-01	8.623894e-01	8.640165e-01
14	14_68046	68046	0	A	G	0.333	-2.233111e+00	1.281394e+01	-9.345843e+01	5.525950e+01	1.000000e+05	8.632455e-01	8.623894e-01	8.640165e-01
14	14_149196	149196	0	A	G	0.083	-6.127993e-01	8.563617e+00	-9.346948e+01	2.625211e+01	1.000000e+05	9.435998e-01	9.290133e-01	9.298251e-01
14	14_155590	155590	0	T	C	0.208	-6.687099e+00	3.357022e+00	-9.148197e+01	1.353498e+03	1.000000e+05	5.892952e-02	4.596259e-02	6.848642e-02
14	14_231768	231768	0	A	G	0.083	-6.127993e-01	8.563617e+00	-9.346948e+01	2.625211e+01	1.000000e+05	9.435998e-01	9.290133e-01	9.298251e-01
14	14_271762	271762	0	T	C	0.333	-2.233111e+00	1.281394e+01	-9.345843e+01	5.525950e+01	1.000000e+05	8.632455e-01	8.623894e-01	8.640165e-01
14	14_342562	342562	0	T	G	0.625	-2.469867e+00	3.212009e+00	-9.322376e+01	1.000000e-05	1.000000e+05	4.501013e-01	4.797736e-01	4.894248e-01
14	14_351837	351837	0	G	T	0.083	-3.608705e+00	5.649226e+00	-9.346644e+01	1.000000e-05	1.000000e+05	5.295504e-01	9.057356e-01	9.068238e-01
14	14_383626	383626	0	A	G	0.583	6.246087e+00	5.800127e+00	-9.294845e+01	7.642946e+00	1.000000e+05	2.931980e-01	3.055084e-01	3.217985e-01
14	14_555698	555698	0	G	A	0.333	-2.233111e+00	1.281394e+01	-9.345843e+01	5.525950e+01	1.000000e+05	8.632455e-01	8.623894e-01	8.640165e-01
14	14_558889	558889	0	T	C	0.333	-2.233111e+00	1.281394e+01	-9.345843e+01	5.525950e+01	1.000000e+05	8.632455e-01	8.623894e-01	8.640165e-01
14	14_612687	612687	0	T	C	0.292	-7.716863e+00	7.559364e+00	-9.291808e+01	1.000000e+05	1.000000e+05	3.184279e-01	2.919219e-01	3.088013e-01
14	14_618816	618816	0	G	T	0.333	-2.233111e+00	1.281394e+01	-9.345843e+01	5.525950e+01	1.000000e+05	8.632455e-01	8.623894e-01	8.640165e-01
14	14_716719	716719	0	T	C	0.333	-2.233111e+00	1.281394e+01	-9.345843e+01	5.525950e+01	1.000000e+05	8.632455e-01	8.623894e-01	8.640165e-01
14	14_773166	773166	0	T	C	0.208	-6.610623e+00	6.312034e+00	-9.313411e+01	4.631541e+00	1.000000e+05	3.063296e-01	4.100420e-01	4.221122e-01
14	14_852745	852745	0	T	G	0.583	6.246087e+00	5.800127e+00	-9.294845e+01	7.642946e+00	1.000000e+05	2.931980e-01	3.055084e-01	3.217985e-01
14	14_908850	908850	0	A	G	0.583	5.805920e+00	2.859220e+00	-9.141202e+01	1.000000e+05	1.000000e+05	5.455544e-02	4.230746e-02	6.449874e-02
14	14_908994	908994	1	C	T	0.130	-1.683583e+00	4.766034e+00	-9.345835e+01	1.000000e-05	1.000000e+05	7.272663e-01	8.620294e-01	8.636610e-01
14	14_909011	909011	1	T	C	0.130	-1.683583e+00	4.766034e+00	-9.345835e+01	1.000000e-05	1.000000e+05	7.272663e-01	8.620294e-01	8.636610e-01
14	14_909450	909450	0	G	T	0.208	-6.845965e+00	3.074072e+00	-9.103391e+01	1.000000e+05	1.000000e+05	3.649688e-02	2.718420e-02	4.730078e-02
14	14_909472	909472	1	G	T	0.304	-2.793567e+00	3.447186e+00	-9.312922e+01	1.000000e-05	1.000000e+05	4.263956e-01	4.066916e-01	4.188866e-01
14	14_909504	909504	2	T	G	0.273	-4.974126e+00	3.400120e+00	-9.232579e+01	3.615933e+01	1.000000e+05	1.576284e-01	1.297653e-01	1.531804e-01
14	14_909638	909638	1	T	C	0.696	-9.225786e+00	2.898235e+00	-9.035749e+01	8.890346e-03	1.000000e+05	4.298358e-03	1.254681e-02	2.859270e-02
14	14_909661	909661	0	A	G	0.667	-3.883881e+00	3.238528e+00	-9.293714e+01	1.000000e-05	1.000000e+05	2.431794e-01	3.003536e-01	3.168666e-01
14	14_909704	909704	0	A	G	0.583	-7.874660e+00	2.719794e+00	-8.996132e+01	1.000000e-05	1.000000e+05	8.395170e-03	8.041272e-03	2.185054e-02
14	14_910040	910040	2	A	G	0.409	-6.686646e+00	3.028725e+00	-9.231290e+01	1.000000e-05	1.000000e+05	3.799064e-02	1.276304e-01	1.511002e-01
14	14_910103	910103	1	A	G	0.435	-6.908376e+00	2.893789e+00	-9.183185e+01	1.000000e-05	1.000000e+05	2.599498e-02	6.999244e-02	9.375214e-02
14	14_910152	910152	1	A	G	0.348	-6.548447e+00	3.474429e+00	-9.167723e+01	1.000000e+05	1.000000e+05	7.274241e-02	5.804301e-02	8.135982e-02
14	14_910181	910181	1	G	A	0.391	-4.691340e+00	3.142880e+00	-9.259869e+01	1.000000e-05	1.000000e+05	1.497218e-01	1.859377e-01	2.074111e-01
14	14_910258	910258	1	G	T	0.435	-7.645761e-02	4.041725e+00	-9.347062e+01	1.967202e+01	1.000000e+05	9.850778e-01	9.401014e-01	9.407840e-01
14	14_910323	910323	1	T	C	0.348	1.801583e+00	3.357746e+00	-9.342431e+01	1.000000e-05	1.000000e+05	5.969662e-01	7.539014e-01	7.570948e-01
14	14_910328	910328	1	G	A	0.391	5.815396e-01	3.295865e+00	-9.346873e+01	1.000000e-05	1.000000e+05	8.615584e-01	9.225915e-01	9.234788e-01
14	14_910510	910510	1	A	G	0.391	-1.487483e-01	3.298037e+00	-9.339395e+01	1.000000e-05	1.000000e+05	9.644329e-01	6.900751e-01	6.943980e-01
14	14_910555	910555	1	C	T	0.348	-1.974610e+00	3.353316e+00	-9.340491e+01	1.000000e-05	1.000000e+05	5.619581e-01	7.111966e-01	7.151252e-01
14	14_910742	910742	0	A	G	0.250	3.922390e+00	3.458917e+00	-9.278716e+01	1.558260e+01	1.000000e+05	2.690033e-01	2.413689e-01	2.604742e-01
14	14_910822	910822	0	G	A	0.208	3.657568e+00	3.799107e+00	-9.296728e+01	1.611015e+01	1.000000e+05	3.461394e-01	3.143432e-01	3.302540e-01
14	14_910834	910834	1	T	A	0.130	4.665899e+00	4.568385e+00	-9.289746e+01	1.551236e+01	1.000000e+05	3.181914e-01	2.831353e-01	3.003989e-01
14	14_910926	910926	3	G	A	0.381	-3.404024e+00	3.235614e+00	-9.288443e+01	1.000000e+05	1.000000e+05	3.041961e-01	2.777565e-01	2.952562e-01
14	14_910939	910939	3	C	A	0.524	4.191031e+00	2.332538e+00	-9.183032e+01	1.000000e+05	1.000000e+05	8.611676e-02	6.986251e-02	9.361882e-02
14	14_910964	910964	1	G	A	0.478	-2.525730e+00	3.528553e+00	-9.319369e+01	4.070970e+02	1.000000e+05	4.816454e-01	4.544513e-01	4.649414e-01
14	14_910966	910966	0	T	C	0.458	-1.316894e+00	3.437879e+00	-9.337342e+01	2.960148e+01	1.000000e+05	7.053558e-01	6.546813e-01	6.597155e-01
14	14_910979	910979	1	A	G	0.478	-1.391720e+00	3.208677e+00	-9.346186e+01	1.000000e-05	1.000000e+05	6.687034e-01	8.790233e-01	8.804392e-01
14	14_911099	911099	2	A	G	0.455	-2.686689e+00	2.988015e+00	-9.301764e+01	7.836058e+01	1.000000e+05	3.783066e-01	3.396863e-01	3.545286e-01
14	14_911129	911129	0	T	C	0.542	-9.701564e-01	3.155766e+00	-9.335559e+01	1.000000e-05	1.000000e+05	7.614124e-01	6.273177e-01	6.329482e-01
14	14_911206	911206	0	G	A	0.375	-4.249371e+00	3.063485e+00	-9.246734e+01	1.000000e+05	1.000000e+05	1.793041e-01	1.560381e-01	1.786434e-01
14	14_911262	911262	1	A	C	0.348	-4.951352e+00	3.743836e+00	-9.252199e+01	3.995571e+01	1.000000e+05	1.995750e-01	1.677511e-01	1.899332e-01
14	14_911292	911292	2	A	G	0.318	-6.410579e+00	3.626524e+00	-9.187972e+01	1.000000e+05	1.000000e+05	9.098101e-02	7.420565e-02	9.806091e-02
14	14_911297	911297	3	A	C	0.333	-6.669155e+00	3.533432e+00	-9.165873e+01	9.948446e+01	1.000000e+05	7.236394e-02	5.676571e-02	8.001739e-02
14	14_911308	911308	0	C	T	0.292	-2.212128e+00	4.041574e+00	-9.332546e+01	1.086870e+01	1.000000e+05	5.896529e-01	5.864198e-01	5.930236e-01
14	14_911314	911314	0	A	G	0.167	-5.557667e+00	4.058805e+00	-9.298637e+01	1.000000e-05	1.000000e+05	1.847272e-01	3.236443e-01	3.391593e-01
14	14_911321	911321	2	G	A	0.273	-4.885048e+00	3.545708e+00	-9.278511e+01	1.000000e-05	1.000000e+05	1.821395e-01	2.406670e-01	2.598032e-01
14	14_911352	911352	3	G	A	0.381	4.131966e+00	3.355160e+00	-9.341275e+01	1.000000e-05	1.000000e+05	2.311289e-01	7.275281e-01	7.311661e-01
14	14_911375	911375	1	G	A	0.391	-3.831308e+00	3.195452e+00	-9.323005e+01	1.000000e-05	1.000000e+05	2.432881e-01	4.853559e-01	4.948282e-01
14	14_911385	911385	1	G	A	0.478	-5.062283e+00	3.036264e+00	-9.276907e+01	1.000000e-05	1.000000e+05	1.096341e-01	2.352645e-01	2.546384e-01
14	14_911414	911414	3	G	A	0.238	-4.852529e+00	3.817434e+00	-9.290006e+01	1.000000e-05	1.000000e+05	2.169517e-01	2.842240e-01	3.014399e-01
14	14_924025	924025	0	T	C	0.417	3.664930e+00	3.099305e+00	-9.332788e+01	1.000000e-05	1.000000e+05	2.496300e-01	5.894960e-01	5.960230e-01
14	14_924047	924047	0	C	A	0.500	3.365229e+00	3.068816e+00	-9.316133e+01	1.000000e-05	1.000000e+05	2.846800e-01	4.294746e-01	4.408365e-01
14	14_924049	924049	0	T	A	0.500	3.365229e+00	3.068816e+00	-9.316133e+01	1.000000e-05	1.000000e+05	2.846800e-01	4.294746e-01	4.408365e-01
14	14_924050	924050	0	C	G	0.500	3.365229e+00	3.068816e+00	-9.316133e+01	1.000000e-05	1.000000e+05	2.846800e-01	4.294746e-01	4.408365e-01
14	14_924059	924059	0	T	C	0.458	-2.160556e+00	4.064909e+00	-9.331941e+01	1.244258e+01	1.000000e+05	6.003889e-01	5.788651e-01	5.856599e-01
14	14_924128	924128	0	G	A	0.333	3.432256e-01	4.369163e+00	-9.347043e+01	1.357006e+01	1.000000e+05	9.380956e-01	9.380719e-01	9.387781e-01
14	14_924776	924776	0	A	G	0.375	2.900372e+00	4.723026e+00	-9.325076e+01	6.106880e+01	1.000000e+05	5.454531e-01	5.045372e-01	5.134117e-01
14	14_924866	924866	0	G	A	0.292	-5.517965e+00	3.460142e+00	-9.213483e+01	1.809889e+01	1.000000e+05	1.250409e-01	1.017927e-01	1.257344e-01
14	14_925085	925085	0	G	A	0.125	6.517438e-01	4.762652e+00	-9.344893e+01	1.000000e-05	1.000000e+05	8.923981e-01	8.247562e-01	8.268856e-01
