chr	rs	ps	n_miss	allele1	allele0	af	beta	se	logl_H1	l_remle	l_mle	p_wald	p_lrt	p_score
1	1_44747	44747	0	C	G	0.250	2.937790e-01	9.869792e-01	-6.233028e+01	1.000000e-05	1.000000e+05	7.687594e-01	9.716158e-01	9.719371e-01
1	1_44753	44753	1	G	A	0.261	1.978687e-01	9.953159e-01	-6.232072e+01	1.000000e-05	1.000000e+05	8.442450e-01	8.864544e-01	8.877778e-01
1	1_44785	44785	1	G	A	0.174	-1.430519e+00	1.113074e+00	-6.161687e+01	1.000000e-05	1.000000e+05	2.120892e-01	2.320759e-01	2.515897e-01
1	1_47564	47564	0	G	A	0.417	8.078646e-01	8.765649e-01	-6.187751e+01	4.504773e+00	1.000000e+05	3.667210e-01	3.409622e-01	3.557516e-01
1	1_47575	47575	1	G	A	0.435	7.598212e-01	8.975135e-01	-6.180147e+01	1.008601e+01	1.000000e+05	4.063417e-01	3.034685e-01	3.198467e-01
1	1_47671	47671	2	G	A	0.409	-4.478379e-01	9.046905e-01	-6.227212e+01	1.000000e-05	1.000000e+05	6.254954e-01	7.316722e-01	7.352384e-01
1	1_47684	47684	2	C	G	0.455	-6.520167e-02	8.821433e-01	-6.233089e+01	3.611554e+00	1.000000e+05	9.417477e-01	9.940813e-01	9.941482e-01
1	1_47686	47686	2	A	G	0.455	-6.520167e-02	8.821433e-01	-6.233089e+01	3.611554e+00	1.000000e+05	9.417477e-01	9.940813e-01	9.941482e-01
1	1_101060	101060	0	T	C	0.083	2.151693e-01	2.201287e+00	-6.231389e+01	6.620780e+00	1.000000e+05	9.230182e-01	8.535979e-01	8.553390e-01
1	1_170985	170985	0	A	G	0.083	2.151693e-01	2.201287e+00	-6.231389e+01	6.620780e+00	1.000000e+05	9.230182e-01	8.535979e-01	8.553390e-01
1	1_291990	291990	1	T	G	0.348	2.535354e+00	3.011422e+00	-6.199301e+01	7.634208e+00	1.000000e+05	4.088961e-01	4.110318e-01	4.230653e-01
1	1_309593	309593	2	A	G	0.364	-4.566848e-01	9.246870e-01	-6.214064e+01	1.000000e-05	1.000000e+05	6.262855e-01	5.373135e-01	5.452251e-01
1	1_363954	363954	0	A	G	0.208	-2.437735e+00	1.517632e+00	-6.184269e+01	1.331356e+00	1.000000e+05	1.224727e-01	3.230796e-01	3.386185e-01
1	1_477160	477160	0	A	C	0.167	-1.338319e+00	1.033228e+00	-6.144899e+01	1.000000e+05	1.000000e+05	2.086517e-01	1.841465e-01	2.056919e-01
1	1_606536	606536	0	A	G	0.083	2.151693e-01	2.201287e+00	-6.231389e+01	6.620780e+00	1.000000e+05	9.230182e-01	8.535979e-01	8.553390e-01
1	1_743295	743295	0	T	C	0.083	2.151693e-01	2.201287e+00	-6.231389e+01	6.620780e+00	1.000000e+05	9.230182e-01	8.535979e-01	8.553390e-01
1	1_807596	807596	0	T	C	0.083	2.151693e-01	2.201287e+00	-6.231389e+01	6.620780e+00	1.000000e+05	9.230182e-01	8.535979e-01	8.553390e-01
1	1_927896	927896	0	C	T	0.208	-2.437735e+00	1.517632e+00	-6.184269e+01	1.331356e+00	1.000000e+05	1.224727e-01	3.230796e-01	3.386185e-01
1	1_927901	927901	0	C	A	0.208	-2.437735e+00	1.517632e+00	-6.184269e+01	1.331356e+00	1.000000e+05	1.224727e-01	3.230796e-01	3.386185e-01
1	1_944973	944973	0	G	C	0.333	9.831532e-01	3.173380e+00	-6.228420e+01	9.108202e+00	1.000000e+05	7.596190e-01	7.598660e-01	7.629628e-01
1	1_971811	971811	1	G	T	0.087	-1.425989e+00	1.302625e+00	-6.149487e+01	8.354227e+00	1.000000e+05	2.854872e-01	1.959799e-01	2.170420e-01
1	1_975012	975012	0	C	T	0.125	-1.993226e+00	1.210397e+00	-6.084853e+01	3.483641e+01	1.000000e+05	1.138200e-01	8.509729e-02	1.090849e-01
1	1_975152	975152	3	T	C	0.333	9.511422e-01	9.497347e-01	-6.190800e+01	1.000000e-05	1.000000e+05	3.274826e-01	3.577368e-01	3.718388e-01
1	1_975212	975212	0	C	T	0.375	6.454960e-01	8.737847e-01	-6.224971e+01	1.000000e-05	1.000000e+05	4.678762e-01	6.869575e-01	6.913405e-01
1	1_975397	975397	2	T	C	0.409	6.819878e-01	8.980195e-01	-6.226718e+01	1.000000e-05	1.000000e+05	4.556532e-01	7.210757e-01	7.248271e-01
1	1_975445	975445	2	T	C	0.273	-1.343836e+00	8.950091e-01	-6.116023e+01	1.000000e+05	1.000000e+05	1.474497e-01	1.259788e-01	1.494896e-01
1	1_975457	975457	2	A	G	0.318	2.350763e-01	9.589822e-01	-6.223587e+01	1.000000e-05	1.000000e+05	8.086271e-01	6.628417e-01	6.677060e-01
1	1_975510	975510	1	T	C	0.130	1.102543e+00	1.277449e+00	-6.205913e+01	1.000000e-05	1.000000e+05	3.974042e-01	4.609585e-01	4.712287e-01
1	1_1065714	1065714	0	G	A	0.208	-2.437735e+00	1.517632e+00	-6.184269e+01	1.331356e+00	1.000000e+05	1.224727e-01	3.230796e-01	3.386185e-01
1	1_1317098	1317098	0	T	C	0.625	-2.283701e+00	1.807241e+00	-6.174989e+01	3.374047e+00	1.000000e+05	2.195864e-01	2.810404e-01	2.983959e-01
1	1_1354376	1354376	0	A	G	0.333	9.831532e-01	3.173380e+00	-6.228420e+01	9.108202e+00	1.000000e+05	7.596190e-01	7.598660e-01	7.629628e-01
1	1_1471243	1471243	0	T	C	0.333	9.831532e-01	3.173380e+00	-6.228420e+01	9.108202e+00	1.000000e+05	7.596190e-01	7.598660e-01	7.629628e-01
1	1_1509932	1509932	0	A	C	0.292	-2.113555e-01	2.020634e+00	-6.233046e+01	4.937631e+00	1.000000e+05	9.176421e-01	9.760554e-01	9.763263e-01
1	1_1509935	1509935	0	G	C	0.292	-2.113555e-01	2.020634e+00	-6.233046e+01	4.937631e+00	1.000000e+05	9.176421e-01	9.760554e-01	9.763263e-01
1	1_1509940	1509940	0	G	C	0.292	-2.113555e-01	2.020634e+00	-6.233046e+01	4.937631e+00	1.000000e+05	9.176421e-01	9.760554e-01	9.763263e-01
1	1_1581524	1581524	1	A	G	0.217	-6.193099e-01	1.052298e+00	-6.229378e+01	1.000000e-05	1.000000e+05	5.621701e-01	7.852287e-01	7.879300e-01
1	1_1583615	1583615	0	C	T	0.333	9.831532e-01	3.173380e+00	-6.228420e+01	9.108202e+00	1.000000e+05	7.596190e-01	7.598660e-01	7.629628e-01
1	1_1943622	1943622	0	G	A	0.333	9.831532e-01	3.173380e+00	-6.228420e+01	9.108202e+00	1.000000e+05	7.596190e-01	7.598660e-01	7.629628e-01
1	1_2108016	2108016	0	G	C	0.292	-2.113555e-01	2.020634e+00	-6.233046e+01	4.937631e+00	1.000000e+05	9.176421e-01	9.760554e-01	9.763263e-01
1	1_2194658	2194658	0	A	G	0.083	2.151693e-01	2.201287e+00	-6.231389e+01	6.620780e+00	1.000000e+05	9.230182e-01	8.535979e-01	8.553390e-01
1	1_2205937	2205937	0	G	C	0.333	9.831532e-01	3.173380e+00	-6.228420e+01	9.108202e+00	1.000000e+05	7.596190e-01	7.598660e-01	7.629628e-01
2	2_71426	71426	0	T	C	0.333	9.831532e-01	3.173380e+00	-6.228420e+01	9.108202e+00	1.000000e+05	7.596190e-01	7.598660e-01	7.629628e-01
2	2_140257	140257	0	G	A	0.333	9.831532e-01	3.173380e+00	-6.228420e+01	9.108202e+00	1.000000e+05	7.596190e-01	7.598660e-01	7.629628e-01
2	2_150696	150696	0	T	C	0.333	9.831532e-01	3.173380e+00	-6.228420e+01	9.108202e+00	1.000000e+05	7.596190e-01	7.598660e-01	7.629628e-01
2	2_270700	270700	2	T	C	0.364	1.469766e+00	7.975037e-01	-6.060809e+01	1.000000e+05	1.000000e+05	7.885143e-02	6.341853e-02	8.696934e-02
2	2_270799	270799	4	A	G	0.150	1.117830e+00	1.291968e+00	-6.231968e+01	1.000000e-05	1.000000e+05	3.962575e-01	8.808464e-01	8.822395e-01
2	2_270855	270855	0	G	A	0.458	1.500267e+00	7.977203e-01	-6.124598e+01	1.000000e-05	1.000000e+05	7.331738e-02	1.407378e-01	1.638427e-01
2	2_270969	270969	1	T	G	0.435	1.385806e+00	8.314959e-01	-6.200249e+01	1.000000e-05	1.000000e+05	1.097611e-01	4.176732e-01	4.294621e-01
2	2_270970	270970	1	T	A	0.435	1.385806e+00	8.314959e-01	-6.200249e+01	1.000000e-05	1.000000e+05	1.097611e-01	4.176732e-01	4.294621e-01
2	2_270971	270971	1	C	A	0.435	1.385806e+00	8.314959e-01	-6.200249e+01	1.000000e-05	1.000000e+05	1.097611e-01	4.176732e-01	4.294621e-01
2	2_270994	270994	0	A	G	0.458	1.405982e+00	8.054902e-01	-6.223032e+01	1.000000e-05	1.000000e+05	9.485114e-02	6.537697e-01	6.588231e-01
2	2_294465	294465	1	G	A	0.174	-1.190215e+00	1.114748e+00	-6.170306e+01	5.992582e+00	1.000000e+05	2.972329e-01	2.624658e-01	2.806396e-01
2	2_508674	508674	0	G	A	0.333	9.831532e-01	3.173380e+00	-6.228420e+01	9.108202e+00	1.000000e+05	7.596190e-01	7.598660e-01	7.629628e-01
2	2_595266	595266	0	A	G	0.333	9.831532e-01	3.173380e+00	-6.228420e+01	9.108202e+00	1.000000e+05	7.596190e-01	7.598660e-01	7.629628e-01
2	2_697983	697983	0	A	G	0.583	1.892071e+00	1.583459e+00	-6.145080e+01	1.417133e+01	1.000000e+05	2.448501e-01	1.845956e-01	2.061230e-01
2	2_774357	774357	0	A	C	0.333	9.831532e-01	3.173380e+00	-6.228420e+01	9.108202e+00	1.000000e+05	7.596190e-01	7.598660e-01	7.629628e-01
2	2_820645	820645	0	T	A	0.333	9.831532e-01	3.173380e+00	-6.228420e+01	9.108202e+00	1.000000e+05	7.596190e-01	7.598660e-01	7.629628e-01
2	2_963693	963693	0	T	G	0.292	-2.113555e-01	2.020634e+00	-6.233046e+01	4.937631e+00	1.000000e+05	9.176421e-01	9.760554e-01	9.763263e-01
2	2_983795	983795	0	G	C	0.583	1.892071e+00	1.583459e+00	-6.145080e+01	1.417133e+01	1.000000e+05	2.448501e-01	1.845956e-01	2.061230e-01
2	2_1088064	1088064	0	T	C	0.083	2.151693e-01	2.201287e+00	-6.231389e+01	6.620780e+00	1.000000e+05	9.230182e-01	8.535979e-01	8.553390e-01
2	2_1162362	1162362	0	G	C	0.333	9.831532e-01	3.173380e+00	-6.228420e+01	9.108202e+00	1.000000e+05	7.596190e-01	7.598660e-01	7.629628e-01
2	2_1225303	1225303	0	A	G	0.583	1.892071e+00	1.583459e+00	-6.145080e+01	1.417133e+01	1.000000e+05	2.448501e-01	1.845956e-01	2.061230e-01
2	2_1406556	1406556	0	G	A	0.333	9.831532e-01	3.173380e+00	-6.228420e+01	9.108202e+00	1.000000e+05	7.596190e-01	7.598660e-01	7.629628e-01
2	2_1519281	1519281	0	T	C	0.333	9.831532e-01	3.173380e+00	-6.228420e+01	9.108202e+00	1.000000e+05	7.596190e-01	7.598660e-01	7.629628e-01
3	3_61845	61845	0	G	T	0.333	9.831532e-01	3.173380e+00	-6.228420e+01	9.108202e+00	1.000000e+05	7.596190e-01	7.598660e-01	7.629628e-01
3	3_83036	83036	0	T	C	0.333	9.831532e-01	3.173380e+00	-6.228420e+01	9.108202e+00	1.000000e+05	7.596190e-01	7.598660e-01	7.629628e-01
3	3_84476	84476	0	T	C	0.333	9.831532e-01	3.173380e+00	-6.228420e+01	9.108202e+00	1.000000e+05	7.596190e-01	7.598660e-01	7.629628e-01
3	3_97584	97584	0	G	T	0.083	2.151693e-01	2.201287e+00	-6.231389e+01	6.620780e+00	1.000000e+05	9.230182e-01	8.535979e-01	8.553390e-01
3	3_189938	189938	0	T	C	0.083	2.151693e-01	2.201287e+00	-6.231389e+01	6.620780e+00	1.000000e+05	9.230182e-01	8.535979e-01	8.553390e-01
3	3_207299	207299	1	A	G	0.130	-1.341225e+00	1.267030e+00	-6.228567e+01	1.000000e-05	1.000000e+05	3.012860e-01	7.635726e-01	7.666101e-01
3	3_288811	288811	0	T	C	0.125	-1.034775e+00	1.285309e+00	-6.186972e+01	6.590234e+00	1.000000e+05	4.293901e-01	3.368476e-01	3.518080e-01
3	3_296203	296203	0	G	A	0.208	-2.437735e+00	1.517632e+00	-6.184269e+01	1.331356e+00	1.000000e+05	1.224727e-01	3.230796e-01	3.386185e-01
3	3_354680	354680	0	C	T	0.333	9.831532e-01	3.173380e+00	-6.228420e+01	9.108202e+00	1.000000e+05	7.596190e-01	7.598660e-01	7.629628e-01
3	3_401715	401715	0	T	C	0.333	9.831532e-01	3.173380e+00	-6.228420e+01	9.108202e+00	1.000000e+05	7.596190e-01	7.598660e-01	7.629628e-01
3	3_449970	449970	0	T	C	0.292	-2.113555e-01	2.020634e+00	-6.233046e+01	4.937631e+00	1.000000e+05	9.176421e-01	9.760554e-01	9.763263e-01
3	3_485530	485530	0	T	C	0.208	-2.437735e+00	1.517632e+00	-6.184269e+01	1.331356e+00	1.000000e+05	1.224727e-01	3.230796e-01	3.386185e-01
3	3_493126	493126	0	C	T	0.375	2.283701e+00	1.807241e+00	-6.174989e+01	3.374047e+00	1.000000e+05	2.195864e-01	2.810404e-01	2.983959e-01
3	3_741271	741271	0	T	C	0.083	2.151693e-01	2.201287e+00	-6.231389e+01	6.620780e+00	1.000000e+05	9.230182e-01	8.535979e-01	8.553390e-01
3	3_750294	750294	0	T	G	0.250	1.595682e+00	9.378688e-01	-6.080699e+01	5.899936e+00	1.000000e+05	1.029621e-01	8.084418e-02	1.047980e-01
3	3_860957	860957	0	A	T	0.500	4.012750e-01	8.608051e-01	-6.219104e+01	4.634163e+00	1.000000e+05	6.456819e-01	5.968712e-01	6.032166e-01
3	3_862065	862065	0	G	A	0.208	2.948810e-01	9.937752e-01	-6.223848e+01	4.155898e+00	1.000000e+05	7.694575e-01	6.672240e-01	6.719986e-01
3	3_862068	862068	0	G	A	0.208	2.948810e-01	9.937752e-01	-6.223848e+01	4.155898e+00	1.000000e+05	7.694575e-01	6.672240e-01	6.719986e-01
3	3_862069	862069	2	A	G	0.227	3.939584e-01	9.958713e-01	-6.219517e+01	4.194478e+00	1.000000e+05	6.962163e-01	6.023377e-01	6.085506e-01
3	3_968415	968415	1	G	C	0.348	2.535354e+00	3.011422e+00	-6.199301e+01	7.634208e+00	1.000000e+05	4.088961e-01	4.110318e-01	4.230653e-01
3	3_1070130	1070130	0	G	A	0.333	9.831532e-01	3.173380e+00	-6.228420e+01	9.108202e+00	1.000000e+05	7.596190e-01	7.598660e-01	7.629628e-01
3	3_1071924	1071924	0	G	A	0.333	-2.002564e+00	8.018378e-01	-6.022218e+01	1.000000e-05	1.000000e+05	2.048006e-02	4.000975e-02	6.196454e-02
3	3_1071929	1071929	0	C	T	0.333	-2.002564e+00	8.018378e-01	-6.022218e+01	1.000000e-05	1.000000e+05	2.048006e-02	4.000975e-02	6.196454e-02
3	3_1180025	1180025	0	C	T	0.333	9.831532e-01	3.173380e+00	-6.228420e+01	9.108202e+00	1.000000e+05	7.596190e-01	7.598660e-01	7.629628e-01
3	3_1234218	1234218	0	G	A	0.208	1.037318e+00	1.045771e+00	-6.171149e+01	6.044452e+00	1.000000e+05	3.320231e-01	2.656950e-01	2.837262e-01
3	3_1318833	1318833	0	T	C	0.333	9.831532e-01	3.173380e+00	-6.228420e+01	9.108202e+00	1.000000e+05	7.596190e-01	7.598660e-01	7.629628e-01
3	3_1330004	1330004	0	T	C	0.083	2.151693e-01	2.201287e+00	-6.231389e+01	6.620780e+00	1.000000e+05	9.230182e-01	8.535979e-01	8.553390e-01
3	3_1334793	1334793	0	C	T	0.083	2.151693e-01	2.201287e+00	-6.231389e+01	6.620780e+00	1.000000e+05	9.230182e-01	8.535979e-01	8.553390e-01
4	4_53256	53256	0	T	C	0.083	2.151693e-01	2.201287e+00	-6.231389e+01	6.620780e+00	1.000000e+05	9.230182e-01	8.535979e-01	8.553390e-01
4	4_106294	106294	0	C	T	0.250	-3.496629e+00	1.701386e+00	-6.011159e+01	8.813473e+00	1.000000e+05	5.192569e-02	3.513414e-02	5.650540e-02
4	4_577501	577501	0	G	A	0.333	9.831532e-01	3.173380e+00	-6.228420e+01	9.108202e+00	1.000000e+05	7.596190e-01	7.598660e-01	7.629628e-01
4	4_667433	667433	0	G	T	0.333	2.387440e+00	9.596662e-01	-5.924743e+01	1.339092e+01	1.000000e+05	2.091740e-02	1.301573e-02	2.925307e-02
4	4_667446	667446	0	G	A	0.375	1.789530e+00	9.339814e-01	-6.043393e+01	5.107896e+00	1.000000e+05	6.844700e-02	5.143746e-02	7.437272e-02
4	4_667490	667490	1	G	A	0.435	1.194646e+00	8.448766e-01	-6.156490e+01	1.000000e-05	1.000000e+05	1.713610e-01	2.158078e-01	2.360294e-01
4	4_679331	679331	0	T	A	0.333	9.831532e-01	3.173380e+00	-6.228420e+01	9.108202e+00	1.000000e+05	7.596190e-01	7.598660e-01	7.629628e-01
4	4_901105	901105	1	G	A	0.348	2.535354e+00	3.011422e+00	-6.199301e+01	7.634208e+00	1.000000e+05	4.088961e-01	4.110318e-01	4.230653e-01
4	4_995956	995956	2	A	G	0.273	1.259304e+00	9.257247e-01	-6.124042e+01	8.575109e+00	1.000000e+05	1.874977e-01	1.397253e-01	1.628606e-01
4	4_1076446	1076446	0	G	A	0.333	-4.715768e-01	9.483795e-01	-6.216044e+01	5.064708e+00	1.000000e+05	6.239496e-01	5.592857e-01	5.665926e-01
4	4_1076465	1076465	0	G	A	0.375	-8.694048e-01	8.800353e-01	-6.167082e+01	7.657737e+00	1.000000e+05	3.339332e-01	2.505588e-01	2.692586e-01
5	5_7093	7093	0	G	A	0.417	1.902167e+00	7.832059e-01	-5.936022e+01	7.511987e+00	1.000000e+05	2.377916e-02	1.478945e-02	3.169892e-02
5	5_168988	168988	0	G	A	0.083	2.151693e-01	2.201287e+00	-6.231389e+01	6.620780e+00	1.000000e+05	9.230182e-01	8.535979e-01	8.553390e-01
5	5_276722	276722	0	A	G	0.583	1.892071e+00	1.583459e+00	-6.145080e+01	1.417133e+01	1.000000e+05	2.448501e-01	1.845956e-01	2.061230e-01
5	5_475470	475470	1	T	C	0.391	-1.248989e+00	8.016159e-01	-6.105613e+01	3.887772e+00	1.000000e+05	1.334824e-01	1.103247e-01	1.341550e-01
5	5_476407	476407	0	T	A	0.542	3.771039e-01	7.981987e-01	-6.204555e+01	6.564039e+00	1.000000e+05	6.412632e-01	4.499704e-01	4.606137e-01
5	5_500266	500266	1	G	A	0.435	-1.280689e-01	9.425443e-01	-6.232128e+01	4.415248e+00	1.000000e+05	8.931552e-01	8.895999e-01	8.908845e-01
5	5_676974	676974	0	A	C	0.458	4.169098e-01	8.406816e-01	-6.213610e+01	4.759274e+00	1.000000e+05	6.248698e-01	5.324995e-01	5.405480e-01
5	5_773775	773775	0	C	T	0.083	2.151693e-01	2.201287e+00	-6.231389e+01	6.620780e+00	1.000000e+05	9.230182e-01	8.535979e-01	8.553390e-01
5	5_835130	835130	1	A	G	0.391	-5.806093e-01	8.877350e-01	-6.227131e+01	1.000000e-05	1.000000e+05	5.198684e-01	7.299055e-01	7.335022e-01
5	5_835251	835251	1	G	C	0.304	-1.773109e+00	8.723050e-01	-6.125568e+01	1.000000e-05	1.000000e+05	5.432888e-02	1.425271e-01	1.655772e-01
5	5_835261	835261	2	A	G	0.273	-1.682352e+00	9.380631e-01	-6.166533e+01	1.000000e-05	1.000000e+05	8.666333e-02	2.485988e-01	2.673852e-01
5	5_836479	836479	0	G	A	0.375	-5.946058e-01	8.754261e-01	-6.232429e+01	1.000000e-05	1.000000e+05	5.040833e-01	9.083538e-01	9.094104e-01
5	5_836568	836568	0	A	G	0.417	2.759672e-01	8.805267e-01	-6.231131e+01	3.802983e+00	1.000000e+05	7.569201e-01	8.430327e-01	8.449135e-01
5	5_836697	836697	0	A	G	0.542	-1.644401e+00	7.847012e-01	-6.057810e+01	1.000000e-05	1.000000e+05	4.784634e-02	6.116053e-02	8.462058e-02
5	5_836899	836899	1	G	A	0.087	1.473210e+00	1.520374e+00	-6.159420e+01	1.000000e-05	1.000000e+05	3.430889e-01	2.248058e-01	2.446373e-01
5	5_975686	975686	0	C	G	0.375	2.283701e+00	1.807241e+00	-6.174989e+01	3.374047e+00	1.000000e+05	2.195864e-01	2.810404e-01	2.983959e-01
5	5_1037902	1037902	0	A	G	0.333	9.831532e-01	3.173380e+00	-6.228420e+01	9.108202e+00	1.000000e+05	7.596190e-01	7.598660e-01	7.629628e-01
5	5_1099536	1099536	0	A	G	0.083	2.151693e-01	2.201287e+00	-6.231389e+01	6.620780e+00	1.000000e+05	9.230182e-01	8.535979e-01	8.553390e-01
5	5_1166880	1166880	0	A	G	0.083	2.151693e-01	2.201287e+00	-6.231389e+01	6.620780e+00	1.000000e+05	9.230182e-01	8.535979e-01	8.553390e-01
5	5_1210544	1210544	0	A	G	0.583	1.892071e+00	1.583459e+00	-6.145080e+01	1.417133e+01	1.000000e+05	2.448501e-01	1.845956e-01	2.061230e-01
5	5_1245074	1245074	0	G	A	0.500	-4.740643e-01	1.248587e+00	-6.225379e+01	4.483261e+00	1.000000e+05	7.078229e-01	6.945158e-01	6.987541e-01
5	5_1405166	1405166	0	G	A	0.250	-3.496629e+00	1.701386e+00	-6.011159e+01	8.813473e+00	1.000000e+05	5.192569e-02	3.513414e-02	5.650540e-02
5	5_1597105	1597105	0	C	T	0.625	-2.283701e+00	1.807241e+00	-6.174989e+01	3.374047e+00	1.000000e+05	2.195864e-01	2.810404e-01	2.983959e-01
5	5_1661241	1661241	0	G	A	0.083	2.151693e-01	2.201287e+00	-6.231389e+01	6.620780e+00	1.000000e+05	9.230182e-01	8.535979e-01	8.553390e-01
5	5_1688982	1688982	0	A	G	0.250	-3.496629e+00	1.701386e+00	-6.011159e+01	8.813473e+00	1.000000e+05	5.192569e-02	3.513414e-02	5.650540e-02
5	5_1695239	1695239	0	C	T	0.083	2.151693e-01	2.201287e+00	-6.231389e+01	6.620780e+00	1.000000e+05	9.230182e-01	8.535979e-01	8.553390e-01
5	5_1770892	1770892	0	G	A	0.375	-1.340685e+00	8.371015e-01	-6.173967e+01	1.000000e-05	1.000000e+05	1.235111e-01	2.768506e-01	2.943902e-01
5	5_1773044	1773044	0	G	A	0.125	1.006485e+00	1.276953e+00	-6.232948e+01	1.000000e-05	1.000000e+05	4.389948e-01	9.572631e-01	9.577480e-01
5	5_1773047	1773047	0	G	A	0.292	-1.523764e-01	9.263512e-01	-6.230923e+01	3.939226e+00	1.000000e+05	8.708466e-01	8.350487e-01	8.370369e-01
5	5_1781499	1781499	0	C	A	0.333	9.831532e-01	3.173380e+00	-6.228420e+01	9.108202e+00	1.000000e+05	7.596190e-01	7.598660e-01	7.629628e-01
6	6_191358	191358	0	C	T	0.083	-1.220618e+00	1.477998e+00	-6.187361e+01	4.900370e+00	1.000000e+05	4.177506e-01	3.388961e-01	3.537712e-01
6	6_211509	211509	0	T	C	0.083	7.698962e-01	1.540689e+00	-6.232949e+01	1.000000e-05	1.000000e+05	6.222411e-01	9.575217e-01	9.580036e-01
6	6_220264	220264	1	G	A	0.391	-2.128232e+00	8.455131e-01	-6.020258e+01	8.512450e-01	1.000000e+05	1.962014e-02	3.909651e-02	6.095084e-02
6	6_220267	220267	1	G	A	0.391	-2.128232e+00	8.455131e-01	-6.020258e+01	8.512450e-01	1.000000e+05	1.962014e-02	3.909651e-02	6.095084e-02
6	6_221273	221273	3	A	G	0.429	-3.270658e-01	8.637048e-01	-6.214133e+01	5.396929e+00	1.000000e+05	7.085570e-01	5.380520e-01	5.459428e-01
6	6_221275	221275	2	A	G	0.455	-5.300577e-01	8.360295e-01	-6.197422e+01	7.203989e+00	1.000000e+05	5.326066e-01	3.983232e-01	4.108331e-01
6	6_221282	221282	1	A	C	0.478	-6.962390e-01	8.052677e-01	-6.177676e+01	1.330720e+01	1.000000e+05	3.965851e-01	2.924505e-01	3.093069e-01
6	6_239210	239210	0	G	A	0.333	9.831532e-01	3.173380e+00	-6.228420e+01	9.108202e+00	1.000000e+05	7.596190e-01	7.598660e-01	7.629628e-01
6	6_276397	276397	0	A	G	0.083	2.151693e-01	2.201287e+00	-6.231389e+01	6.620780e+00	1.000000e+05	9.230182e-01	8.535979e-01	8.553390e-01
6	6_406899	406899	0	C	T	0.333	9.831532e-01	3.173380e+00	-6.228420e+01	9.108202e+00	1.000000e+05	7.596190e-01	7.598660e-01	7.629628e-01
6	6_465434	465434	0	A	G	0.083	2.151693e-01	2.201287e+00	-6.231389e+01	6.620780e+00	1.000000e+05	9.230182e-01	8.535979e-01	8.553390e-01
6	6_484890	484890	0	T	C	0.333	9.831532e-01	3.173380e+00	-6.228420e+01	9.108202e+00	1.000000e+05	7.596190e-01	7.598660e-01	7.629628e-01
6	6_499210	499210	0	G	C	0.333	9.831532e-01	3.173380e+00	-6.228420e+01	9.108202e+00	1.000000e+05	7.596190e-01	7.598660e-01	7.629628e-01
6	6_544412	544412	0	G	A	0.083	2.151693e-01	2.201287e+00	-6.231389e+01	6.620780e+00	1.000000e+05	9.230182e-01	8.535979e-01	8.553390e-01
6	6_554477	554477	0	G	T	0.083	2.151693e-01	2.201287e+00	-6.231389e+01	6.620780e+00	1.000000e+05	9.230182e-01	8.535979e-01	8.553390e-01
6	6_602467	602467	0	C	G	0.333	9.831532e-01	3.173380e+00	-6.228420e+01	9.108202e+00	1.000000e+05	7.596190e-01	7.598660e-01	7.629628e-01
6	6_659075	659075	0	T	C	0.333	9.831532e-01	3.173380e+00	-6.228420e+01	9.108202e+00	1.000000e+05	7.596190e-01	7.598660e-01	7.629628e-01
6	6_739933	739933	0	G	T	0.375	-3.907921e-01	8.414044e-01	-6.209871e+01	4.882355e+00	1.000000e+05	6.468874e-01	4.955699e-01	5.047207e-01
6	6_761983	761983	0	T	C	0.083	2.151693e-01	2.201287e+00	-6.231389e+01	6.620780e+00	1.000000e+05	9.230182e-01	8.535979e-01	8.553390e-01
6	6_936535	936535	0	T	A	0.083	-1.067805e+00	1.532604e+00	-6.226019e+01	1.000000e-05	1.000000e+05	4.932712e-01	7.068554e-01	7.108633e-01
6	6_960726	960726	0	A	G	0.083	2.151693e-01	2.201287e+00	-6.231389e+01	6.620780e+00	1.000000e+05	9.230182e-01	8.535979e-01	8.553390e-01
6	6_988043	988043	0	T	C	0.292	1.316686e-01	9.321066e-01	-6.232511e+01	3.655318e+00	1.000000e+05	8.889507e-01	9.141933e-01	9.151802e-01
6	6_988098	988098	1	A	G	0.348	-1.367511e+00	8.464586e-01	-6.098556e+01	1.000000e+05	1.000000e+05	1.204393e-01	1.009350e-01	1.248851e-01
6	6_988261	988261	3	A	G	0.238	1.587101e+00	9.551913e-01	-6.083691e+01	4.981979e+00	1.000000e+05	1.107878e-01	8.388361e-02	1.078637e-01
6	6_988405	988405	2	T	C	0.318	-8.425005e-01	7.887249e-01	-6.153680e+01	1.529287e+01	1.000000e+05	2.970205e-01	2.075810e-01	2.281551e-01
6	6_988465	988465	0	T	C	0.583	-9.790091e-01	8.304410e-01	-6.147624e+01	5.544887e+00	1.000000e+05	2.510304e-01	1.910691e-01	2.123338e-01
6	6_988478	988478	2	A	G	0.409	-5.647286e-01	9.017146e-01	-6.217933e+01	1.000000e-05	1.000000e+05	5.375739e-01	5.819057e-01	5.886231e-01
6	6_988549	988549	2	A	G	0.364	2.546263e-01	9.282138e-01	-6.229768e+01	1.000000e-05	1.000000e+05	7.863992e-01	7.965595e-01	7.990916e-01
6	6_988553	988553	2	T	G	0.364	2.546261e-01	9.282138e-01	-6.231161e+01	1.000000e-05	1.000000e+05	7.863993e-01	8.442432e-01	8.461078e-01
6	6_988631	988631	2	G	A	0.227	-4.337768e-02	1.067265e+00	-6.232224e+01	1.000000e-05	1.000000e+05	9.679465e-01	8.952398e-01	8.964552e-01
6	6_988733	988733	1	A	G	0.478	-2.196595e-02	9.021600e-01	-6.227872e+01	4.032148e+00	1.000000e+05	9.807944e-01	7.466215e-01	7.499347e-01
6	6_988843	988843	3	A	G	0.429	-3.886789e-01	9.213711e-01	-6.215686e+01	1.000000e-05	1.000000e+05	6.772293e-01	5.551891e-01	5.626064e-01
6	6_988922	988922	5	A	G	0.368	-9.907066e-01	9.751404e-01	-6.190623e+01	1.000000e-05	1.000000e+05	3.206906e-01	3.567336e-01	3.708763e-01
6	6_988930	988930	2	G	A	0.273	-1.451903e+00	9.554017e-01	-6.130136e+01	1.000000e-05	1.000000e+05	1.428342e-01	1.512993e-01	1.740665e-01
6	6_988960	988960	2	T	G	0.318	-6.430419e-01	9.504550e-01	-6.218921e+01	1.000000e-05	1.000000e+05	5.057355e-01	5.944794e-01	6.008833e-01
6	6_989188	989188	0	T	C	0.417	-7.516376e-01	8.578084e-01	-6.212087e+01	2.515707e+00	1.000000e+05	3.903723e-01	5.168938e-01	5.253966e-01
6	6_989334	989334	2	G	C	0.364	-1.322758e+00	8.859983e-01	-6.210186e+01	1.000000e-05	1.000000e+05	1.496516e-01	4.985073e-01	5.075669e-01
6	6_989453	989453	3	A	G	0.667	1.086989e+00	9.430860e-01	-6.216679e+01	1.000000e-05	1.000000e+05	2.614501e-01	5.666887e-01	5.737991e-01
6	6_989490	989490	0	T	C	0.417	1.026955e+00	8.405724e-01	-6.215219e+01	1.000000e-05	1.000000e+05	2.347387e-01	5.499261e-01	5.574868e-01
6	6_989528	989528	0	T	C	0.542	1.733714e+00	7.759127e-01	-6.173876e+01	1.000000e-05	1.000000e+05	3.593610e-02	2.764826e-01	2.940383e-01
6	6_989732	989732	4	T	C	0.400	1.198611e+00	9.228345e-01	-6.221697e+01	1.000000e-05	1.000000e+05	2.074492e-01	6.330933e-01	6.385944e-01
6	6_989861	989861	2	A	G	0.500	1.070170e+00	8.649644e-01	-6.232514e+01	1.000000e-05	1.000000e+05	2.290415e-01	9.144274e-01	9.154115e-01
6	6_989960	989960	0	A	G	0.458	2.268060e-02	8.594430e-01	-6.225735e+01	1.000000e-05	1.000000e+05	9.791843e-01	7.013034e-01	7.054140e-01
6	6_990258	990258	2	G	T	0.409	5.695903e-01	8.377947e-01	-6.192545e+01	5.039687e+00	1.000000e+05	5.036794e-01	3.678448e-01	3.815406e-01
6	6_990671	990671	5	G	A	0.526	-1.325911e+00	9.089161e-01	-6.122292e+01	1.000000e+05	1.000000e+05	1.587556e-01	1.365883e-01	1.598158e-01
6	6_990699	990699	2	G	A	0.545	-1.645823e+00	9.106377e-01	-6.066970e+01	1.000000e+05	1.000000e+05	8.440622e-02	6.834059e-02	9.205504e-02
6	6_990701	990701	1	A	G	0.565	-8.904192e-01	9.754714e-01	-6.176817e+01	8.013047e+00	1.000000e+05	3.712382e-01	2.887410e-01	3.057592e-01
6	6_990771	990771	3	T	C	0.381	-5.035388e-01	1.022866e+00	-6.220178e+01	3.656251e+00	1.000000e+05	6.273965e-01	6.113130e-01	6.173123e-01
6	6_990777	990777	1	A	G	0.391	-3.912089e-02	9.770769e-01	-6.232699e+01	4.341669e+00	1.000000e+05	9.684234e-01	9.294328e-01	9.302397e-01
6	6_990851	990851	1	T	C	0.304	3.386470e-02	1.012412e+00	-6.233070e+01	4.468661e+00	1.000000e+05	9.736178e-01	9.834319e-01	9.836192e-01
6	6_990862	990862	1	G	T	0.261	-9.410134e-02	1.039351e+00	-6.229921e+01	4.326815e+00	1.000000e+05	9.286785e-01	8.011907e-01	8.036550e-01
6	6_990885	990885	2	A	G	0.227	-7.325300e-01	1.174389e+00	-6.213903e+01	4.032969e+00	1.000000e+05	5.392035e-01	5.355903e-01	5.435508e-01
6	6_990992	990992	1	T	C	0.174	-1.259258e+00	1.122444e+00	-6.206457e+01	1.000000e-05	1.000000e+05	2.740055e-01	4.654770e-01	4.755963e-01
6	6_991027	991027	0	T	C	0.167	-1.785474e+00	1.324766e+00	-6.127210e+01	1.919763e+01	1.000000e+05	1.914499e-01	1.456123e-01	1.685656e-01
6	6_1031241	1031241	1	A	G	0.478	-6.254875e-01	1.203849e+00	-6.219907e+01	4.208259e+00	1.000000e+05	6.085498e-01	6.076028e-01	6.136899e-01
6	6_1116760	1116760	0	G	A	0.333	9.831532e-01	3.173380e+00	-6.228420e+01	9.108202e+00	1.000000e+05	7.596190e-01	7.598660e-01	7.629628e-01
6	6_1160524	1160524	0	A	G	0.375	4.463721e-01	9.277365e-01	-6.212918e+01	6.726370e+00	1.000000e+05	6.351671e-01	5.253065e-01	5.335623e-01
6	6_1160528	1160528	0	A	G	0.375	4.463721e-01	9.277365e-01	-6.212918e+01	6.726370e+00	1.000000e+05	6.351671e-01	5.253065e-01	5.335623e-01
6	6_1160532	1160532	0	A	G	0.375	4.463721e-01	9.277365e-01	-6.212918e+01	6.726370e+00	1.000000e+05	6.351671e-01	5.253065e-01	5.335623e-01
6	6_1167676	1167676	0	C	G	0.333	9.831532e-01	3.173380e+00	-6.228420e+01	9.108202e+00	1.000000e+05	7.596190e-01	7.598660e-01	7.629628e-01
6	6_1174733	1174733	0	G	C	0.083	2.151693e-01	2.201287e+00	-6.231389e+01	6.620780e+00	1.000000e+05	9.230182e-01	8.535979e-01	8.553390e-01
6	6_1249810	1249810	0	G	A	0.208	-2.437735e+00	1.517632e+00	-6.184269e+01	1.331356e+00	1.000000e+05	1.224727e-01	3.230796e-01	3.386185e-01
6	6_1279254	1279254	0	C	T	0.333	9.831532e-01	3.173380e+00	-6.228420e+01	9.108202e+00	1.000000e+05	7.596190e-01	7.598660e-01	7.629628e-01
7	7_11056	11056	1	A	C	0.348	-8.209116e-01	9.134642e-01	-6.177017e+01	7.269932e+00	1.000000e+05	3.785544e-01	2.895977e-01	3.065786e-01
7	7_14006	14006	2	A	G	0.273	2.511295e-01	1.002870e+00	-6.228340e+01	1.000000e-05	1.000000e+05	8.045934e-01	7.578928e-01	7.610213e-01
7	7_36839	36839	0	G	A	0.125	1.372963e+00	1.261340e+00	-6.228974e+01	1.000000e-05	1.000000e+05	2.881574e-01	7.741559e-01	7.770269e-01
7	7_37788	37788	0	C	T	0.333	9.831532e-01	3.173380e+00	-6.228420e+01	9.108202e+00	1.000000e+05	7.596190e-01	7.598660e-01	7.629628e-01
7	7_49744	49744	0	G	A	0.083	-1.221398e+00	1.480500e+00	-6.212800e+01	3.090661e+00	1.000000e+05	4.182333e-01	5.240998e-01	5.323908e-01
7	7_164473	164473	2	G	A	0.364	-6.533841e-01	9.193039e-01	-6.226546e+01	1.000000e-05	1.000000e+05	4.847140e-01	7.175021e-01	7.213170e-01
7	7_164511	164511	0	T	C	0.542	3.658647e-01	8.212156e-01	-6.215131e+01	4.966238e+00	1.000000e+05	6.603001e-01	5.489450e-01	5.565326e-01
7	7_164589	164589	1	C	T	0.391	-6.958891e-01	8.409157e-01	-6.178015e+01	7.865583e+00	1.000000e+05	4.168192e-01	2.939310e-01	3.107229e-01
7	7_164636	164636	1	A	G	0.391	6.788371e-01	8.845624e-01	-6.233090e+01	1.000000e-05	1.000000e+05	4.509860e-01	9.967267e-01	9.967637e-01
7	7_164887	164887	1	G	A	0.348	8.611736e-01	8.430244e-01	-6.164751e+01	8.861639e+00	1.000000e+05	3.181066e-01	2.423632e-01	2.614247e-01
7	7_164926	164926	2	G	A	0.273	4.326253e-01	9.756454e-01	-6.229671e+01	3.349470e+00	1.000000e+05	6.617887e-01	7.936792e-01	7.962539e-01
7	7_165027	165027	3	T	C	0.190	6.025822e-01	1.081228e+00	-6.224111e+01	3.385286e+00	1.000000e+05	5.829402e-01	6.717112e-01	6.763950e-01
7	7_165292	165292	0	C	A	0.583	-6.120022e-01	8.394670e-01	-6.201263e+01	4.350501e+00	1.000000e+05	4.736697e-01	4.249576e-01	4.364818e-01
7	7_165637	165637	0	A	G	0.458	-6.555100e-01	8.241666e-01	-6.210403e+01	2.881642e+00	1.000000e+05	4.349014e-01	5.005510e-01	5.095475e-01
7	7_165657	165657	2	A	G	0.409	-6.368265e-02	8.963750e-01	-6.232161e+01	3.804349e+00	1.000000e+05	9.440041e-01	8.914779e-01	8.927393e-01
7	7_165680	165680	0	T	C	0.417	-3.801755e-01	8.648268e-01	-6.232402e+01	1.000000e-05	1.000000e+05	6.645168e-01	9.065385e-01	9.076170e-01
7	7_165704	165704	1	A	G	0.478	-6.357516e-01	8.563174e-01	-6.187138e+01	7.815028e+00	1.000000e+05	4.656834e-01	3.377191e-01	3.526432e-01
7	7_165798	165798	2	C	T	0.409	1.579153e+00	9.872546e-01	-6.088625e+01	1.145500e+01	1.000000e+05	1.239645e-01	8.916789e-02	1.131688e-01
7	7_165854	165854	2	T	C	0.545	-4.472636e-01	8.931969e-01	-6.226181e+01	1.000000e-05	1.000000e+05	6.215237e-01	7.100633e-01	7.140125e-01
7	7_165873	165873	1	A	G	0.391	7.195103e-01	8.831015e-01	-6.229904e+01	1.000000e-05	1.000000e+05	4.239458e-01	8.006751e-01	8.031469e-01
7	7_165955	165955	2	T	C	0.409	7.668756e-02	9.095679e-01	-6.230564e+01	1.000000e-05	1.000000e+05	9.335708e-01	8.221342e-01	8.243000e-01
7	7_166056	166056	1	C	A	0.522	-3.063597e-01	8.387059e-01	-6.223210e+01	3.963139e+00	1.000000e+05	7.183932e-01	6.566492e-01	6.616421e-01
7	7_166309	166309	1	G	A	0.478	7.393503e-02	8.755737e-01	-6.230322e+01	1.000000e-05	1.000000e+05	9.334689e-01	8.139395e-01	8.162204e-01
7	7_166838	166838	0	T	A	0.125	-1.038726e+00	1.275781e+00	-6.232970e+01	1.000000e-05	1.000000e+05	4.242628e-01	9.607399e-01	9.611850e-01
7	7_166992	166992	2	A	G	0.318	6.094234e-01	9.514604e-01	-6.211540e+01	1.000000e-05	1.000000e+05	5.284544e-01	5.114833e-01	5.201475e-01
7	7_167034	167034	2	T	C	0.318	1.295307e+00	8.153221e-01	-6.089297e+01	2.201967e+01	1.000000e+05	1.263960e-01	8.991559e-02	1.139171e-01
7	7_167035	167035	1	C	A	0.348	1.292988e+00	7.803529e-01	-6.076340e+01	1.577016e+01	1.000000e+05	1.117283e-01	7.662730e-02	1.005255e-01
7	7_167135	167135	2	A	G	0.591	-1.761371e+00	7.515493e-01	-5.946227e+01	7.544896e+00	1.000000e+05	2.853834e-02	1.660846e-02	3.413347e-02
7	7_167192	167192	2	C	T	0.500	-1.255103e+00	7.626405e-01	-6.072429e+01	6.156883e+00	1.000000e+05	1.140318e-01	7.304417e-02	9.687582e-02
7	7_167224	167224	4	T	A	0.400	-1.412941e+00	8.084494e-01	-6.060538e+01	8.696247e+00	1.000000e+05	9.445807e-02	6.321134e-02	8.675425e-02
7	7_167292	167292	3	A	G	0.429	-1.686828e+00	7.273993e-01	-5.970668e+01	1.000000e+05	1.000000e+05	3.007484e-02	2.196613e-02	4.097614e-02
7	7_167370	167370	1	A	G	0.391	2.083035e+00	6.306357e-01	-5.749800e+01	1.000000e+05	1.000000e+05	3.238389e-03	1.877274e-03	9.955724e-03
7	7_167655	167655	2	G	A	0.364	-2.718248e-01	9.488059e-01	-6.228198e+01	4.099821e+00	1.000000e+05	7.771823e-01	7.544074e-01	7.575925e-01
7	7_167687	167687	1	A	C	0.130	-5.525131e-01	1.293548e+00	-6.215823e+01	1.000000e-05	1.000000e+05	6.734360e-01	5.567490e-01	5.641242e-01
7	7_226969	226969	0	G	A	0.333	9.831532e-01	3.173380e+00	-6.228420e+01	9.108202e+00	1.000000e+05	7.596190e-01	7.598660e-01	7.629628e-01
7	7_230511	230511	0	A	G	0.333	9.831532e-01	3.173380e+00	-6.228420e+01	9.108202e+00	1.000000e+05	7.596190e-01	7.598660e-01	7.629628e-01
7	7_347542	347542	0	C	T	0.292	-2.113555e-01	2.020634e+00	-6.233046e+01	4.937631e+00	1.000000e+05	9.176421e-01	9.760554e-01	9.763263e-01
7	7_453828	453828	2	T	C	0.182	-2.723433e-01	1.158207e+00	-6.232916e+01	1.000000e-05	1.000000e+05	8.162733e-01	9.527515e-01	9.532881e-01
7	7_479542	479542	1	A	G	0.130	-1.251437e+00	1.271199e+00	-6.229636e+01	1.000000e-05	1.000000e+05	3.355961e-01	7.926540e-01	7.952440e-01
7	7_508893	508893	0	G	C	0.333	9.831532e-01	3.173380e+00	-6.228420e+01	9.108202e+00	1.000000e+05	7.596190e-01	7.598660e-01	7.629628e-01
7	7_672119	672119	0	G	A	0.292	-1.475387e-01	9.416209e-01	-6.232142e+01	1.000000e-05	1.000000e+05	8.769214e-01	8.904225e-01	8.916969e-01
7	7_752860	752860	2	A	T	0.273	-4.796943e-01	9.091698e-01	-6.202632e+01	5.725808e+00	1.000000e+05	6.030458e-01	4.350945e-01	4.462564e-01
7	7_752861	752861	0	A	T	0.125	-1.038727e+00	1.275781e+00	-6.226332e+01	1.000000e-05	1.000000e+05	4.242623e-01	7.131225e-01	7.170162e-01
7	7_813688	813688	1	C	T	0.348	2.535354e+00	3.011422e+00	-6.199301e+01	7.634208e+00	1.000000e+05	4.088961e-01	4.110318e-01	4.230653e-01
7	7_819348	819348	0	A	C	0.333	9.831532e-01	3.173380e+00	-6.228420e+01	9.108202e+00	1.000000e+05	7.596190e-01	7.598660e-01	7.629628e-01
7	7_831960	831960	0	T	G	0.250	-3.496629e+00	1.701386e+00	-6.011159e+01	8.813473e+00	1.000000e+05	5.192569e-02	3.513414e-02	5.650540e-02
7	7_908360	908360	3	C	A	0.143	-3.820574e-01	1.305737e+00	-6.229137e+01	1.000000e-05	1.000000e+05	7.725705e-01	7.785329e-01	7.813363e-01
7	7_911043	911043	0	C	T	0.333	9.831532e-01	3.173380e+00	-6.228420e+01	9.108202e+00	1.000000e+05	7.596190e-01	7.598660e-01	7.629628e-01
7	7_1008288	1008288	0	G	A	0.333	9.831532e-01	3.173380e+00	-6.228420e+01	9.108202e+00	1.000000e+05	7.596190e-01	7.598660e-01	7.629628e-01
7	7_1024334	1024334	0	G	A	0.333	9.831532e-01	3.173380e+00	-6.228420e+01	9.108202e+00	1.000000e+05	7.596190e-01	7.598660e-01	7.629628e-01
7	7_1024356	1024356	0	T	C	0.333	9.831532e-01	3.173380e+00	-6.228420e+01	9.108202e+00	1.000000e+05	7.596190e-01	7.598660e-01	7.629628e-01
7	7_1171945	1171945	0	A	G	0.083	2.151693e-01	2.201287e+00	-6.231389e+01	6.620780e+00	1.000000e+05	9.230182e-01	8.535979e-01	8.553390e-01
7	7_1191543	1191543	0	C	T	0.333	9.831532e-01	3.173380e+00	-6.228420e+01	9.108202e+00	1.000000e+05	7.596190e-01	7.598660e-01	7.629628e-01
7	7_1192832	1192832	0	T	C	0.083	2.151693e-01	2.201287e+00	-6.231389e+01	6.620780e+00	1.000000e+05	9.230182e-01	8.535979e-01	8.553390e-01
7	7_1193976	1193976	0	C	T	0.333	9.831532e-01	3.173380e+00	-6.228420e+01	9.108202e+00	1.000000e+05	7.596190e-01	7.598660e-01	7.629628e-01
7	7_1196178	1196178	0	C	T	0.583	-1.103845e+00	8.583277e-01	-6.133584e+01	1.727890e+01	1.000000e+05	2.117996e-01	1.583250e-01	1.808501e-01
7	7_1205599	1205599	3	G	T	0.381	-1.525095e+00	7.748223e-01	-6.025537e+01	2.429294e+01	1.000000e+05	6.176020e-02	4.160805e-02	6.372972e-02
7	7_1205600	1205600	2	G	A	0.364	-1.575461e+00	7.771826e-01	-6.027592e+01	1.000000e+05	1.000000e+05	5.493431e-02	4.263066e-02	6.485343e-02
7	7_1205735	1205735	2	T	A	0.364	5.524529e-01	9.223120e-01	-6.221262e+01	1.000000e-05	1.000000e+05	5.553000e-01	6.266905e-01	6.323352e-01
7	7_1227094	1227094	0	A	G	0.333	9.831532e-01	3.173380e+00	-6.228420e+01	9.108202e+00	1.000000e+05	7.596190e-01	7.598660e-01	7.629628e-01
7	7_1240469	1240469	0	C	T	0.083	2.151693e-01	2.201287e+00	-6.231389e+01	6.620780e+00	1.000000e+05	9.230182e-01	8.535979e-01	8.553390e-01
7	7_1263585	1263585	0	T	C	0.292	-3.794615e-01	1.013194e+00	-6.227458e+01	4.433565e+00	1.000000e+05	7.116031e-01	7.371271e-01	7.405998e-01
7	7_1263610	1263610	0	G	A	0.375	-2.027615e+00	8.465885e-01	-5.955055e+01	1.000000e+05	1.000000e+05	2.556707e-02	1.836779e-02	3.642881e-02
7	7_1266484	1266484	1	A	T	0.435	-1.798292e+00	8.742818e-01	-6.009829e+01	8.348917e+00	1.000000e+05	5.174658e-02	3.459099e-02	5.588955e-02
7	7_1276916	1276916	0	A	G	0.208	1.257697e+00	1.019797e+00	-6.175119e+01	1.000000e-05	1.000000e+05	2.304862e-01	2.815822e-01	2.989139e-01
7	7_1276919	1276919	0	G	A	0.167	2.004691e+00	1.066628e+00	-6.106164e+01	1.000000e-05	1.000000e+05	7.349187e-02	1.110972e-01	1.349150e-01
7	7_1341024	1341024	0	A	C	0.333	-8.170429e-01	8.915633e-01	-6.216498e+01	1.000000e-05	1.000000e+05	3.693857e-01	5.645685e-01	5.717348e-01
8	8_144493	144493	0	A	G	0.333	9.831532e-01	3.173380e+00	-6.228420e+01	9.108202e+00	1.000000e+05	7.596190e-01	7.598660e-01	7.629628e-01
8	8_174475	174475	0	G	T	0.333	9.831532e-01	3.173380e+00	-6.228420e+01	9.108202e+00	1.000000e+05	7.596190e-01	7.598660e-01	7.629628e-01
8	8_208859	208859	0	G	A	0.208	-2.437735e+00	1.517632e+00	-6.184269e+01	1.331356e+00	1.000000e+05	1.224727e-01	3.230796e-01	3.386185e-01
8	8_294928	294928	0	T	A	0.333	9.831532e-01	3.173380e+00	-6.228420e+01	9.108202e+00	1.000000e+05	7.596190e-01	7.598660e-01	7.629628e-01
8	8_553155	553155	0	T	C	0.083	2.151693e-01	2.201287e+00	-6.231389e+01	6.620780e+00	1.000000e+05	9.230182e-01	8.535979e-01	8.553390e-01
8	8_725537	725537	0	A	C	0.333	9.831532e-01	3.173380e+00	-6.228420e+01	9.108202e+00	1.000000e+05	7.596190e-01	7.598660e-01	7.629628e-01
8	8_817562	817562	3	T	C	0.095	-1.030954e-01	1.559413e+00	-6.226115e+01	1.000000e-05	1.000000e+05	9.478860e-01	7.087440e-01	7.127173e-01
8	8_817567	817567	3	C	T	0.095	-1.030954e-01	1.559413e+00	-6.226115e+01	1.000000e-05	1.000000e+05	9.478860e-01	7.087440e-01	7.127173e-01
8	8_817674	817674	3	A	G	0.143	-5.642000e-01	1.302734e+00	-6.232997e+01	1.000000e-05	1.000000e+05	6.691664e-01	9.654282e-01	9.658198e-01
8	8_818838	818838	3	G	A	0.429	7.372734e-01	9.116380e-01	-6.171695e+01	1.000000e-05	1.000000e+05	4.273275e-01	2.678099e-01	2.857477e-01
8	8_847517	847517	0	A	G	0.167	7.970806e-01	1.136436e+00	-6.230111e+01	1.000000e-05	1.000000e+05	4.904154e-01	8.071285e-01	8.095067e-01
8	8_874822	874822	1	G	A	0.087	7.566008e-01	1.544078e+00	-6.233030e+01	1.000000e-05	1.000000e+05	6.289836e-01	9.721272e-01	9.724427e-01
8	8_874895	874895	3	T	C	0.143	4.150282e-01	1.305279e+00	-6.228568e+01	1.000000e-05	1.000000e+05	7.535128e-01	7.635982e-01	7.666352e-01
8	8_874992	874992	0	C	T	0.083	-1.080646e+00	1.532184e+00	-6.232469e+01	1.000000e-05	1.000000e+05	4.880262e-01	9.111792e-01	9.122021e-01
8	8_1083181	1083181	0	T	C	0.333	9.831532e-01	3.173380e+00	-6.228420e+01	9.108202e+00	1.000000e+05	7.596190e-01	7.598660e-01	7.629628e-01
8	8_1161462	1161462	0	C	T	0.625	6.759311e-01	1.752327e+00	-6.219536e+01	5.293270e+00	1.000000e+05	7.033988e-01	6.025866e-01	6.087935e-01
8	8_1252135	1252135	1	T	C	0.435	-1.547576e+00	8.184232e-01	-6.204930e+01	1.000000e-05	1.000000e+05	7.187675e-02	4.529631e-01	4.635039e-01
8	8_1256218	1256218	0	G	A	0.333	9.831532e-01	3.173380e+00	-6.228420e+01	9.108202e+00	1.000000e+05	7.596190e-01	7.598660e-01	7.629628e-01
8	8_1326133	1326133	0	A	G	0.208	1.975275e-01	1.053619e+00	-6.233077e+01	1.000000e-05	1.000000e+05	8.530063e-01	9.864472e-01	9.866003e-01
8	8_1326140	1326140	0	G	A	0.167	3.706328e-01	1.095932e+00	-6.215852e+01	4.431175e+00	1.000000e+05	7.384264e-01	5.570815e-01	5.644476e-01
8	8_1383765	1383765	0	A	G	0.417	-9.465332e-01	8.032136e-01	-6.143195e+01	9.051553e+00	1.000000e+05	2.512137e-01	1.799634e-01	2.016753e-01
9	9_5213	5213	3	G	C	0.238	6.502315e-01	1.065892e+00	-6.222444e+01	1.000000e-05	1.000000e+05	5.480886e-01	6.444710e-01	6.497228e-01
9	9_6619	6619	1	C	T	0.304	1.896123e+00	8.604655e-01	-6.083626e+01	1.000000e-05	1.000000e+05	3.831900e-02	8.381564e-02	1.077953e-01
9	9_7470	7470	0	A	G	0.292	2.346811e+00	8.005249e-01	-6.027213e+01	1.033704e-02	1.000000e+05	7.723620e-03	4.243987e-02	6.464411e-02
9	9_7729	7729	1	C	T	0.435	4.769131e-01	8.765493e-01	-6.202701e+01	1.000000e-05	1.000000e+05	5.918583e-01	4.356176e-01	4.467610e-01
9	9_8171	8171	2	G	A	0.364	-1.365401e-01	1.104217e+00	-6.228288e+01	4.677608e+00	1.000000e+05	9.027125e-01	7.566084e-01	7.597578e-01
9	9_10033	10033	1	C	T	0.174	-3.561025e-01	1.094283e+00	-6.219247e+01	4.062597e+00	1.000000e+05	7.479373e-01	5.987468e-01	6.050465e-01
9	9_49163	49163	0	A	G	0.250	-3.496629e+00	1.701386e+00	-6.011159e+01	8.813473e+00	1.000000e+05	5.192569e-02	3.513414e-02	5.650540e-02
9	9_220237	220237	2	A	G	0.091	-5.146791e-01	1.551978e+00	-6.228201e+01	1.000000e-05	1.000000e+05	7.433087e-01	7.544751e-01	7.576592e-01
9	9_220963	220963	1	C	T	0.174	-1.172096e+00	1.126721e+00	-6.220031e+01	1.000000e-05	1.000000e+05	3.095119e-01	6.092895e-01	6.153366e-01
9	9_272607	272607	0	A	G	0.333	9.831532e-01	3.173380e+00	-6.228420e+01	9.108202e+00	1.000000e+05	7.596190e-01	7.598660e-01	7.629628e-01
9	9_338278	338278	1	A	G	0.348	2.535354e+00	3.011422e+00	-6.199301e+01	7.634208e+00	1.000000e+05	4.088961e-01	4.110318e-01	4.230653e-01
9	9_491535	491535	0	A	G	0.333	9.831532e-01	3.173380e+00	-6.228420e+01	9.108202e+00	1.000000e+05	7.596190e-01	7.598660e-01	7.629628e-01
9	9_534468	534468	0	C	T	0.333	9.831532e-01	3.173380e+00	-6.228420e+01	9.108202e+00	1.000000e+05	7.596190e-01	7.598660e-01	7.629628e-01
9	9_705343	705343	1	G	A	0.261	1.533093e-01	1.023053e+00	-6.232817e+01	4.032541e+00	1.000000e+05	8.822447e-01	9.409504e-01	9.416232e-01
9	9_705571	705571	0	T	C	0.500	2.880969e-01	8.524890e-01	-6.220447e+01	4.783516e+00	1.000000e+05	7.386060e-01	6.150502e-01	6.209621e-01
9	9_706175	706175	2	G	A	0.318	1.303483e+00	8.970266e-01	-6.108166e+01	8.048301e+00	1.000000e+05	1.603077e-01	1.139539e-01	1.377223e-01
9	9_741562	741562	0	T	C	0.250	-3.496629e+00	1.701386e+00	-6.011159e+01	8.813473e+00	1.000000e+05	5.192569e-02	3.513414e-02	5.650540e-02
9	9_942229	942229	0	A	G	0.292	-2.113555e-01	2.020634e+00	-6.233046e+01	4.937631e+00	1.000000e+05	9.176421e-01	9.760554e-01	9.763263e-01
9	9_981209	981209	0	G	A	0.083	2.151693e-01	2.201287e+00	-6.231389e+01	6.620780e+00	1.000000e+05	9.230182e-01	8.535979e-01	8.553390e-01
9	9_1115286	1115286	0	G	A	0.500	-3.135239e-01	8.597347e-01	-6.228675e+01	4.045568e+00	1.000000e+05	7.188359e-01	7.663232e-01	7.693170e-01
10	10_13558	13558	0	C	T	0.333	9.831532e-01	3.173380e+00	-6.228420e+01	9.108202e+00	1.000000e+05	7.596190e-01	7.598660e-01	7.629628e-01
10	10_15220	15220	1	T	A	0.130	-3.263398e-01	1.281610e+00	-6.226265e+01	4.052401e+00	1.000000e+05	8.013719e-01	7.117624e-01	7.156807e-01
10	10_15251	15251	2	G	A	0.091	-1.825952e+00	1.506360e+00	-6.231590e+01	1.000000e-05	1.000000e+05	2.383083e-01	8.624334e-01	8.640599e-01
10	10_15279	15279	1	A	G	0.261	-7.619025e-01	9.828759e-01	-6.204943e+01	1.000000e-05	1.000000e+05	4.464879e-01	4.530692e-01	4.636064e-01
10	10_15288	15288	2	C	T	0.227	-3.711157e-01	1.024707e+00	-6.225363e+01	3.905118e+00	1.000000e+05	7.206824e-01	6.942185e-01	6.984624e-01
10	10_15302	15302	2	T	C	0.318	-1.824003e+00	8.780276e-01	-6.078949e+01	1.000000e-05	1.000000e+05	4.964548e-02	7.912208e-02	1.030560e-01
10	10_15428	15428	1	C	G	0.130	-2.044697e+00	1.223559e+00	-6.191528e+01	1.000000e-05	1.000000e+05	1.088669e-01	3.619096e-01	3.758432e-01
10	10_15438	15438	0	G	A	0.125	-1.947331e+00	1.226494e+00	-6.200764e+01	1.000000e-05	1.000000e+05	1.266187e-01	4.213488e-01	4.330037e-01
10	10_15441	15441	1	A	G	0.130	-2.044697e+00	1.223559e+00	-6.191528e+01	1.000000e-05	1.000000e+05	1.088669e-01	3.619096e-01	3.758432e-01
10	10_15449	15449	1	C	T	0.087	-1.975009e+00	1.517460e+00	-6.149183e+01	3.274243e+00	1.000000e+05	2.065446e-01	1.951687e-01	2.162644e-01
10	10_15455	15455	0	C	T	0.083	-1.872302e+00	1.528206e+00	-6.159872e+01	3.203247e+00	1.000000e+05	2.334696e-01	2.262321e-01	2.460014e-01
10	10_15458	15458	0	G	A	0.083	-1.872302e+00	1.528206e+00	-6.159872e+01	3.203247e+00	1.000000e+05	2.334696e-01	2.262321e-01	2.460014e-01
10	10_15461	15461	0	T	C	0.083	-1.872302e+00	1.528206e+00	-6.159872e+01	3.203247e+00	1.000000e+05	2.334696e-01	2.262321e-01	2.460014e-01
10	10_15463	15463	0	A	T	0.083	-1.872302e+00	1.528206e+00	-6.159872e+01	3.203247e+00	1.000000e+05	2.334696e-01	2.262321e-01	2.460014e-01
10	10_15473	15473	0	C	T	0.083	-1.872302e+00	1.528206e+00	-6.159872e+01	3.203247e+00	1.000000e+05	2.334696e-01	2.262321e-01	2.460014e-01
10	10_17879	17879	0	T	C	0.333	7.530292e-01	8.941232e-01	-6.230408e+01	1.000000e-05	1.000000e+05	4.087395e-01	8.168117e-01	8.190521e-01
10	10_17897	17897	0	A	G	0.333	7.530292e-01	8.941232e-01	-6.230408e+01	1.000000e-05	1.000000e+05	4.087395e-01	8.168117e-01	8.190521e-01
10	10_18092	18092	1	A	G	0.522	-1.247008e+00	7.237848e-01	-6.064018e+01	1.471284e+01	1.000000e+05	9.893612e-02	6.593328e-02	8.957329e-02
10	10_18647	18647	3	C	T	0.381	8.077588e-01	9.268635e-01	-6.233081e+01	1.000000e-05	1.000000e+05	3.928943e-01	9.883109e-01	9.884430e-01
10	10_18785	18785	0	G	A	0.375	1.665355e+00	1.092667e+00	-6.167872e+01	1.272867e+00	1.000000e+05	1.417261e-01	2.534129e-01	2.719866e-01
10	10_18869	18869	0	A	G	0.500	-2.149363e+00	9.534733e-01	-6.012485e+01	2.470314e+00	1.000000e+05	3.447521e-02	3.568440e-02	5.712764e-02
10	10_18908	18908	0	G	A	0.292	-4.265740e-01	9.377543e-01	-6.231112e+01	1.000000e-05	1.000000e+05	6.536462e-01	8.423090e-01	8.441994e-01
10	10_18915	18915	0	T	C	0.292	-4.265740e-01	9.377543e-01	-6.231112e+01	1.000000e-05	1.000000e+05	6.536462e-01	8.423090e-01	8.441994e-01
10	10_18933	18933	0	A	G	0.292	-7.143048e-01	9.297643e-01	-6.214356e+01	1.000000e-05	1.000000e+05	4.504987e-01	5.404535e-01	5.482768e-01
10	10_18941	18941	2	T	C	0.318	-8.837900e-01	1.048938e+00	-6.193632e+01	3.445337e+00	1.000000e+05	4.085433e-01	3.743476e-01	3.877854e-01
10	10_18943	18943	1	G	A	0.348	-1.260848e+00	9.876434e-01	-6.137425e+01	3.843682e+00	1.000000e+05	2.150470e-01	1.665952e-01	1.888203e-01
10	10_18983	18983	2	C	T	0.227	1.755906e+00	1.523121e+00	-6.155944e+01	6.252052e+00	1.000000e+05	2.613511e-01	2.141810e-01	2.344727e-01
10	10_19002	19002	0	C	T	0.583	-1.699834e+00	1.347065e+00	-6.218249e+01	1.252395e+00	1.000000e+05	2.202070e-01	5.858667e-01	5.924843e-01
10	10_19004	19004	0	A	G	0.583	-1.699834e+00	1.347065e+00	-6.218249e+01	1.252395e+00	1.000000e+05	2.202070e-01	5.858667e-01	5.924843e-01
10	10_19008	19008	0	T	C	0.292	4.162849e-01	1.792894e+00	-6.232392e+01	4.742396e+00	1.000000e+05	8.185398e-01	9.058808e-01	9.069672e-01
10	10_19015	19015	0	G	A	0.583	-1.699834e+00	1.347065e+00	-6.218249e+01	1.252395e+00	1.000000e+05	2.202070e-01	5.858667e-01	5.924843e-01
10	10_19031	19031	0	A	G	0.625	-4.284218e-01	1.628367e+00	-6.231971e+01	3.212302e+00	1.000000e+05	7.949226e-01	8.809895e-01	8.823808e-01
10	10_19062	19062	1	A	G	0.304	5.786432e-01	2.216186e+00	-6.231700e+01	5.494926e+00	1.000000e+05	7.964450e-01	8.675322e-01	8.690933e-01
10	10_19067	19067	1	T	A	0.565	-2.107396e+00	1.308729e+00	-6.105890e+01	2.870260e+00	1.000000e+05	1.215969e-01	1.107122e-01	1.345363e-01
10	10_19151	19151	1	G	A	0.261	1.263066e+00	1.519867e+00	-6.194201e+01	5.026198e+00	1.000000e+05	4.148814e-01	3.778147e-01	3.911160e-01
10	10_318276	318276	0	G	A	0.333	-7.983197e-01	8.865487e-01	-6.178585e+01	5.421295e+00	1.000000e+05	3.776167e-01	2.964414e-01	3.131241e-01
10	10_381155	381155	0	G	A	0.292	-2.113555e-01	2.020634e+00	-6.233046e+01	4.937631e+00	1.000000e+05	9.176421e-01	9.760554e-01	9.763263e-01
10	10_387430	387430	1	A	G	0.565	1.413856e+00	1.645996e+00	-6.180376e+01	1.364775e+01	1.000000e+05	3.996217e-01	3.045196e-01	3.208524e-01
10	10_474627	474627	0	A	G	0.333	9.831532e-01	3.173380e+00	-6.228420e+01	9.108202e+00	1.000000e+05	7.596190e-01	7.598660e-01	7.629628e-01
10	10_583208	583208	1	A	G	0.348	-1.344388e+00	8.945079e-01	-6.144763e+01	2.491267e-02	1.000000e+05	1.470753e-01	1.838078e-01	2.053668e-01
10	10_584652	584652	0	G	T	0.333	-1.166997e+00	8.767667e-01	-6.136395e+01	3.718852e+00	1.000000e+05	1.968119e-01	1.643299e-01	1.866386e-01
10	10_612064	612064	0	A	G	0.208	-2.437735e+00	1.517632e+00	-6.184269e+01	1.331356e+00	1.000000e+05	1.224727e-01	3.230796e-01	3.386185e-01
10	10_724149	724149	0	G	A	0.208	-4.185638e-01	1.047442e+00	-6.218164e+01	5.009424e+00	1.000000e+05	6.933001e-01	5.847896e-01	5.914343e-01
10	10_724150	724150	0	A	G	0.208	-4.185638e-01	1.047442e+00	-6.218164e+01	5.009424e+00	1.000000e+05	6.933001e-01	5.847896e-01	5.914343e-01
10	10_969715	969715	0	T	C	0.292	-2.113555e-01	2.020634e+00	-6.233046e+01	4.937631e+00	1.000000e+05	9.176421e-01	9.760554e-01	9.763263e-01
10	10_989095	989095	0	G	A	0.333	9.831532e-01	3.173380e+00	-6.228420e+01	9.108202e+00	1.000000e+05	7.596190e-01	7.598660e-01	7.629628e-01
11	11_9749	9749	1	A	G	0.174	9.275766e-01	1.112209e+00	-6.180108e+01	9.170370e+00	1.000000e+05	4.132482e-01	3.032902e-01	3.196761e-01
11	11_10019	10019	1	G	C	0.304	2.278087e-01	9.494562e-01	-6.225452e+01	1.000000e-05	1.000000e+05	8.126014e-01	6.958831e-01	7.000955e-01
11	11_10896	10896	0	C	G	0.125	-3.222514e-02	1.294842e+00	-6.231027e+01	1.000000e-05	1.000000e+05	9.803692e-01	8.389835e-01	8.409186e-01
11	11_10931	10931	0	T	A	0.167	-1.145554e-01	1.148813e+00	-6.230088e+01	1.000000e-05	1.000000e+05	9.214726e-01	8.063950e-01	8.087838e-01
11	11_10934	10934	0	G	T	0.208	-1.460702e-01	1.054000e+00	-6.209069e+01	1.000000e-05	1.000000e+05	8.910376e-01	4.882170e-01	4.975986e-01
11	11_104630	104630	0	A	G	0.125	1.065996e+00	1.249500e+00	-6.177591e+01	7.130858e+00	1.000000e+05	4.027758e-01	2.920822e-01	3.089546e-01
11	11_104688	104688	1	G	A	0.130	-5.835367e-01	1.292929e+00	-6.233038e+01	1.000000e-05	1.000000e+05	6.561698e-01	9.739210e-01	9.742160e-01
11	11_152800	152800	0	C	T	0.333	9.831532e-01	3.173380e+00	-6.228420e+01	9.108202e+00	1.000000e+05	7.596190e-01	7.598660e-01	7.629628e-01
11	11_153063	153063	0	A	G	0.333	9.831532e-01	3.173380e+00	-6.228420e+01	9.108202e+00	1.000000e+05	7.596190e-01	7.598660e-01	7.629628e-01
11	11_159356	159356	0	A	C	0.208	-2.437735e+00	1.517632e+00	-6.184269e+01	1.331356e+00	1.000000e+05	1.224727e-01	3.230796e-01	3.386185e-01
11	11_165295	165295	0	A	G	0.625	-2.283701e+00	1.807241e+00	-6.174989e+01	3.374047e+00	1.000000e+05	2.195864e-01	2.810404e-01	2.983959e-01
11	11_236388	236388	0	A	G	0.333	9.831532e-01	3.173380e+00	-6.228420e+01	9.108202e+00	1.000000e+05	7.596190e-01	7.598660e-01	7.629628e-01
11	11_384025	384025	0	T	C	0.167	-1.329171e+00	1.113580e+00	-6.191485e+01	1.000000e-05	1.000000e+05	2.453467e-01	3.616592e-01	3.756029e-01
11	11_393213	393213	0	G	A	0.333	9.831532e-01	3.173380e+00	-6.228420e+01	9.108202e+00	1.000000e+05	7.596190e-01	7.598660e-01	7.629628e-01
11	11_433361	433361	0	G	A	0.333	9.831532e-01	3.173380e+00	-6.228420e+01	9.108202e+00	1.000000e+05	7.596190e-01	7.598660e-01	7.629628e-01
11	11_547884	547884	0	T	C	0.583	1.892071e+00	1.583459e+00	-6.145080e+01	1.417133e+01	1.000000e+05	2.448501e-01	1.845956e-01	2.061230e-01
11	11_548586	548586	0	C	T	0.333	9.831532e-01	3.173380e+00	-6.228420e+01	9.108202e+00	1.000000e+05	7.596190e-01	7.598660e-01	7.629628e-01
11	11_621705	621705	0	A	C	0.333	9.831532e-01	3.173380e+00	-6.228420e+01	9.108202e+00	1.000000e+05	7.596190e-01	7.598660e-01	7.629628e-01
11	11_674162	674162	0	C	A	0.333	9.831532e-01	3.173380e+00	-6.228420e+01	9.108202e+00	1.000000e+05	7.596190e-01	7.598660e-01	7.629628e-01
11	11_804706	804706	2	A	G	0.364	3.950999e-01	9.259775e-01	-6.233032e+01	1.000000e-05	1.000000e+05	6.737558e-01	9.724520e-01	9.727637e-01
11	11_804710	804710	6	C	T	0.333	-6.581966e-01	9.494373e-01	-6.193966e+01	3.772137e+00	1.000000e+05	4.954077e-01	3.763746e-01	3.897325e-01
11	11_804742	804742	1	G	A	0.304	1.205884e+00	8.706086e-01	-6.121891e+01	5.433798e+00	1.000000e+05	1.799061e-01	1.358800e-01	1.591279e-01
11	11_804763	804763	2	C	T	0.182	-5.831579e-01	1.152978e+00	-6.229838e+01	1.000000e-05	1.000000e+05	6.180386e-01	7.986697e-01	8.011708e-01
11	11_966513	966513	1	T	A	0.087	9.919716e-01	1.488651e+00	-6.200780e+01	4.961082e+00	1.000000e+05	5.121116e-01	4.214638e-01	4.331145e-01
11	11_966516	966516	0	C	T	0.083	8.933654e-01	1.489091e+00	-6.207413e+01	4.624271e+00	1.000000e+05	5.546759e-01	4.735983e-01	4.834499e-01
11	11_966519	966519	0	C	T	0.083	8.933654e-01	1.489091e+00	-6.207413e+01	4.624271e+00	1.000000e+05	5.546759e-01	4.735983e-01	4.834499e-01
11	11_966569	966569	1	C	G	0.087	9.919716e-01	1.488651e+00	-6.200780e+01	4.961082e+00	1.000000e+05	5.121116e-01	4.214638e-01	4.331145e-01
11	11_966644	966644	2	C	A	0.182	7.338172e-01	1.149061e+00	-6.201055e+01	1.000000e-05	1.000000e+05	5.296608e-01	4.234476e-01	4.350264e-01
11	11_966669	966669	2	C	T	0.364	-4.639438e-01	9.245216e-01	-6.229625e+01	1.000000e-05	1.000000e+05	6.207791e-01	7.923185e-01	7.949134e-01
11	11_966684	966684	2	C	T	0.500	-4.296761e-01	8.898489e-01	-6.231705e+01	1.000000e-05	1.000000e+05	6.339624e-01	8.677374e-01	8.692959e-01
11	11_966699	966699	1	T	C	0.304	-8.808666e-01	8.436548e-01	-6.171303e+01	4.187772e+00	1.000000e+05	3.077732e-01	2.662899e-01	2.842948e-01
11	11_966700	966700	1	G	A	0.304	-8.808666e-01	8.436548e-01	-6.171303e+01	4.187772e+00	1.000000e+05	3.077732e-01	2.662899e-01	2.842948e-01
11	11_966735	966735	1	A	C	0.174	2.628428e-01	1.152743e+00	-6.232206e+01	1.000000e-05	1.000000e+05	8.217404e-01	8.941283e-01	8.953573e-01
11	11_966738	966738	2	T	A	0.227	-1.013939e+00	9.750623e-01	-6.181142e+01	3.729985e+00	1.000000e+05	3.096940e-01	3.080577e-01	3.242381e-01
11	11_966756	966756	0	A	G	0.167	-1.126356e+00	1.066903e+00	-6.170400e+01	5.443225e+00	1.000000e+05	3.025503e-01	2.628240e-01	2.809819e-01
11	11_966757	966757	0	T	C	0.167	-1.126356e+00	1.066903e+00	-6.170400e+01	5.443225e+00	1.000000e+05	3.025503e-01	2.628240e-01	2.809819e-01
11	11_966771	966771	0	T	C	0.208	-1.136710e+00	9.602714e-01	-6.167601e+01	3.601744e+00	1.000000e+05	2.491498e-01	2.524310e-01	2.710481e-01
11	11_1272894	1272894	0	A	G	0.250	-3.496629e+00	1.701386e+00	-6.011159e+01	8.813473e+00	1.000000e+05	5.192569e-02	3.513414e-02	5.650540e-02
11	11_1301130	1301130	0	T	C	0.083	2.151693e-01	2.201287e+00	-6.231389e+01	6.620780e+00	1.000000e+05	9.230182e-01	8.535979e-01	8.553390e-01
11	11_1314578	1314578	0	G	C	0.333	9.831532e-01	3.173380e+00	-6.228420e+01	9.108202e+00	1.000000e+05	7.596190e-01	7.598660e-01	7.629628e-01
11	11_1478119	1478119	0	A	G	0.417	-5.148094e-01	8.634948e-01	-6.202935e+01	6.049813e+00	1.000000e+05	5.571316e-01	4.373895e-01	4.484704e-01
11	11_1501898	1501898	0	G	T	0.250	-3.496629e+00	1.701386e+00	-6.011159e+01	8.813473e+00	1.000000e+05	5.192569e-02	3.513414e-02	5.650540e-02
11	11_1538971	1538971	0	T	C	0.292	-2.113555e-01	2.020634e+00	-6.233046e+01	4.937631e+00	1.000000e+05	9.176421e-01	9.760554e-01	9.763263e-01
12	12_11092	11092	0	A	G	0.458	1.078015e+00	1.246193e+00	-6.187780e+01	6.069337e+00	1.000000e+05	3.963480e-01	3.411166e-01	3.558996e-01
12	12_11094	11094	0	A	G	0.333	1.115821e+00	1.152588e+00	-6.210632e+01	2.537785e+00	1.000000e+05	3.435175e-01	5.027204e-01	5.116504e-01
12	12_11122	11122	0	C	G	0.458	7.294301e-01	1.186761e+00	-6.221850e+01	3.509174e+00	1.000000e+05	5.450980e-01	6.353918e-01	6.408420e-01
12	12_11170	11170	0	T	C	0.417	4.665043e-02	1.159754e+00	-6.231771e+01	4.321520e+00	1.000000e+05	9.682770e-01	8.709211e-01	8.724391e-01
12	12_11223	11223	0	G	C	0.208	-2.369519e-01	1.119728e+00	-6.217602e+01	5.202626e+00	1.000000e+05	8.343550e-01	5.778121e-01	5.846338e-01
12	12_11400	11400	0	A	C	0.292	1.693722e+00	1.094240e+00	-6.123556e+01	2.970175e+00	1.000000e+05	1.359237e-01	1.388453e-01	1.620069e-01
12	12_11406	11406	0	A	G	0.292	1.693722e+00	1.094240e+00	-6.123556e+01	2.970175e+00	1.000000e+05	1.359237e-01	1.388453e-01	1.620069e-01
12	12_11407	11407	0	C	A	0.292	1.693722e+00	1.094240e+00	-6.123556e+01	2.970175e+00	1.000000e+05	1.359237e-01	1.388453e-01	1.620069e-01
12	12_11410	11410	0	C	T	0.292	1.693722e+00	1.094240e+00	-6.123556e+01	2.970175e+00	1.000000e+05	1.359237e-01	1.388453e-01	1.620069e-01
12	12_11413	11413	1	T	G	0.304	1.643277e+00	1.155110e+00	-6.147536e+01	2.902993e+00	1.000000e+05	1.688728e-01	1.908427e-01	2.121166e-01
12	12_13625	13625	0	G	A	0.625	-2.283701e+00	1.807241e+00	-6.174989e+01	3.374047e+00	1.000000e+05	2.195864e-01	2.810404e-01	2.983959e-01
12	12_13643	13643	0	G	A	0.625	-2.283701e+00	1.807241e+00	-6.174989e+01	3.374047e+00	1.000000e+05	2.195864e-01	2.810404e-01	2.983959e-01
12	12_13645	13645	0	A	G	0.625	-2.283701e+00	1.807241e+00	-6.174989e+01	3.374047e+00	1.000000e+05	2.195864e-01	2.810404e-01	2.983959e-01
12	12_13857	13857	1	A	G	0.174	-6.031618e-01	1.146922e+00	-6.230722e+01	1.000000e-05	1.000000e+05	6.042217e-01	8.276823e-01	8.297712e-01
12	12_13936	13936	0	C	T	0.208	-8.591078e-01	1.038435e+00	-6.233089e+01	1.000000e-05	1.000000e+05	4.169452e-01	9.950232e-01	9.950794e-01
12	12_13979	13979	3	T	C	0.238	-1.082020e+00	1.049816e+00	-6.228594e+01	1.000000e-05	1.000000e+05	3.138913e-01	7.642404e-01	7.672672e-01
12	12_14009	14009	1	C	T	0.348	-1.068103e+00	8.897851e-01	-6.200555e+01	1.000000e-05	1.000000e+05	2.427485e-01	4.198564e-01	4.315656e-01
12	12_14035	14035	1	C	T	0.435	-7.313094e-01	8.685444e-01	-6.225680e+01	1.000000e-05	1.000000e+05	4.088513e-01	7.002287e-01	7.043594e-01
12	12_14096	14096	2	C	T	0.318	1.131877e+00	8.686019e-01	-6.131535e+01	6.268346e+00	1.000000e+05	2.060144e-01	1.541055e-01	1.767776e-01
12	12_14104	14104	2	C	T	0.318	8.678253e-01	8.920422e-01	-6.176900e+01	4.294705e+00	1.000000e+05	3.412026e-01	2.890944e-01	3.060972e-01
12	12_14114	14114	3	T	C	0.286	1.411316e+00	8.791276e-01	-6.082786e+01	1.183936e+01	1.000000e+05	1.226746e-01	8.295176e-02	1.069250e-01
12	12_14125	14125	1	A	G	0.174	2.384947e+00	9.958455e-01	-5.955085e+01	1.000000e+05	1.000000e+05	2.557508e-02	1.837413e-02	3.643700e-02
12	12_14197	14197	0	G	A	0.083	-5.578630e-01	1.544838e+00	-6.223966e+01	1.000000e-05	1.000000e+05	7.214587e-01	6.692253e-01	6.739593e-01
12	12_14202	14202	0	A	G	0.083	-5.578630e-01	1.544838e+00	-6.223966e+01	1.000000e-05	1.000000e+05	7.214587e-01	6.692253e-01	6.739593e-01
12	12_14301	14301	2	G	A	0.500	-7.540301e-01	8.799880e-01	-6.230039e+01	1.000000e-05	1.000000e+05	4.007577e-01	8.048608e-01	8.072718e-01
12	12_14318	14318	0	A	G	0.250	-6.233966e-01	9.799927e-01	-6.226166e+01	1.000000e-05	1.000000e+05	5.312586e-01	7.097734e-01	7.137279e-01
12	12_14635	14635	0	G	A	0.250	1.980163e+00	1.068971e+00	-6.075303e+01	1.506654e+00	1.000000e+05	7.743339e-02	7.565889e-02	9.954090e-02
12	12_14741	14741	1	C	G	0.304	-4.861493e-01	9.539999e-01	-6.218963e+01	3.992480e+00	1.000000e+05	6.154123e-01	5.950273e-01	6.014177e-01
12	12_14783	14783	2	A	G	0.091	-1.692481e+00	1.513429e+00	-6.175266e+01	1.000000e-05	1.000000e+05	2.754979e-01	2.821918e-01	2.994968e-01
12	12_15014	15014	1	A	G	0.391	1.183056e-01	8.959690e-01	-6.229846e+01	1.000000e-05	1.000000e+05	8.961512e-01	7.989058e-01	8.014034e-01
12	12_19728	19728	0	A	G	0.167	5.771047e-01	1.142467e+00	-6.233044e+01	1.000000e-05	1.000000e+05	6.184843e-01	9.754047e-01	9.756829e-01
12	12_19741	19741	0	C	T	0.250	1.894829e-01	9.903767e-01	-6.233091e+01	3.583828e+00	1.000000e+05	8.500265e-01	9.998798e-01	9.998811e-01
12	12_22806	22806	0	T	C	0.250	-3.496629e+00	1.701386e+00	-6.011159e+01	8.813473e+00	1.000000e+05	5.192569e-02	3.513414e-02	5.650540e-02
12	12_259454	259454	0	A	G	0.167	8.888733e-01	1.133344e+00	-6.232786e+01	1.000000e-05	1.000000e+05	4.412320e-01	9.377244e-01	9.384346e-01
12	12_315987	315987	0	T	C	0.333	9.831532e-01	3.173380e+00	-6.228420e+01	9.108202e+00	1.000000e+05	7.596190e-01	7.598660e-01	7.629628e-01
12	12_495113	495113	0	T	C	0.083	2.151693e-01	2.201287e+00	-6.231389e+01	6.620780e+00	1.000000e+05	9.230182e-01	8.535979e-01	8.553390e-01
12	12_502808	502808	2	A	G	0.455	-1.877900e-01	8.821884e-01	-6.232978e+01	3.223796e+00	1.000000e+05	8.333898e-01	9.620074e-01	9.624381e-01
12	12_502864	502864	2	T	C	0.409	8.791439e-01	8.950856e-01	-6.178230e+01	5.207954e+00	1.000000e+05	3.366852e-01	2.948763e-01	3.116271e-01
12	12_502865	502865	2	G	T	0.409	8.791439e-01	8.950856e-01	-6.178230e+01	5.207954e+00	1.000000e+05	3.366852e-01	2.948763e-01	3.116271e-01
12	12_502882	502882	3	G	A	0.381	-8.903301e-01	9.186048e-01	-6.174389e+01	5.321204e+00	1.000000e+05	3.429711e-01	2.785720e-01	2.960359e-01
12	12_502888	502888	0	G	A	0.458	-9.656256e-01	8.192463e-01	-6.154166e+01	4.794076e+00	1.000000e+05	2.511189e-01	2.089756e-01	2.294903e-01
12	12_502890	502890	3	G	A	0.381	-6.940032e-01	8.866465e-01	-6.190136e+01	4.798294e+00	1.000000e+05	4.421312e-01	3.539899e-01	3.682441e-01
12	12_502909	502909	0	C	T	0.458	3.131872e-01	8.737561e-01	-6.220346e+01	4.450864e+00	1.000000e+05	7.234324e-01	6.136389e-01	6.195837e-01
12	12_502926	502926	3	G	C	0.429	2.397762e-01	9.257038e-01	-6.228754e+01	4.294986e+00	1.000000e+05	7.980276e-01	7.683565e-01	7.713182e-01
12	12_502937	502937	2	C	T	0.455	-8.251961e-01	9.332593e-01	-6.176799e+01	1.217171e+01	1.000000e+05	3.861449e-01	2.886613e-01	3.056830e-01
12	12_502942	502942	2	T	C	0.409	-1.559557e+00	8.318859e-01	-6.046774e+01	3.742143e+01	1.000000e+05	7.416952e-02	5.356068e-02	7.663112e-02
12	12_502956	502956	1	A	G	0.348	-1.464224e+00	7.883085e-01	-6.058282e+01	1.000000e+05	1.000000e+05	7.668810e-02	6.151029e-02	8.498509e-02
12	12_503049	503049	2	C	G	0.182	-4.641718e-01	1.155431e+00	-6.212119e+01	1.000000e-05	1.000000e+05	6.917584e-01	5.172154e-01	5.257087e-01
12	12_503112	503112	4	G	A	0.250	6.185481e-01	1.075298e+00	-6.233038e+01	1.000000e-05	1.000000e+05	5.709701e-01	9.739960e-01	9.742902e-01
12	12_503171	503171	3	G	A	0.286	-4.693218e-01	9.236780e-01	-6.210808e+01	4.379097e+00	1.000000e+05	6.164394e-01	5.044042e-01	5.132827e-01
12	12_503254	503254	1	G	C	0.609	-1.113852e+00	8.233771e-01	-6.139201e+01	3.609887e+00	1.000000e+05	1.898651e-01	1.705831e-01	1.926585e-01
12	12_503293	503293	2	A	C	0.455	9.574969e-01	8.744486e-01	-6.169451e+01	5.121637e+00	1.000000e+05	2.853722e-01	2.592426e-01	2.775587e-01
12	12_503311	503311	2	C	A	0.545	-1.325527e+00	7.866627e-01	-6.084477e+01	1.414108e+02	1.000000e+05	1.061233e-01	8.470162e-02	1.086870e-01
12	12_503313	503313	2	T	A	0.545	-1.412320e+00	8.072046e-01	-6.073607e+01	1.240274e+02	1.000000e+05	9.411788e-02	7.410416e-02	9.795744e-02
12	12_503321	503321	2	C	T	0.500	-1.297331e+00	8.159391e-01	-6.094730e+01	4.209282e+01	1.000000e+05	1.261069e-01	9.621280e-02	1.201979e-01
12	12_503327	503327	1	A	C	0.435	-9.363205e-01	8.157673e-01	-6.148870e+01	1.160257e+01	1.000000e+05	2.633884e-01	1.943381e-01	2.154682e-01
12	12_503356	503356	0	A	C	0.333	-6.276850e-01	8.985099e-01	-6.216838e+01	1.000000e-05	1.000000e+05	4.921311e-01	5.685757e-01	5.756365e-01
12	12_503357	503357	0	T	G	0.375	-4.398817e-01	8.851872e-01	-6.220716e+01	4.029569e+00	1.000000e+05	6.241636e-01	6.188318e-01	6.246560e-01
12	12_503364	503364	0	T	C	0.333	-6.984057e-02	8.997619e-01	-6.231999e+01	3.934746e+00	1.000000e+05	9.388310e-01	8.825194e-01	8.838916e-01
12	12_503366	503366	1	C	T	0.348	-2.091698e-01	9.140401e-01	-6.229308e+01	4.039768e+00	1.000000e+05	8.211064e-01	7.832491e-01	7.859805e-01
12	12_503401	503401	0	A	G	0.292	-3.362633e-01	9.394167e-01	-6.230718e+01	1.000000e-05	1.000000e+05	7.237929e-01	8.275387e-01	8.296296e-01
12	12_503416	503416	0	G	A	0.167	-7.322293e-01	1.138418e+00	-6.223708e+01	1.000000e-05	1.000000e+05	5.267429e-01	6.648689e-01	6.696916e-01
12	12_503422	503422	0	T	G	0.125	-1.947331e+00	1.226494e+00	-6.174711e+01	1.000000e-05	1.000000e+05	1.266188e-01	2.798933e-01	2.972992e-01
12	12_503453	503453	0	T	C	0.125	-1.394875e+00	1.260248e+00	-6.217493e+01	1.000000e-05	1.000000e+05	2.803251e-01	5.764738e-01	5.833298e-01
12	12_537923	537923	0	G	A	0.417	-1.815803e+00	7.775770e-01	-6.143901e+01	1.000000e-05	1.000000e+05	2.905618e-02	1.816840e-01	2.033277e-01
12	12_704606	704606	0	A	G	0.250	-3.496629e+00	1.701386e+00	-6.011159e+01	8.813473e+00	1.000000e+05	5.192569e-02	3.513414e-02	5.650540e-02
13	13_11108	11108	0	C	T	0.125	1.382350e+00	1.176031e+00	-6.150174e+01	5.650097e+00	1.000000e+05	2.523849e-01	1.978275e-01	2.188127e-01
13	13_11118	11118	0	T	C	0.208	3.541022e-01	1.051755e+00	-6.219679e+01	1.000000e-05	1.000000e+05	7.395504e-01	6.045109e-01	6.106717e-01
13	13_11130	11130	0	A	G	0.208	-1.817727e+00	9.545418e-01	-6.038830e+01	2.196832e+01	1.000000e+05	7.003154e-02	4.871287e-02	7.145537e-02
13	13_52884	52884	0	A	G	0.167	-9.888227e-01	1.129568e+00	-6.231292e+01	1.000000e-05	1.000000e+05	3.908144e-01	8.495420e-01	8.513365e-01
13	13_111766	111766	0	G	A	0.333	9.831532e-01	3.173380e+00	-6.228420e+01	9.108202e+00	1.000000e+05	7.596190e-01	7.598660e-01	7.629628e-01
13	13_128625	128625	6	A	G	0.444	-9.075889e-04	9.951269e-01	-6.206220e+01	1.000000e-05	1.000000e+05	9.992805e-01	4.635009e-01	4.736860e-01
13	13_128715	128715	3	G	A	0.333	-3.196720e-01	9.687473e-01	-6.218953e+01	1.000000e-05	1.000000e+05	7.445329e-01	5.948982e-01	6.012918e-01
13	13_128729	128729	3	G	A	0.286	-2.818310e-01	1.011602e+00	-6.218419e+01	1.000000e-05	1.000000e+05	7.831547e-01	5.880191e-01	5.945829e-01
13	13_162462	162462	0	A	G	0.167	2.233939e-01	1.106371e+00	-6.226686e+01	3.937698e+00	1.000000e+05	8.418379e-01	7.204059e-01	7.241691e-01
13	13_219021	219021	3	C	T	0.190	-1.606639e+00	1.116225e+00	-6.108750e+01	7.949775e+00	1.000000e+05	1.641289e-01	1.148030e-01	1.385557e-01
13	13_219311	219311	0	A	T	0.208	1.289927e-01	1.092342e+00	-6.231065e+01	3.548870e+00	1.000000e+05	9.070693e-01	8.404454e-01	8.423608e-01
13	13_219312	219312	0	A	G	0.167	8.469645e-01	1.134796e+00	-6.220054e+01	1.000000e-05	1.000000e+05	4.633527e-01	6.096100e-01	6.156495e-01
13	13_365348	365348	0	T	C	0.625	-2.283701e+00	1.807241e+00	-6.174989e+01	3.374047e+00	1.000000e+05	2.195864e-01	2.810404e-01	2.983959e-01
13	13_436539	436539	0	G	A	0.333	9.831532e-01	3.173380e+00	-6.228420e+01	9.108202e+00	1.000000e+05	7.596190e-01	7.598660e-01	7.629628e-01
13	13_436551	436551	0	C	G	0.333	9.831532e-01	3.173380e+00	-6.228420e+01	9.108202e+00	1.000000e+05	7.596190e-01	7.598660e-01	7.629628e-01
13	13_436554	436554	0	T	C	0.333	9.831532e-01	3.173380e+00	-6.228420e+01	9.108202e+00	1.000000e+05	7.596190e-01	7.598660e-01	7.629628e-01
13	13_511459	511459	0	T	C	0.333	9.831532e-01	3.173380e+00	-6.228420e+01	9.108202e+00	1.000000e+05	7.596190e-01	7.598660e-01	7.629628e-01
13	13_548791	548791	0	T	C	0.083	2.151693e-01	2.201287e+00	-6.231389e+01	6.620780e+00	1.000000e+05	9.230182e-01	8.535979e-01	8.553390e-01
13	13_655915	655915	0	A	G	0.417	1.035387e+00	8.400983e-01	-6.160793e+01	1.000000e-05	1.000000e+05	2.307869e-01	2.291756e-01	2.488163e-01
13	13_723038	723038	0	G	A	0.292	-2.113555e-01	2.020634e+00	-6.233046e+01	4.937631e+00	1.000000e+05	9.176421e-01	9.760554e-01	9.763263e-01
13	13_742766	742766	3	G	A	0.238	8.607525e-01	1.059076e+00	-6.225935e+01	1.000000e-05	1.000000e+05	4.250759e-01	7.051838e-01	7.092225e-01
13	13_742771	742771	0	C	A	0.292	1.868365e-02	9.679261e-01	-6.231738e+01	4.305099e+00	1.000000e+05	9.847736e-01	8.693127e-01	8.708512e-01
13	13_746053	746053	0	G	A	0.083	-2.253292e-01	1.547339e+00	-6.229166e+01	3.519012e+00	1.000000e+05	8.855445e-01	7.793215e-01	7.821128e-01
13	13_748576	748576	0	C	G	0.333	9.831532e-01	3.173380e+00	-6.228420e+01	9.108202e+00	1.000000e+05	7.596190e-01	7.598660e-01	7.629628e-01
14	14_23327	23327	0	C	T	0.333	9.831532e-01	3.173380e+00	-6.228420e+01	9.108202e+00	1.000000e+05	7.596190e-01	7.598660e-01	7.629628e-01
14	14_68046	68046	0	A	G	0.333	9.831532e-01	3.173380e+00	-6.228420e+01	9.108202e+00	1.000000e+05	7.596190e-01	7.598660e-01	7.629628e-01
14	14_149196	149196	0	A	G	0.083	2.151693e-01	2.201287e+00	-6.231389e+01	6.620780e+00	1.000000e+05	9.230182e-01	8.535979e-01	8.553390e-01
14	14_155590	155590	0	T	C	0.208	-8.140188e-01	1.018957e+00	-6.206112e+01	3.535266e+00	1.000000e+05	4.329036e-01	4.626019e-01	4.728171e-01
14	14_231768	231768	0	A	G	0.083	2.151693e-01	2.201287e+00	-6.231389e+01	6.620780e+00	1.000000e+05	9.230182e-01	8.535979e-01	8.553390e-01
14	14_271762	271762	0	T	C	0.333	9.831532e-01	3.173380e+00	-6.228420e+01	9.108202e+00	1.000000e+05	7.596190e-01	7.598660e-01	7.629628e-01
14	14_342562	342562	0	T	G	0.625	-1.279160e+00	8.329511e-01	-6.098429e+01	7.461534e+00	1.000000e+05	1.388707e-01	1.007742e-01	1.247256e-01
14	14_351837	351837	0	G	T	0.083	-1.042722e+00	1.736055e+00	-6.225209e+01	2.927505e+00	1.000000e+05	5.542261e-01	6.913324e-01	6.956313e-01
14	14_383626	383626	0	A	G	0.583	1.892071e+00	1.583459e+00	-6.145080e+01	1.417133e+01	1.000000e+05	2.448501e-01	1.845956e-01	2.061230e-01
14	14_555698	555698	0	G	A	0.333	9.831532e-01	3.173380e+00	-6.228420e+01	9.108202e+00	1.000000e+05	7.596190e-01	7.598660e-01	7.629628e-01
14	14_558889	558889	0	T	C	0.333	9.831532e-01	3.173380e+00	-6.228420e+01	9.108202e+00	1.000000e+05	7.596190e-01	7.598660e-01	7.629628e-01
14	14_612687	612687	0	T	C	0.292	-2.113555e-01	2.020634e+00	-6.233046e+01	4.937631e+00	1.000000e+05	9.176421e-01	9.760554e-01	9.763263e-01
14	14_618816	618816	0	G	T	0.333	9.831532e-01	3.173380e+00	-6.228420e+01	9.108202e+00	1.000000e+05	7.596190e-01	7.598660e-01	7.629628e-01
14	14_716719	716719	0	T	C	0.333	9.831532e-01	3.173380e+00	-6.228420e+01	9.108202e+00	1.000000e+05	7.596190e-01	7.598660e-01	7.629628e-01
14	14_773166	773166	0	T	C	0.208	-2.437735e+00	1.517632e+00	-6.184269e+01	1.331356e+00	1.000000e+05	1.224727e-01	3.230796e-01	3.386185e-01
14	14_852745	852745	0	T	G	0.583	1.892071e+00	1.583459e+00	-6.145080e+01	1.417133e+01	1.000000e+05	2.448501e-01	1.845956e-01	2.061230e-01
14	14_908850	908850	0	A	G	0.583	1.819758e-01	8.586491e-01	-6.227393e+01	4.287284e+00	1.000000e+05	8.341107e-01	7.356666e-01	7.391642e-01
14	14_908994	908994	1	C	T	0.130	-1.345337e+00	1.266832e+00	-6.223066e+01	1.000000e-05	1.000000e+05	2.997688e-01	6.543061e-01	6.593481e-01
14	14_909011	909011	1	T	C	0.130	-1.345337e+00	1.266832e+00	-6.223066e+01	1.000000e-05	1.000000e+05	2.997688e-01	6.543061e-01	6.593481e-01
14	14_909450	909450	0	G	T	0.208	-1.405081e+00	1.011014e+00	-6.136840e+01	1.000000e-05	1.000000e+05	1.785021e-01	1.653046e-01	1.875774e-01
14	14_909472	909472	1	G	T	0.304	-7.524567e-01	8.819736e-01	-6.178273e+01	7.906314e+00	1.000000e+05	4.027690e-01	2.950656e-01	3.118082e-01
14	14_909504	909504	2	T	G	0.273	-1.165411e+00	9.436286e-01	-6.136317e+01	1.010708e+01	1.000000e+05	2.298467e-01	1.641606e-01	1.864756e-01
14	14_909638	909638	1	T	C	0.696	-1.923509e+00	8.576991e-01	-6.072799e+01	1.000000e-05	1.000000e+05	3.532371e-02	7.337565e-02	9.721424e-02
14	14_909661	909661	0	A	G	0.667	6.872022e-01	8.829465e-01	-6.184639e+01	9.773106e+00	1.000000e+05	4.446797e-01	3.249160e-01	3.403773e-01
14	14_909704	909704	0	A	G	0.583	-1.352244e+00	8.193771e-01	-6.191358e+01	1.000000e-05	1.000000e+05	1.130807e-01	3.609246e-01	3.748978e-01
14	14_910040	910040	2	A	G	0.409	-2.538032e+00	7.312865e-01	-5.959789e+01	1.000000e-05	1.000000e+05	2.171696e-03	1.938943e-02	3.773847e-02
14	14_910103	910103	1	A	G	0.435	-2.564532e+00	6.926263e-01	-5.991884e+01	1.000000e-05	1.000000e+05	1.242176e-03	2.806380e-02	4.834178e-02
14	14_910152	910152	1	A	G	0.348	-1.995686e+00	8.139614e-01	-6.128137e+01	1.000000e-05	1.000000e+05	2.261838e-02	1.473864e-01	1.702827e-01
14	14_910181	910181	1	G	A	0.391	-1.636682e+00	8.256141e-01	-6.190553e+01	1.000000e-05	1.000000e+05	6.006311e-02	3.563383e-01	3.704970e-01
14	14_910258	910258	1	G	T	0.435	1.446921e+00	8.267535e-01	-6.132250e+01	1.000000e-05	1.000000e+05	9.403328e-02	1.555642e-01	1.781860e-01
14	14_910323	910323	1	T	C	0.348	1.318870e+00	8.743593e-01	-6.205275e+01	1.000000e-05	1.000000e+05	1.456839e-01	4.557452e-01	4.661914e-01
14	14_910328	910328	1	G	A	0.391	9.315115e-01	8.740469e-01	-6.232858e+01	1.000000e-05	1.000000e+05	2.980958e-01	9.455483e-01	9.461679e-01
14	14_910510	910510	1	A	G	0.391	-1.042707e+00	7.935125e-01	-6.142421e+01	1.000000e+05	1.000000e+05	2.023704e-01	1.781004e-01	1.998856e-01
14	14_910555	910555	1	C	T	0.348	-9.922164e-01	8.391309e-01	-6.151880e+01	5.267250e+01	1.000000e+05	2.496562e-01	2.025047e-01	2.232938e-01
14	14_910742	910742	0	A	G	0.250	4.937879e-01	9.567842e-01	-6.220925e+01	4.257942e+00	1.000000e+05	6.109392e-01	6.218084e-01	6.275642e-01
14	14_910822	910822	0	G	A	0.208	7.702678e-02	1.045028e+00	-6.232707e+01	3.866167e+00	1.000000e+05	9.419089e-01	9.301164e-01	9.309153e-01
14	14_910834	910834	1	T	A	0.130	-1.779958e-01	1.278354e+00	-6.227661e+01	3.817597e+00	1.000000e+05	8.905286e-01	7.417334e-01	7.451282e-01
14	14_910926	910926	3	G	A	0.381	3.725263e-01	9.393612e-01	-6.225652e+01	1.000000e-05	1.000000e+05	6.955021e-01	6.997007e-01	7.038412e-01
14	14_910939	910939	3	C	A	0.524	-1.232093e-01	9.162651e-01	-6.212424e+01	1.000000e-05	1.000000e+05	8.942543e-01	5.202735e-01	5.286765e-01
14	14_910964	910964	1	G	A	0.478	1.158714e-01	9.304730e-01	-6.229379e+01	4.816988e+00	1.000000e+05	9.020268e-01	7.852625e-01	7.879633e-01
14	14_910966	910966	0	T	C	0.458	2.501828e-01	9.104678e-01	-6.220376e+01	5.764408e+00	1.000000e+05	7.860455e-01	6.140658e-01	6.200006e-01
14	14_910979	910979	1	A	G	0.478	-1.667599e+00	8.180361e-01	-6.013571e+01	1.141552e+01	1.000000e+05	5.369248e-02	3.614181e-02	5.764363e-02
14	14_911099	911099	2	A	G	0.455	4.290554e-01	8.936006e-01	-6.219042e+01	1.000000e-05	1.000000e+05	6.358658e-01	5.960566e-01	6.024219e-01
14	14_911129	911129	0	T	C	0.542	5.267209e-01	8.520905e-01	-6.213172e+01	1.000000e-05	1.000000e+05	5.428227e-01	5.279251e-01	5.361050e-01
14	14_911206	911206	0	G	A	0.375	6.615472e-01	8.732420e-01	-6.218843e+01	1.000000e-05	1.000000e+05	4.567432e-01	5.934589e-01	5.998879e-01
14	14_911262	911262	1	A	C	0.348	6.527919e-01	9.078669e-01	-6.232093e+01	1.000000e-05	1.000000e+05	4.796854e-01	8.876436e-01	8.889523e-01
14	14_911292	911292	2	A	G	0.318	-3.260789e-01	1.019978e+00	-6.225919e+01	4.687854e+00	1.000000e+05	7.522178e-01	7.048800e-01	7.089243e-01
14	14_911297	911297	3	A	C	0.333	-1.759803e-01	1.014934e+00	-6.231883e+01	4.175122e+00	1.000000e+05	8.639297e-01	8.764847e-01	8.779324e-01
14	14_911308	911308	0	C	T	0.292	-8.811462e-01	1.088735e+00	-6.194132e+01	1.050921e+02	1.000000e+05	4.269922e-01	3.773900e-01	3.907080e-01
14	14_911314	911314	0	A	G	0.167	-1.588517e+00	1.069083e+00	-6.105208e+01	2.217941e+01	1.000000e+05	1.515045e-01	1.097605e-01	1.335997e-01
14	14_911321	911321	2	G	A	0.273	-1.094349e+00	9.199318e-01	-6.141624e+01	7.217249e+00	1.000000e+05	2.468848e-01	1.762052e-01	1.980645e-01
14	14_911352	911352	3	G	A	0.381	1.996585e+00	8.411350e-01	-6.069814e+01	1.000000e-05	1.000000e+05	2.676573e-02	7.074970e-02	9.452864e-02
14	14_911375	911375	1	G	A	0.391	-8.430487e-01	8.781210e-01	-6.195257e+01	1.000000e-05	1.000000e+05	3.474586e-01	3.843655e-01	3.974110e-01
14	14_911385	911385	1	G	A	0.478	-1.091044e+00	8.498167e-01	-6.170681e+01	2.328643e+00	1.000000e+05	2.125493e-01	2.638956e-01	2.820062e-01
14	14_911414	911414	3	G	A	0.238	-9.712306e-01	9.586725e-01	-6.160521e+01	8.201703e+00	1.000000e+05	3.220258e-01	2.283017e-01	2.479806e-01
14	14_924025	924025	0	T	C	0.417	1.485851e+00	1.029737e+00	-6.187581e+01	1.188984e+00	1.000000e+05	1.631248e-01	3.400623e-01	3.548890e-01
14	14_924047	924047	0	C	A	0.500	1.129791e+00	1.084122e+00	-6.201440e+01	2.497781e+00	1.000000e+05	3.086708e-01	4.262498e-01	4.377274e-01
14	14_924049	924049	0	T	A	0.500	1.129791e+00	1.084122e+00	-6.201440e+01	2.497781e+00	1.000000e+05	3.086708e-01	4.262498e-01	4.377274e-01
14	14_924050	924050	0	C	G	0.500	1.129791e+00	1.084122e+00	-6.201440e+01	2.497781e+00	1.000000e+05	3.086708e-01	4.262498e-01	4.377274e-01
14	14_924059	924059	0	T	C	0.458	-6.826847e-01	1.070330e+00	-6.228758e+01	2.531574e+00	1.000000e+05	5.301700e-01	7.684493e-01	7.714096e-01
14	14_924128	924128	0	G	A	0.333	-3.851078e-01	1.162973e+00	-6.228680e+01	3.853503e+00	1.000000e+05	7.436716e-01	7.664328e-01	7.694249e-01
14	14_924776	924776	0	A	G	0.375	-1.759492e-01	1.258357e+00	-6.230484e+01	4.600839e+00	1.000000e+05	8.900708e-01	8.193818e-01	8.215860e-01
14	14_924866	924866	0	G	A	0.292	-1.884825e+00	9.061597e-01	-6.017653e+01	1.000000e+05	1.000000e+05	4.938193e-02	3.791638e-02	5.963511e-02
14	14_925085	925085	0	G	A	0.125	-3.658142e-01	1.292509e+00	-6.232718e+01	1.000000e-05	1.000000e+05	7.798027e-01	9.311678e-01	9.319544e-01
