chr	rs	ps	n_miss	allele1	allele0	af	beta	se	logl_H1	l_remle	l_mle	p_wald	p_lrt	p_score
1	1_44747	44747	0	C	G	0.250	-7.487690e+00	9.886941e+00	-1.215659e+02	1.000000e-05	1.000000e+05	4.568868e-01	3.219637e-01	3.375499e-01
1	1_44753	44753	1	G	A	0.261	-8.498943e+00	9.924299e+00	-1.214480e+02	1.000000e-05	1.000000e+05	4.010212e-01	2.700068e-01	2.878477e-01
1	1_44785	44785	1	G	A	0.174	-1.007605e+01	1.148816e+01	-1.217910e+02	1.000000e-05	1.000000e+05	3.899200e-01	4.663178e-01	4.764092e-01
1	1_47564	47564	0	G	A	0.417	6.044385e-01	8.780723e+00	-1.219244e+02	2.076079e-02	1.000000e+05	9.457412e-01	6.074994e-01	6.135889e-01
1	1_47575	47575	1	G	A	0.435	-1.060214e+00	8.935052e+00	-1.219986e+02	2.714237e-02	1.000000e+05	9.066233e-01	7.339346e-01	7.374619e-01
1	1_47671	47671	2	G	A	0.409	-4.966576e+00	9.142780e+00	-1.220345e+02	3.970378e-02	1.000000e+05	5.924378e-01	8.345728e-01	8.365675e-01
1	1_47684	47684	2	C	G	0.455	-5.460357e+00	8.998589e+00	-1.218846e+02	3.703453e-02	1.000000e+05	5.501942e-01	5.578294e-01	5.651754e-01
1	1_47686	47686	2	A	G	0.455	-5.460357e+00	8.998589e+00	-1.218846e+02	3.703453e-02	1.000000e+05	5.501942e-01	5.578294e-01	5.651754e-01
1	1_101060	101060	0	T	C	0.083	7.415839e-01	1.626648e+01	-1.219180e+02	5.082858e-02	1.000000e+05	9.640486e-01	5.989427e-01	6.052376e-01
1	1_170985	170985	0	A	G	0.083	7.415839e-01	1.626648e+01	-1.219180e+02	5.082858e-02	1.000000e+05	9.640486e-01	5.989427e-01	6.052376e-01
1	1_291990	291990	1	T	G	0.348	-1.080187e+01	9.011733e+00	-1.220520e+02	1.000000e-05	1.000000e+05	2.434186e-01	9.255804e-01	9.264326e-01
1	1_309593	309593	2	A	G	0.364	-3.845886e+00	9.351279e+00	-1.215779e+02	4.106284e-02	1.000000e+05	6.848545e-01	3.279779e-01	3.433099e-01
1	1_363954	363954	0	A	G	0.208	-7.033643e+00	1.057268e+01	-1.217036e+02	1.000000e-05	1.000000e+05	5.127953e-01	4.009497e-01	4.133602e-01
1	1_477160	477160	0	A	C	0.167	-8.035957e+00	1.150959e+01	-1.219969e+02	1.000000e-05	1.000000e+05	4.923688e-01	7.301689e-01	7.337610e-01
1	1_606536	606536	0	A	G	0.083	7.415839e-01	1.626648e+01	-1.219180e+02	5.082858e-02	1.000000e+05	9.640486e-01	5.989427e-01	6.052376e-01
1	1_743295	743295	0	T	C	0.083	7.415839e-01	1.626648e+01	-1.219180e+02	5.082858e-02	1.000000e+05	9.640486e-01	5.989427e-01	6.052376e-01
1	1_807596	807596	0	T	C	0.083	7.415839e-01	1.626648e+01	-1.219180e+02	5.082858e-02	1.000000e+05	9.640486e-01	5.989427e-01	6.052376e-01
1	1_927896	927896	0	C	T	0.208	-7.033643e+00	1.057268e+01	-1.217036e+02	1.000000e-05	1.000000e+05	5.127953e-01	4.009497e-01	4.133602e-01
1	1_927901	927901	0	C	A	0.208	-7.033643e+00	1.057268e+01	-1.217036e+02	1.000000e-05	1.000000e+05	5.127953e-01	4.009497e-01	4.133602e-01
1	1_944973	944973	0	G	C	0.333	-1.139792e+01	8.872944e+00	-1.220166e+02	1.000000e-05	1.000000e+05	2.123045e-01	7.779012e-01	7.807143e-01
1	1_971811	971811	1	G	T	0.087	-1.742423e+01	1.524532e+01	-1.211863e+02	9.689814e-03	1.000000e+05	2.653562e-01	1.871257e-01	2.085510e-01
1	1_975012	975012	0	C	T	0.125	-4.077324e+00	1.304007e+01	-1.215523e+02	2.300829e-02	1.000000e+05	7.574711e-01	3.153675e-01	3.312345e-01
1	1_975152	975152	3	T	C	0.333	2.694767e+00	9.790723e+00	-1.219662e+02	1.606917e-02	1.000000e+05	7.857028e-01	6.710981e-01	6.757942e-01
1	1_975212	975212	0	C	T	0.375	5.831849e+00	8.856033e+00	-1.219241e+02	1.367293e-02	1.000000e+05	5.170390e-01	6.070768e-01	6.131763e-01
1	1_975397	975397	2	T	C	0.409	1.153870e+01	8.842982e+00	-1.216470e+02	6.494061e-02	1.000000e+05	2.054310e-01	3.655880e-01	3.793740e-01
1	1_975445	975445	2	T	C	0.273	8.548276e-01	1.016750e+01	-1.216908e+02	2.523278e-02	1.000000e+05	9.337576e-01	3.925125e-01	4.052438e-01
1	1_975457	975457	2	A	G	0.318	-6.014132e+00	9.577827e+00	-1.207756e+02	3.503303e-02	1.000000e+05	5.365190e-01	1.094938e-01	1.333371e-01
1	1_975510	975510	1	T	C	0.130	-6.306706e+00	1.303780e+01	-1.217950e+02	1.833185e-02	1.000000e+05	6.333613e-01	4.697178e-01	4.796967e-01
1	1_1065714	1065714	0	G	A	0.208	-7.033643e+00	1.057268e+01	-1.217036e+02	1.000000e-05	1.000000e+05	5.127953e-01	4.009497e-01	4.133602e-01
1	1_1317098	1317098	0	T	C	0.625	8.541957e+00	8.770888e+00	-1.220460e+02	1.000000e-05	1.000000e+05	3.406943e-01	8.858046e-01	8.871360e-01
1	1_1354376	1354376	0	A	G	0.333	-1.139792e+01	8.872944e+00	-1.220166e+02	1.000000e-05	1.000000e+05	2.123045e-01	7.779012e-01	7.807143e-01
1	1_1471243	1471243	0	T	C	0.333	-1.139792e+01	8.872944e+00	-1.220166e+02	1.000000e-05	1.000000e+05	2.123045e-01	7.779012e-01	7.807143e-01
1	1_1509932	1509932	0	A	C	0.292	-9.731198e+00	9.312893e+00	-1.220007e+02	1.000000e-05	1.000000e+05	3.074075e-01	7.387392e-01	7.421846e-01
1	1_1509935	1509935	0	G	C	0.292	-9.731198e+00	9.312893e+00	-1.220007e+02	1.000000e-05	1.000000e+05	3.074075e-01	7.387392e-01	7.421846e-01
1	1_1509940	1509940	0	G	C	0.292	-9.731198e+00	9.312893e+00	-1.220007e+02	1.000000e-05	1.000000e+05	3.074075e-01	7.387392e-01	7.421846e-01
1	1_1581524	1581524	1	A	G	0.217	6.795424e+00	1.077714e+01	-1.212105e+02	7.614417e-02	1.000000e+05	5.348365e-01	1.933789e-01	2.145486e-01
1	1_1583615	1583615	0	C	T	0.333	-1.139792e+01	8.872944e+00	-1.220166e+02	1.000000e-05	1.000000e+05	2.123045e-01	7.779012e-01	7.807143e-01
1	1_1943622	1943622	0	G	A	0.333	-1.139792e+01	8.872944e+00	-1.220166e+02	1.000000e-05	1.000000e+05	2.123045e-01	7.779012e-01	7.807143e-01
1	1_2108016	2108016	0	G	C	0.292	-9.731198e+00	9.312893e+00	-1.220007e+02	1.000000e-05	1.000000e+05	3.074075e-01	7.387392e-01	7.421846e-01
1	1_2194658	2194658	0	A	G	0.083	7.415839e-01	1.626648e+01	-1.219180e+02	5.082858e-02	1.000000e+05	9.640486e-01	5.989427e-01	6.052376e-01
1	1_2205937	2205937	0	G	C	0.333	-1.139792e+01	8.872944e+00	-1.220166e+02	1.000000e-05	1.000000e+05	2.123045e-01	7.779012e-01	7.807143e-01
2	2_71426	71426	0	T	C	0.333	-1.139792e+01	8.872944e+00	-1.220166e+02	1.000000e-05	1.000000e+05	2.123045e-01	7.779012e-01	7.807143e-01
2	2_140257	140257	0	G	A	0.333	-1.139792e+01	8.872944e+00	-1.220166e+02	1.000000e-05	1.000000e+05	2.123045e-01	7.779012e-01	7.807143e-01
2	2_150696	150696	0	T	C	0.333	-1.139792e+01	8.872944e+00	-1.220166e+02	1.000000e-05	1.000000e+05	2.123045e-01	7.779012e-01	7.807143e-01
2	2_270700	270700	2	T	C	0.364	1.346120e+01	8.913636e+00	-1.189015e+02	3.829641e-02	1.000000e+05	1.452276e-01	1.200753e-02	2.782533e-02
2	2_270799	270799	4	A	G	0.150	-1.596449e+01	1.286141e+01	-1.203418e+02	1.000000e-05	1.000000e+05	2.275784e-01	6.405619e-02	8.763076e-02
2	2_270855	270855	0	G	A	0.458	1.897899e+00	8.680767e+00	-1.219518e+02	2.340941e-02	1.000000e+05	8.289517e-01	6.475551e-01	6.527405e-01
2	2_270969	270969	1	T	G	0.435	9.737530e+00	8.691307e+00	-1.219482e+02	8.040650e-04	1.000000e+05	2.746358e-01	6.418869e-01	6.471946e-01
2	2_270970	270970	1	T	A	0.435	9.737530e+00	8.691307e+00	-1.219482e+02	8.040650e-04	1.000000e+05	2.746358e-01	6.418869e-01	6.471946e-01
2	2_270971	270971	1	C	A	0.435	9.737530e+00	8.691307e+00	-1.219482e+02	8.040650e-04	1.000000e+05	2.746358e-01	6.418869e-01	6.471946e-01
2	2_270994	270994	0	A	G	0.458	9.505172e+00	8.464301e+00	-1.220351e+02	1.000000e-05	1.000000e+05	2.735554e-01	8.366992e-01	8.386650e-01
2	2_294465	294465	1	G	A	0.174	-5.126026e+00	1.161699e+01	-1.217336e+02	1.517834e-02	1.000000e+05	6.633365e-01	4.217523e-01	4.333926e-01
2	2_508674	508674	0	G	A	0.333	-1.139792e+01	8.872944e+00	-1.220166e+02	1.000000e-05	1.000000e+05	2.123045e-01	7.779012e-01	7.807143e-01
2	2_595266	595266	0	A	G	0.333	-1.139792e+01	8.872944e+00	-1.220166e+02	1.000000e-05	1.000000e+05	2.123045e-01	7.779012e-01	7.807143e-01
2	2_697983	697983	0	A	G	0.583	1.567339e+01	8.137095e+00	-1.204449e+02	1.000000e-05	1.000000e+05	6.710228e-02	7.261770e-02	9.644017e-02
2	2_774357	774357	0	A	C	0.333	-1.139792e+01	8.872944e+00	-1.220166e+02	1.000000e-05	1.000000e+05	2.123045e-01	7.779012e-01	7.807143e-01
2	2_820645	820645	0	T	A	0.333	-1.139792e+01	8.872944e+00	-1.220166e+02	1.000000e-05	1.000000e+05	2.123045e-01	7.779012e-01	7.807143e-01
2	2_963693	963693	0	T	G	0.292	-9.731198e+00	9.312893e+00	-1.220007e+02	1.000000e-05	1.000000e+05	3.074075e-01	7.387392e-01	7.421846e-01
2	2_983795	983795	0	G	C	0.583	1.567339e+01	8.137095e+00	-1.204449e+02	1.000000e-05	1.000000e+05	6.710228e-02	7.261770e-02	9.644017e-02
2	2_1088064	1088064	0	T	C	0.083	7.415839e-01	1.626648e+01	-1.219180e+02	5.082858e-02	1.000000e+05	9.640486e-01	5.989427e-01	6.052376e-01
2	2_1162362	1162362	0	G	C	0.333	-1.139792e+01	8.872944e+00	-1.220166e+02	1.000000e-05	1.000000e+05	2.123045e-01	7.779012e-01	7.807143e-01
2	2_1225303	1225303	0	A	G	0.583	1.567339e+01	8.137095e+00	-1.204449e+02	1.000000e-05	1.000000e+05	6.710228e-02	7.261770e-02	9.644017e-02
2	2_1406556	1406556	0	G	A	0.333	-1.139792e+01	8.872944e+00	-1.220166e+02	1.000000e-05	1.000000e+05	2.123045e-01	7.779012e-01	7.807143e-01
2	2_1519281	1519281	0	T	C	0.333	-1.139792e+01	8.872944e+00	-1.220166e+02	1.000000e-05	1.000000e+05	2.123045e-01	7.779012e-01	7.807143e-01
3	3_61845	61845	0	G	T	0.333	-1.139792e+01	8.872944e+00	-1.220166e+02	1.000000e-05	1.000000e+05	2.123045e-01	7.779012e-01	7.807143e-01
3	3_83036	83036	0	T	C	0.333	-1.139792e+01	8.872944e+00	-1.220166e+02	1.000000e-05	1.000000e+05	2.123045e-01	7.779012e-01	7.807143e-01
3	3_84476	84476	0	T	C	0.333	-1.139792e+01	8.872944e+00	-1.220166e+02	1.000000e-05	1.000000e+05	2.123045e-01	7.779012e-01	7.807143e-01
3	3_97584	97584	0	G	T	0.083	7.415839e-01	1.626648e+01	-1.219180e+02	5.082858e-02	1.000000e+05	9.640486e-01	5.989427e-01	6.052376e-01
3	3_189938	189938	0	T	C	0.083	7.415839e-01	1.626648e+01	-1.219180e+02	5.082858e-02	1.000000e+05	9.640486e-01	5.989427e-01	6.052376e-01
3	3_207299	207299	1	A	G	0.130	-2.916102e+00	1.309935e+01	-1.220432e+02	1.768767e-02	1.000000e+05	8.258895e-01	8.710555e-01	8.725718e-01
3	3_288811	288811	0	T	C	0.125	-3.938967e+00	1.309602e+01	-1.220367e+02	9.241170e-03	1.000000e+05	7.664095e-01	8.429418e-01	8.448238e-01
3	3_296203	296203	0	G	A	0.208	-7.033643e+00	1.057268e+01	-1.217036e+02	1.000000e-05	1.000000e+05	5.127953e-01	4.009497e-01	4.133602e-01
3	3_354680	354680	0	C	T	0.333	-1.139792e+01	8.872944e+00	-1.220166e+02	1.000000e-05	1.000000e+05	2.123045e-01	7.779012e-01	7.807143e-01
3	3_401715	401715	0	T	C	0.333	-1.139792e+01	8.872944e+00	-1.220166e+02	1.000000e-05	1.000000e+05	2.123045e-01	7.779012e-01	7.807143e-01
3	3_449970	449970	0	T	C	0.292	-9.731198e+00	9.312893e+00	-1.220007e+02	1.000000e-05	1.000000e+05	3.074075e-01	7.387392e-01	7.421846e-01
3	3_485530	485530	0	T	C	0.208	-7.033643e+00	1.057268e+01	-1.217036e+02	1.000000e-05	1.000000e+05	5.127953e-01	4.009497e-01	4.133602e-01
3	3_493126	493126	0	C	T	0.375	-8.541957e+00	8.770888e+00	-1.220460e+02	1.000000e-05	1.000000e+05	3.406943e-01	8.858046e-01	8.871360e-01
3	3_741271	741271	0	T	C	0.083	7.415839e-01	1.626648e+01	-1.219180e+02	5.082858e-02	1.000000e+05	9.640486e-01	5.989427e-01	6.052376e-01
3	3_750294	750294	0	T	G	0.250	4.876677e+00	9.960936e+00	-1.220507e+02	3.134631e-03	1.000000e+05	6.292771e-01	9.150478e-01	9.160245e-01
3	3_860957	860957	0	A	T	0.500	3.242639e+00	8.625610e+00	-1.220528e+02	2.256332e-02	1.000000e+05	7.105685e-01	9.327548e-01	9.335229e-01
3	3_862065	862065	0	G	A	0.208	2.192446e+00	1.064960e+01	-1.220272e+02	1.512906e-02	1.000000e+05	8.387847e-01	8.092945e-01	8.116416e-01
3	3_862068	862068	0	G	A	0.208	2.192446e+00	1.064960e+01	-1.220272e+02	1.512906e-02	1.000000e+05	8.387847e-01	8.092945e-01	8.116416e-01
3	3_862069	862069	2	A	G	0.227	1.023006e+00	1.078234e+01	-1.220556e+02	1.754656e-02	1.000000e+05	9.252707e-01	9.694678e-01	9.698135e-01
3	3_968415	968415	1	G	C	0.348	-1.080187e+01	9.011733e+00	-1.220520e+02	1.000000e-05	1.000000e+05	2.434186e-01	9.255804e-01	9.264326e-01
3	3_1070130	1070130	0	G	A	0.333	-1.139792e+01	8.872944e+00	-1.220166e+02	1.000000e-05	1.000000e+05	2.123045e-01	7.779012e-01	7.807143e-01
3	3_1071924	1071924	0	G	A	0.333	7.259115e+00	9.030527e+00	-1.212779e+02	4.009632e-02	1.000000e+05	4.300889e-01	2.121114e-01	2.324919e-01
3	3_1071929	1071929	0	C	T	0.333	7.259115e+00	9.030527e+00	-1.212779e+02	4.009632e-02	1.000000e+05	4.300889e-01	2.121114e-01	2.324919e-01
3	3_1180025	1180025	0	C	T	0.333	-1.139792e+01	8.872944e+00	-1.220166e+02	1.000000e-05	1.000000e+05	2.123045e-01	7.779012e-01	7.807143e-01
3	3_1234218	1234218	0	G	A	0.208	2.394966e+01	9.378376e+00	-1.189010e+02	1.000000e-05	1.000000e+05	1.810455e-02	1.200141e-02	2.781657e-02
3	3_1318833	1318833	0	T	C	0.333	-1.139792e+01	8.872944e+00	-1.220166e+02	1.000000e-05	1.000000e+05	2.123045e-01	7.779012e-01	7.807143e-01
3	3_1330004	1330004	0	T	C	0.083	7.415839e-01	1.626648e+01	-1.219180e+02	5.082858e-02	1.000000e+05	9.640486e-01	5.989427e-01	6.052376e-01
3	3_1334793	1334793	0	C	T	0.083	7.415839e-01	1.626648e+01	-1.219180e+02	5.082858e-02	1.000000e+05	9.640486e-01	5.989427e-01	6.052376e-01
4	4_53256	53256	0	T	C	0.083	7.415839e-01	1.626648e+01	-1.219180e+02	5.082858e-02	1.000000e+05	9.640486e-01	5.989427e-01	6.052376e-01
4	4_106294	106294	0	C	T	0.250	-9.591382e+00	9.804277e+00	-1.220396e+02	1.000000e-05	1.000000e+05	3.385690e-01	8.549432e-01	8.566668e-01
4	4_577501	577501	0	G	A	0.333	-1.139792e+01	8.872944e+00	-1.220166e+02	1.000000e-05	1.000000e+05	2.123045e-01	7.779012e-01	7.807143e-01
4	4_667433	667433	0	G	T	0.333	1.297526e+01	9.526762e+00	-1.189852e+02	2.619813e-01	1.000000e+05	1.869882e-01	1.319824e-02	2.950844e-02
4	4_667446	667446	0	G	A	0.375	2.081348e+01	9.429073e+00	-1.173775e+02	6.887321e-01	1.000000e+05	3.801986e-02	2.220493e-03	1.082825e-02
4	4_667490	667490	1	G	A	0.435	1.101279e+01	9.123047e+00	-1.200406e+02	1.972416e-01	1.000000e+05	2.401976e-01	4.465953e-02	6.707058e-02
4	4_679331	679331	0	T	A	0.333	-1.139792e+01	8.872944e+00	-1.220166e+02	1.000000e-05	1.000000e+05	2.123045e-01	7.779012e-01	7.807143e-01
4	4_901105	901105	1	G	A	0.348	-1.080187e+01	9.011733e+00	-1.220520e+02	1.000000e-05	1.000000e+05	2.434186e-01	9.255804e-01	9.264326e-01
4	4_995956	995956	2	A	G	0.273	-9.763193e-01	1.015236e+01	-1.219751e+02	1.750926e-02	1.000000e+05	9.242588e-01	6.869418e-01	6.913252e-01
4	4_1076446	1076446	0	G	A	0.333	-5.041777e+00	9.123580e+00	-1.217889e+02	3.716570e-02	1.000000e+05	5.861023e-01	4.645494e-01	4.746996e-01
4	4_1076465	1076465	0	G	A	0.375	-1.230324e+00	8.951028e+00	-1.219608e+02	2.800607e-02	1.000000e+05	8.919249e-01	6.619352e-01	6.668182e-01
5	5_7093	7093	0	G	A	0.417	1.065290e+01	8.558917e+00	-1.205952e+02	1.059925e-01	1.000000e+05	2.263551e-01	8.736797e-02	1.113652e-01
5	5_168988	168988	0	G	A	0.083	7.415839e-01	1.626648e+01	-1.219180e+02	5.082858e-02	1.000000e+05	9.640486e-01	5.989427e-01	6.052376e-01
5	5_276722	276722	0	A	G	0.583	1.567339e+01	8.137095e+00	-1.204449e+02	1.000000e-05	1.000000e+05	6.710228e-02	7.261770e-02	9.644017e-02
5	5_475470	475470	1	T	C	0.391	-1.849811e+00	9.073226e+00	-1.220518e+02	1.380341e-02	1.000000e+05	8.403247e-01	9.240943e-01	9.249639e-01
5	5_476407	476407	0	T	A	0.542	8.566413e+00	8.509728e+00	-1.215665e+02	1.000000e-05	1.000000e+05	3.250421e-01	3.222576e-01	3.378314e-01
5	5_500266	500266	1	G	A	0.435	2.915773e+00	8.916426e+00	-1.218646e+02	3.594126e-02	1.000000e+05	7.467503e-01	5.356999e-01	5.436572e-01
5	5_676974	676974	0	A	C	0.458	2.958835e+00	8.655055e+00	-1.218044e+02	2.907988e-02	1.000000e+05	7.356987e-01	4.777908e-01	4.875061e-01
5	5_773775	773775	0	C	T	0.083	7.415839e-01	1.626648e+01	-1.219180e+02	5.082858e-02	1.000000e+05	9.640486e-01	5.989427e-01	6.052376e-01
5	5_835130	835130	1	A	G	0.391	-5.693907e+00	8.961471e+00	-1.217698e+02	2.378829e-02	1.000000e+05	5.317369e-01	4.490627e-01	4.597372e-01
5	5_835251	835251	1	G	C	0.304	-9.043276e+00	9.386606e+00	-1.217482e+02	3.519149e-02	1.000000e+05	3.458062e-01	4.324386e-01	4.436947e-01
5	5_835261	835261	2	A	G	0.273	-5.800807e+00	1.005967e+01	-1.219832e+02	3.291021e-02	1.000000e+05	5.700364e-01	7.021746e-01	7.062690e-01
5	5_836479	836479	0	G	A	0.375	1.067886e+01	8.708344e+00	-1.203856e+02	1.004450e-01	1.000000e+05	2.330576e-01	6.755646e-02	9.124779e-02
5	5_836568	836568	0	A	G	0.417	9.790587e+00	8.531839e+00	-1.216871e+02	1.534021e-02	1.000000e+05	2.634869e-01	3.901184e-01	4.029416e-01
5	5_836697	836697	0	A	G	0.542	-6.001210e+00	8.607306e+00	-1.218247e+02	3.895743e-03	1.000000e+05	4.929662e-01	4.960610e-01	5.051965e-01
5	5_836899	836899	1	G	A	0.087	-1.180561e+01	1.549255e+01	-1.218559e+02	9.795300e-03	1.000000e+05	4.541413e-01	5.265900e-01	5.348086e-01
5	5_975686	975686	0	C	G	0.375	-8.541957e+00	8.770888e+00	-1.220460e+02	1.000000e-05	1.000000e+05	3.406943e-01	8.858046e-01	8.871360e-01
5	5_1037902	1037902	0	A	G	0.333	-1.139792e+01	8.872944e+00	-1.220166e+02	1.000000e-05	1.000000e+05	2.123045e-01	7.779012e-01	7.807143e-01
5	5_1099536	1099536	0	A	G	0.083	7.415839e-01	1.626648e+01	-1.219180e+02	5.082858e-02	1.000000e+05	9.640486e-01	5.989427e-01	6.052376e-01
5	5_1166880	1166880	0	A	G	0.083	7.415839e-01	1.626648e+01	-1.219180e+02	5.082858e-02	1.000000e+05	9.640486e-01	5.989427e-01	6.052376e-01
5	5_1210544	1210544	0	A	G	0.583	1.567339e+01	8.137095e+00	-1.204449e+02	1.000000e-05	1.000000e+05	6.710228e-02	7.261770e-02	9.644017e-02
5	5_1245074	1245074	0	G	A	0.500	8.902921e+00	8.463169e+00	-1.220407e+02	1.000000e-05	1.000000e+05	3.042356e-01	8.594114e-01	8.610769e-01
5	5_1405166	1405166	0	G	A	0.250	-9.591382e+00	9.804277e+00	-1.220396e+02	1.000000e-05	1.000000e+05	3.385690e-01	8.549432e-01	8.566668e-01
5	5_1597105	1597105	0	C	T	0.625	8.541957e+00	8.770888e+00	-1.220460e+02	1.000000e-05	1.000000e+05	3.406943e-01	8.858046e-01	8.871360e-01
5	5_1661241	1661241	0	G	A	0.083	7.415839e-01	1.626648e+01	-1.219180e+02	5.082858e-02	1.000000e+05	9.640486e-01	5.989427e-01	6.052376e-01
5	5_1688982	1688982	0	A	G	0.250	-9.591382e+00	9.804277e+00	-1.220396e+02	1.000000e-05	1.000000e+05	3.385690e-01	8.549432e-01	8.566668e-01
5	5_1695239	1695239	0	C	T	0.083	7.415839e-01	1.626648e+01	-1.219180e+02	5.082858e-02	1.000000e+05	9.640486e-01	5.989427e-01	6.052376e-01
5	5_1770892	1770892	0	G	A	0.375	-1.811236e+01	8.091633e+00	-1.202900e+02	1.253109e-01	1.000000e+05	3.563779e-02	6.017240e-02	8.358938e-02
5	5_1773044	1773044	0	G	A	0.125	-9.818493e+00	1.289273e+01	-1.212879e+02	2.775466e-02	1.000000e+05	4.544139e-01	2.150968e-01	2.353490e-01
5	5_1773047	1773047	0	G	A	0.292	4.452571e+00	9.470803e+00	-1.218113e+02	3.363985e-02	1.000000e+05	6.428846e-01	4.838925e-01	4.934115e-01
5	5_1781499	1781499	0	C	A	0.333	-1.139792e+01	8.872944e+00	-1.220166e+02	1.000000e-05	1.000000e+05	2.123045e-01	7.779012e-01	7.807143e-01
6	6_191358	191358	0	C	T	0.083	2.995714e+00	1.563459e+01	-1.220509e+02	2.445075e-02	1.000000e+05	8.498067e-01	9.168500e-01	9.178053e-01
6	6_211509	211509	0	T	C	0.083	-1.023345e+01	1.550808e+01	-1.219883e+02	1.577139e-02	1.000000e+05	5.161814e-01	7.122017e-01	7.161121e-01
6	6_220264	220264	1	G	A	0.391	-1.352779e+01	9.102974e+00	-1.206762e+02	1.916624e-01	1.000000e+05	1.514478e-01	9.663590e-02	1.206186e-01
6	6_220267	220267	1	G	A	0.391	-1.352779e+01	9.102974e+00	-1.206762e+02	1.916624e-01	1.000000e+05	1.514478e-01	9.663590e-02	1.206186e-01
6	6_221273	221273	3	A	G	0.429	-1.404438e+01	8.801800e+00	-1.195345e+02	6.764934e-02	1.000000e+05	1.248385e-01	2.471478e-02	4.434179e-02
6	6_221275	221275	2	A	G	0.455	-1.518387e+01	8.429480e+00	-1.189370e+02	8.905561e-02	1.000000e+05	8.538215e-02	1.249828e-02	2.852401e-02
6	6_221282	221282	1	A	C	0.478	-1.534124e+01	8.180072e+00	-1.185093e+02	1.139850e-01	1.000000e+05	7.406682e-02	7.734303e-03	2.135693e-02
6	6_239210	239210	0	G	A	0.333	-1.139792e+01	8.872944e+00	-1.220166e+02	1.000000e-05	1.000000e+05	2.123045e-01	7.779012e-01	7.807143e-01
6	6_276397	276397	0	A	G	0.083	7.415839e-01	1.626648e+01	-1.219180e+02	5.082858e-02	1.000000e+05	9.640486e-01	5.989427e-01	6.052376e-01
6	6_406899	406899	0	C	T	0.333	-1.139792e+01	8.872944e+00	-1.220166e+02	1.000000e-05	1.000000e+05	2.123045e-01	7.779012e-01	7.807143e-01
6	6_465434	465434	0	A	G	0.083	7.415839e-01	1.626648e+01	-1.219180e+02	5.082858e-02	1.000000e+05	9.640486e-01	5.989427e-01	6.052376e-01
6	6_484890	484890	0	T	C	0.333	-1.139792e+01	8.872944e+00	-1.220166e+02	1.000000e-05	1.000000e+05	2.123045e-01	7.779012e-01	7.807143e-01
6	6_499210	499210	0	G	C	0.333	-1.139792e+01	8.872944e+00	-1.220166e+02	1.000000e-05	1.000000e+05	2.123045e-01	7.779012e-01	7.807143e-01
6	6_544412	544412	0	G	A	0.083	7.415839e-01	1.626648e+01	-1.219180e+02	5.082858e-02	1.000000e+05	9.640486e-01	5.989427e-01	6.052376e-01
6	6_554477	554477	0	G	T	0.083	7.415839e-01	1.626648e+01	-1.219180e+02	5.082858e-02	1.000000e+05	9.640486e-01	5.989427e-01	6.052376e-01
6	6_602467	602467	0	C	G	0.333	-1.139792e+01	8.872944e+00	-1.220166e+02	1.000000e-05	1.000000e+05	2.123045e-01	7.779012e-01	7.807143e-01
6	6_659075	659075	0	T	C	0.333	-1.139792e+01	8.872944e+00	-1.220166e+02	1.000000e-05	1.000000e+05	2.123045e-01	7.779012e-01	7.807143e-01
6	6_739933	739933	0	G	T	0.375	-7.786527e+00	8.771352e+00	-1.215442e+02	2.543660e-02	1.000000e+05	3.842927e-01	3.115010e-01	3.275335e-01
6	6_761983	761983	0	T	C	0.083	7.415839e-01	1.626648e+01	-1.219180e+02	5.082858e-02	1.000000e+05	9.640486e-01	5.989427e-01	6.052376e-01
6	6_936535	936535	0	T	A	0.083	2.458491e-01	1.601133e+01	-1.217714e+02	3.914451e-02	1.000000e+05	9.878876e-01	4.502921e-01	4.609244e-01
6	6_960726	960726	0	A	G	0.083	7.415839e-01	1.626648e+01	-1.219180e+02	5.082858e-02	1.000000e+05	9.640486e-01	5.989427e-01	6.052376e-01
6	6_988043	988043	0	T	C	0.292	-3.707488e+00	9.497216e+00	-1.217171e+02	1.410874e-02	1.000000e+05	7.000126e-01	4.101113e-01	4.221790e-01
6	6_988098	988098	1	A	G	0.348	-6.159675e+00	9.195468e+00	-1.206299e+02	1.629569e-02	1.000000e+05	5.099175e-01	9.121516e-02	1.152163e-01
6	6_988261	988261	3	A	G	0.238	3.885721e+00	1.087871e+01	-1.216322e+02	4.503884e-02	1.000000e+05	7.243563e-01	3.570398e-01	3.711700e-01
6	6_988405	988405	2	T	C	0.318	-8.051052e+00	9.550907e+00	-1.214397e+02	1.173321e-02	1.000000e+05	4.083214e-01	2.667715e-01	2.847552e-01
6	6_988465	988465	0	T	C	0.583	-9.723819e+00	8.548477e+00	-1.214417e+02	1.000000e-05	1.000000e+05	2.675703e-01	2.675632e-01	2.855119e-01
6	6_988478	988478	2	A	G	0.409	4.771317e+00	9.156139e+00	-1.220502e+02	1.000000e-05	1.000000e+05	6.074992e-01	9.119234e-01	9.129373e-01
6	6_988549	988549	2	A	G	0.364	7.636712e+00	9.291846e+00	-1.211899e+02	6.917445e-02	1.000000e+05	4.199679e-01	1.880324e-01	2.094210e-01
6	6_988553	988553	2	T	G	0.364	4.845969e+00	9.371990e+00	-1.215307e+02	4.972740e-02	1.000000e+05	6.102674e-01	3.052207e-01	3.215233e-01
6	6_988631	988631	2	G	A	0.227	9.173897e+00	1.060106e+01	-1.210308e+02	6.254763e-02	1.000000e+05	3.961718e-01	1.520966e-01	1.748370e-01
6	6_988733	988733	1	A	G	0.478	4.237110e-01	8.911108e+00	-1.215660e+02	2.487054e-02	1.000000e+05	9.625050e-01	3.220268e-01	3.376104e-01
6	6_988843	988843	3	A	G	0.429	8.342169e+00	9.170414e+00	-1.217876e+02	1.536178e-02	1.000000e+05	3.728488e-01	4.634703e-01	4.736564e-01
6	6_988922	988922	5	A	G	0.368	-3.659990e+00	1.003449e+01	-1.219825e+02	2.091380e-02	1.000000e+05	7.187876e-01	7.007808e-01	7.049012e-01
6	6_988930	988930	2	G	A	0.273	-3.193949e+00	1.011851e+01	-1.220397e+02	1.525920e-02	1.000000e+05	7.552400e-01	8.554292e-01	8.571464e-01
6	6_988960	988960	2	T	G	0.318	-1.105064e+01	9.434916e+00	-1.218602e+02	1.000000e-05	1.000000e+05	2.540283e-01	5.311186e-01	5.392066e-01
6	6_989188	989188	0	T	C	0.417	-1.117912e+01	8.467235e+00	-1.215144e+02	1.000000e-05	1.000000e+05	2.003138e-01	2.978206e-01	3.144434e-01
6	6_989334	989334	2	G	C	0.364	4.286246e+00	9.331886e+00	-1.218587e+02	2.666404e-02	1.000000e+05	6.505165e-01	5.295075e-01	5.376418e-01
6	6_989453	989453	3	A	G	0.667	2.139520e+00	9.802902e+00	-1.219510e+02	1.322070e-02	1.000000e+05	8.292432e-01	6.462668e-01	6.514798e-01
6	6_989490	989490	0	T	C	0.417	-9.718734e+00	8.548762e+00	-1.206904e+02	1.000000e-05	1.000000e+05	2.678292e-01	9.836277e-02	1.223342e-01
6	6_989528	989528	0	T	C	0.542	1.152096e+01	8.346133e+00	-1.217729e+02	2.641126e-03	1.000000e+05	1.813309e-01	4.515140e-01	4.621044e-01
6	6_989732	989732	4	T	C	0.400	6.238463e+00	9.690938e+00	-1.219378e+02	6.806957e-02	1.000000e+05	5.263974e-01	6.263665e-01	6.320185e-01
6	6_989861	989861	2	A	G	0.500	1.226121e+01	8.632931e+00	-1.216402e+02	2.748332e-02	1.000000e+05	1.695428e-01	3.616391e-01	3.755836e-01
6	6_989960	989960	0	A	G	0.458	-4.102589e-01	8.675556e+00	-1.219172e+02	2.015813e-02	1.000000e+05	9.627095e-01	5.978890e-01	6.042095e-01
6	6_990258	990258	2	G	T	0.409	1.307662e+00	9.177849e+00	-1.220118e+02	2.084472e-02	1.000000e+05	8.879976e-01	7.653467e-01	7.683560e-01
6	6_990671	990671	5	G	A	0.526	-3.168226e+00	9.868694e+00	-1.209775e+02	5.815763e-02	1.000000e+05	7.512115e-01	1.418649e-01	1.649354e-01
6	6_990699	990699	2	G	A	0.545	-5.074114e-01	9.279376e+00	-1.215060e+02	4.216277e-02	1.000000e+05	9.568857e-01	2.940986e-01	3.108832e-01
6	6_990701	990701	1	A	G	0.565	3.088141e+00	8.948377e+00	-1.218607e+02	5.996589e-03	1.000000e+05	7.332922e-01	5.315901e-01	5.396646e-01
6	6_990771	990771	3	T	C	0.381	-4.724875e+00	9.493359e+00	-1.220328e+02	1.000000e-05	1.000000e+05	6.236316e-01	8.283641e-01	8.304437e-01
6	6_990777	990777	1	A	G	0.391	3.666447e-01	9.131084e+00	-1.216757e+02	3.129757e-02	1.000000e+05	9.683329e-01	3.829012e-01	3.960036e-01
6	6_990851	990851	1	T	C	0.304	-6.930901e+00	9.513268e+00	-1.218884e+02	7.074565e-04	1.000000e+05	4.739609e-01	5.622128e-01	5.694416e-01
6	6_990862	990862	1	G	T	0.261	-6.723853e+00	9.978105e+00	-1.218179e+02	1.057837e-02	1.000000e+05	5.074188e-01	4.898487e-01	4.991787e-01
6	6_990885	990885	2	A	G	0.227	-1.980257e+00	1.083525e+01	-1.219220e+02	1.675724e-02	1.000000e+05	8.566596e-01	6.042154e-01	6.103832e-01
6	6_990992	990992	1	T	C	0.174	3.132457e+00	1.170676e+01	-1.220160e+02	1.485118e-02	1.000000e+05	7.915178e-01	7.763007e-01	7.791385e-01
6	6_991027	991027	0	T	C	0.167	-7.257590e+00	1.154129e+01	-1.219522e+02	3.171324e-02	1.000000e+05	5.359310e-01	6.481652e-01	6.533375e-01
6	6_1031241	1031241	1	A	G	0.478	1.039298e+01	8.587059e+00	-1.219362e+02	1.000000e-05	1.000000e+05	2.390046e-01	6.239479e-01	6.296549e-01
6	6_1116760	1116760	0	G	A	0.333	-1.139792e+01	8.872944e+00	-1.220166e+02	1.000000e-05	1.000000e+05	2.123045e-01	7.779012e-01	7.807143e-01
6	6_1160524	1160524	0	A	G	0.375	2.911872e+00	8.936538e+00	-1.219978e+02	3.625221e-02	1.000000e+05	7.476252e-01	7.322053e-01	7.357623e-01
6	6_1160528	1160528	0	A	G	0.375	2.911872e+00	8.936538e+00	-1.219978e+02	3.625221e-02	1.000000e+05	7.476252e-01	7.322053e-01	7.357623e-01
6	6_1160532	1160532	0	A	G	0.375	2.911872e+00	8.936538e+00	-1.219978e+02	3.625221e-02	1.000000e+05	7.476252e-01	7.322053e-01	7.357623e-01
6	6_1167676	1167676	0	C	G	0.333	-1.139792e+01	8.872944e+00	-1.220166e+02	1.000000e-05	1.000000e+05	2.123045e-01	7.779012e-01	7.807143e-01
6	6_1174733	1174733	0	G	C	0.083	7.415839e-01	1.626648e+01	-1.219180e+02	5.082858e-02	1.000000e+05	9.640486e-01	5.989427e-01	6.052376e-01
6	6_1249810	1249810	0	G	A	0.208	-7.033643e+00	1.057268e+01	-1.217036e+02	1.000000e-05	1.000000e+05	5.127953e-01	4.009497e-01	4.133602e-01
6	6_1279254	1279254	0	C	T	0.333	-1.139792e+01	8.872944e+00	-1.220166e+02	1.000000e-05	1.000000e+05	2.123045e-01	7.779012e-01	7.807143e-01
7	7_11056	11056	1	A	C	0.348	6.923830e+00	9.183140e+00	-1.220537e+02	1.000000e-05	1.000000e+05	4.588605e-01	9.424470e-01	9.431024e-01
7	7_14006	14006	2	A	G	0.273	-3.429606e+00	1.014193e+01	-1.220290e+02	8.347863e-03	1.000000e+05	7.384476e-01	8.149781e-01	8.172443e-01
7	7_36839	36839	0	G	A	0.125	2.829275e+00	1.310467e+01	-1.217720e+02	1.188659e-02	1.000000e+05	8.310562e-01	4.507839e-01	4.613993e-01
7	7_37788	37788	0	C	T	0.333	-1.139792e+01	8.872944e+00	-1.220166e+02	1.000000e-05	1.000000e+05	2.123045e-01	7.779012e-01	7.807143e-01
7	7_49744	49744	0	G	A	0.083	-1.173557e+01	1.546156e+01	-1.217982e+02	1.243959e-02	1.000000e+05	4.558991e-01	4.724598e-01	4.823486e-01
7	7_164473	164473	2	G	A	0.364	1.610682e+01	8.689220e+00	-1.178700e+02	1.131174e-01	1.000000e+05	7.724677e-02	3.809047e-03	1.434804e-02
7	7_164511	164511	0	T	C	0.542	7.170818e+00	8.547936e+00	-1.216146e+02	1.329952e-02	1.000000e+05	4.105514e-01	3.472623e-01	3.617917e-01
7	7_164589	164589	1	C	T	0.391	-2.795338e+00	9.038085e+00	-1.220438e+02	1.624578e-02	1.000000e+05	7.600155e-01	8.742745e-01	8.757500e-01
7	7_164636	164636	1	A	G	0.391	7.870876e+00	8.904209e+00	-1.220073e+02	1.229098e-02	1.000000e+05	3.862816e-01	7.540390e-01	7.572301e-01
7	7_164887	164887	1	G	A	0.348	-5.503578e+00	9.215139e+00	-1.220403e+02	7.649722e-03	1.000000e+05	5.564499e-01	8.577529e-01	8.594399e-01
7	7_164926	164926	2	G	A	0.273	-8.888125e+00	9.992176e+00	-1.217784e+02	1.000000e-05	1.000000e+05	3.833536e-01	4.559234e-01	4.663636e-01
7	7_165027	165027	3	T	C	0.190	-1.029751e+01	1.155718e+01	-1.211981e+02	2.111752e-02	1.000000e+05	3.825679e-01	1.901401e-01	2.114428e-01
7	7_165292	165292	0	C	A	0.583	8.802600e-01	8.775609e+00	-1.220402e+02	1.773601e-02	1.000000e+05	9.210086e-01	8.572432e-01	8.589368e-01
7	7_165637	165637	0	A	G	0.458	-9.689129e-01	8.678269e+00	-1.218699e+02	1.765760e-02	1.000000e+05	9.121148e-01	5.414876e-01	5.492819e-01
7	7_165657	165657	2	A	G	0.409	6.794606e-01	9.190926e+00	-1.215544e+02	2.314975e-02	1.000000e+05	9.417363e-01	3.163852e-01	3.322088e-01
7	7_165680	165680	0	T	C	0.417	-4.487067e+00	8.737056e+00	-1.219701e+02	6.749008e-03	1.000000e+05	6.126740e-01	6.779671e-01	6.825260e-01
7	7_165704	165704	1	A	G	0.478	-1.601478e+00	8.846447e+00	-1.214320e+02	2.830729e-02	1.000000e+05	8.580009e-01	2.637972e-01	2.819122e-01
7	7_165798	165798	2	C	T	0.409	6.399861e+00	9.332589e+00	-1.203700e+02	9.744467e-02	1.000000e+05	5.000315e-01	6.628820e-02	8.993983e-02
7	7_165854	165854	2	T	C	0.545	-9.345377e+00	8.928198e+00	-1.206638e+02	1.045692e-01	1.000000e+05	3.065906e-01	9.514475e-02	1.191352e-01
7	7_165873	165873	1	A	G	0.391	9.854182e+00	8.865122e+00	-1.210091e+02	9.404817e-02	1.000000e+05	2.783246e-01	1.478307e-01	1.707126e-01
7	7_165955	165955	2	T	C	0.409	-1.522195e+01	8.605452e+00	-1.201713e+02	1.308507e-01	1.000000e+05	9.077908e-02	5.217979e-02	7.516375e-02
7	7_166056	166056	1	C	A	0.522	1.065052e+01	8.534106e+00	-1.215712e+02	2.810295e-02	1.000000e+05	2.251529e-01	3.246293e-01	3.401026e-01
7	7_166309	166309	1	G	A	0.478	-2.452675e+00	8.821471e+00	-1.219501e+02	1.668914e-02	1.000000e+05	7.835820e-01	6.447899e-01	6.500348e-01
7	7_166838	166838	0	T	A	0.125	-1.828411e+01	1.255842e+01	-1.212102e+02	1.004141e-01	1.000000e+05	1.595372e-01	1.932971e-01	2.144702e-01
7	7_166992	166992	2	A	G	0.318	-2.930640e+00	9.665614e+00	-1.218207e+02	1.948644e-02	1.000000e+05	7.645841e-01	4.923711e-01	5.016218e-01
7	7_167034	167034	2	T	C	0.318	7.724442e+00	9.534916e+00	-1.215869e+02	3.147794e-02	1.000000e+05	4.265468e-01	3.325510e-01	3.476909e-01
7	7_167035	167035	1	C	A	0.348	5.525125e+00	9.190704e+00	-1.218342e+02	2.070716e-02	1.000000e+05	5.538747e-01	5.050985e-01	5.139558e-01
7	7_167135	167135	2	A	G	0.591	-1.969009e+01	8.200407e+00	-1.200918e+02	1.000000e-05	1.000000e+05	2.523569e-02	4.745951e-02	7.010551e-02
7	7_167192	167192	2	C	T	0.500	-1.696540e+01	8.305463e+00	-1.202421e+02	1.000000e-05	1.000000e+05	5.324759e-02	5.679624e-02	8.004952e-02
7	7_167224	167224	4	T	A	0.400	-1.298924e+01	9.293126e+00	-1.210048e+02	1.000000e-05	1.000000e+05	1.761317e-01	1.470012e-01	1.699099e-01
7	7_167292	167292	3	A	G	0.429	-1.765308e+01	8.487311e+00	-1.182841e+02	5.809386e-02	1.000000e+05	4.938962e-02	6.019409e-03	1.848101e-02
7	7_167370	167370	1	A	G	0.391	1.973142e+01	7.981403e+00	-1.191606e+02	3.320022e-02	1.000000e+05	2.164046e-02	1.610390e-02	3.346487e-02
7	7_167655	167655	2	G	A	0.364	-9.786539e+00	9.187069e+00	-1.216757e+02	6.200897e-02	1.000000e+05	2.983143e-01	3.829182e-01	3.960199e-01
7	7_167687	167687	1	A	C	0.130	-1.603248e+01	1.280079e+01	-1.208160e+02	1.145676e-01	1.000000e+05	2.235529e-01	1.152559e-01	1.390002e-01
7	7_226969	226969	0	G	A	0.333	-1.139792e+01	8.872944e+00	-1.220166e+02	1.000000e-05	1.000000e+05	2.123045e-01	7.779012e-01	7.807143e-01
7	7_230511	230511	0	A	G	0.333	-1.139792e+01	8.872944e+00	-1.220166e+02	1.000000e-05	1.000000e+05	2.123045e-01	7.779012e-01	7.807143e-01
7	7_347542	347542	0	C	T	0.292	-9.731198e+00	9.312893e+00	-1.220007e+02	1.000000e-05	1.000000e+05	3.074075e-01	7.387392e-01	7.421846e-01
7	7_453828	453828	2	T	C	0.182	-2.543230e-01	1.169805e+01	-1.220561e+02	1.780899e-02	1.000000e+05	9.828508e-01	9.828381e-01	9.830321e-01
7	7_479542	479542	1	A	G	0.130	-3.505120e+00	1.310727e+01	-1.220512e+02	1.647416e-02	1.000000e+05	7.916383e-01	9.189324e-01	9.198630e-01
7	7_508893	508893	0	G	C	0.333	-1.139792e+01	8.872944e+00	-1.220166e+02	1.000000e-05	1.000000e+05	2.123045e-01	7.779012e-01	7.807143e-01
7	7_672119	672119	0	G	A	0.292	2.110874e+00	9.499620e+00	-1.220529e+02	1.533395e-02	1.000000e+05	8.262033e-01	9.339713e-01	9.347252e-01
7	7_752860	752860	2	A	T	0.273	-4.691117e+00	1.007625e+01	-1.214358e+02	3.336550e-02	1.000000e+05	6.461053e-01	2.652458e-01	2.832968e-01
7	7_752861	752861	0	A	T	0.125	-1.843148e+01	1.255386e+01	-1.208605e+02	1.064025e-01	1.000000e+05	1.562052e-01	1.219754e-01	1.455802e-01
7	7_813688	813688	1	C	T	0.348	-1.080187e+01	9.011733e+00	-1.220520e+02	1.000000e-05	1.000000e+05	2.434186e-01	9.255804e-01	9.264326e-01
7	7_819348	819348	0	A	C	0.333	-1.139792e+01	8.872944e+00	-1.220166e+02	1.000000e-05	1.000000e+05	2.123045e-01	7.779012e-01	7.807143e-01
7	7_831960	831960	0	T	G	0.250	-9.591382e+00	9.804277e+00	-1.220396e+02	1.000000e-05	1.000000e+05	3.385690e-01	8.549432e-01	8.566668e-01
7	7_908360	908360	3	C	A	0.143	2.660757e+00	1.318748e+01	-1.219474e+02	2.284428e-02	1.000000e+05	8.419553e-01	6.406134e-01	6.459489e-01
7	7_911043	911043	0	C	T	0.333	-1.139792e+01	8.872944e+00	-1.220166e+02	1.000000e-05	1.000000e+05	2.123045e-01	7.779012e-01	7.807143e-01
7	7_1008288	1008288	0	G	A	0.333	-1.139792e+01	8.872944e+00	-1.220166e+02	1.000000e-05	1.000000e+05	2.123045e-01	7.779012e-01	7.807143e-01
7	7_1024334	1024334	0	G	A	0.333	-1.139792e+01	8.872944e+00	-1.220166e+02	1.000000e-05	1.000000e+05	2.123045e-01	7.779012e-01	7.807143e-01
7	7_1024356	1024356	0	T	C	0.333	-1.139792e+01	8.872944e+00	-1.220166e+02	1.000000e-05	1.000000e+05	2.123045e-01	7.779012e-01	7.807143e-01
7	7_1171945	1171945	0	A	G	0.083	7.415839e-01	1.626648e+01	-1.219180e+02	5.082858e-02	1.000000e+05	9.640486e-01	5.989427e-01	6.052376e-01
7	7_1191543	1191543	0	C	T	0.333	-1.139792e+01	8.872944e+00	-1.220166e+02	1.000000e-05	1.000000e+05	2.123045e-01	7.779012e-01	7.807143e-01
7	7_1192832	1192832	0	T	C	0.083	7.415839e-01	1.626648e+01	-1.219180e+02	5.082858e-02	1.000000e+05	9.640486e-01	5.989427e-01	6.052376e-01
7	7_1193976	1193976	0	C	T	0.333	-1.139792e+01	8.872944e+00	-1.220166e+02	1.000000e-05	1.000000e+05	2.123045e-01	7.779012e-01	7.807143e-01
7	7_1196178	1196178	0	C	T	0.583	-2.439027e+00	8.763032e+00	-1.218361e+02	2.808629e-02	1.000000e+05	7.833572e-01	5.068588e-01	5.156626e-01
7	7_1205599	1205599	3	G	T	0.381	-1.571774e+01	8.939167e+00	-1.202429e+02	1.000000e-05	1.000000e+05	9.260205e-02	5.685170e-02	8.010789e-02
7	7_1205600	1205600	2	G	A	0.364	-1.413223e+01	8.920767e+00	-1.203783e+02	1.000000e-05	1.000000e+05	1.274200e-01	6.696085e-02	9.063390e-02
7	7_1205735	1205735	2	T	A	0.364	-9.833387e+00	9.179508e+00	-1.213378e+02	1.000000e-05	1.000000e+05	2.956767e-01	2.306073e-01	2.501854e-01
7	7_1227094	1227094	0	A	G	0.333	-1.139792e+01	8.872944e+00	-1.220166e+02	1.000000e-05	1.000000e+05	2.123045e-01	7.779012e-01	7.807143e-01
7	7_1240469	1240469	0	C	T	0.083	7.415839e-01	1.626648e+01	-1.219180e+02	5.082858e-02	1.000000e+05	9.640486e-01	5.989427e-01	6.052376e-01
7	7_1263585	1263585	0	T	C	0.292	6.627123e-01	9.553498e+00	-1.219904e+02	2.180191e-02	1.000000e+05	9.453229e-01	7.163865e-01	7.202215e-01
7	7_1263610	1263610	0	G	A	0.375	-9.247012e+00	8.789354e+00	-1.212512e+02	8.012940e-02	1.000000e+05	3.041868e-01	2.044558e-01	2.251624e-01
7	7_1266484	1266484	1	A	T	0.435	2.314447e+00	8.992690e+00	-1.218713e+02	1.362915e-02	1.000000e+05	7.992852e-01	5.429179e-01	5.506723e-01
7	7_1276916	1276916	0	A	G	0.208	-7.346030e+00	1.054585e+01	-1.217198e+02	1.010562e-02	1.000000e+05	4.933605e-01	4.120060e-01	4.240034e-01
7	7_1276919	1276919	0	G	A	0.167	-4.055364e+00	1.159233e+01	-1.219689e+02	1.134043e-02	1.000000e+05	7.297918e-01	6.757924e-01	6.803945e-01
7	7_1341024	1341024	0	A	C	0.333	-9.417418e+00	8.958858e+00	-1.217031e+02	1.651978e-02	1.000000e+05	3.045838e-01	4.005831e-01	4.130075e-01
8	8_144493	144493	0	A	G	0.333	-1.139792e+01	8.872944e+00	-1.220166e+02	1.000000e-05	1.000000e+05	2.123045e-01	7.779012e-01	7.807143e-01
8	8_174475	174475	0	G	T	0.333	-1.139792e+01	8.872944e+00	-1.220166e+02	1.000000e-05	1.000000e+05	2.123045e-01	7.779012e-01	7.807143e-01
8	8_208859	208859	0	G	A	0.208	-7.033643e+00	1.057268e+01	-1.217036e+02	1.000000e-05	1.000000e+05	5.127953e-01	4.009497e-01	4.133602e-01
8	8_294928	294928	0	T	A	0.333	-1.139792e+01	8.872944e+00	-1.220166e+02	1.000000e-05	1.000000e+05	2.123045e-01	7.779012e-01	7.807143e-01
8	8_553155	553155	0	T	C	0.083	7.415839e-01	1.626648e+01	-1.219180e+02	5.082858e-02	1.000000e+05	9.640486e-01	5.989427e-01	6.052376e-01
8	8_725537	725537	0	A	C	0.333	-1.139792e+01	8.872944e+00	-1.220166e+02	1.000000e-05	1.000000e+05	2.123045e-01	7.779012e-01	7.807143e-01
8	8_817562	817562	3	T	C	0.095	6.341084e+00	1.567194e+01	-1.216977e+02	2.652135e-02	1.000000e+05	6.896684e-01	3.970382e-01	4.095969e-01
8	8_817567	817567	3	C	T	0.095	6.341084e+00	1.567194e+01	-1.216977e+02	2.652135e-02	1.000000e+05	6.896684e-01	3.970382e-01	4.095969e-01
8	8_817674	817674	3	A	G	0.143	-3.810377e+00	1.318763e+01	-1.220556e+02	1.736754e-02	1.000000e+05	7.753356e-01	9.686188e-01	9.689741e-01
8	8_818838	818838	3	G	A	0.429	-9.706088e+00	9.126886e+00	-1.214123e+02	5.062864e-03	1.000000e+05	2.991071e-01	2.563992e-01	2.748410e-01
8	8_847517	847517	0	A	G	0.167	2.452336e+00	1.160006e+01	-1.218975e+02	1.416974e-02	1.000000e+05	8.345157e-01	5.729813e-01	5.799274e-01
8	8_874822	874822	1	G	A	0.087	1.338552e+01	1.546039e+01	-1.219736e+02	1.000000e-05	1.000000e+05	3.959470e-01	6.841968e-01	6.886334e-01
8	8_874895	874895	3	T	C	0.143	3.535708e+00	1.317761e+01	-1.219839e+02	2.094304e-02	1.000000e+05	7.909592e-01	7.035191e-01	7.075885e-01
8	8_874992	874992	0	C	T	0.083	-1.329803e+01	1.541687e+01	-1.218876e+02	6.164678e-02	1.000000e+05	3.976828e-01	5.613262e-01	5.685787e-01
8	8_1083181	1083181	0	T	C	0.333	-1.139792e+01	8.872944e+00	-1.220166e+02	1.000000e-05	1.000000e+05	2.123045e-01	7.779012e-01	7.807143e-01
8	8_1161462	1161462	0	C	T	0.625	1.353040e+01	8.480772e+00	-1.216065e+02	1.000000e-05	1.000000e+05	1.248842e-01	3.428853e-01	3.575951e-01
8	8_1252135	1252135	1	T	C	0.435	-3.658997e+00	8.905527e+00	-1.220452e+02	1.326720e-02	1.000000e+05	6.851437e-01	8.811140e-01	8.825038e-01
8	8_1256218	1256218	0	G	A	0.333	-1.139792e+01	8.872944e+00	-1.220166e+02	1.000000e-05	1.000000e+05	2.123045e-01	7.779012e-01	7.807143e-01
8	8_1326133	1326133	0	A	G	0.208	3.112737e+00	1.062086e+01	-1.217244e+02	2.311778e-02	1.000000e+05	7.722095e-01	4.152104e-01	4.270897e-01
8	8_1326140	1326140	0	G	A	0.167	5.651399e+00	1.153272e+01	-1.211359e+02	3.879656e-02	1.000000e+05	6.289629e-01	1.748434e-01	1.967555e-01
8	8_1383765	1383765	0	A	G	0.417	-1.163218e+01	8.377200e+00	-1.191777e+02	7.295964e-02	1.000000e+05	1.788685e-01	1.642082e-02	3.388540e-02
9	9_5213	5213	3	G	C	0.238	-1.815914e+00	1.109156e+01	-1.220115e+02	2.591584e-02	1.000000e+05	8.714460e-01	7.646553e-01	7.676756e-01
9	9_6619	6619	1	C	T	0.304	2.103073e+01	8.511236e+00	-1.189866e+02	1.307453e-01	1.000000e+05	2.169874e-02	1.321888e-02	2.953726e-02
9	9_7470	7470	0	A	G	0.292	1.023071e+01	9.288229e+00	-1.219471e+02	1.000000e-05	1.000000e+05	2.825975e-01	6.401538e-01	6.454993e-01
9	9_7729	7729	1	C	T	0.435	8.726560e+00	8.665540e+00	-1.204841e+02	7.677769e-02	1.000000e+05	3.248632e-01	7.618871e-02	1.000797e-01
9	9_8171	8171	2	G	A	0.364	7.980499e+00	9.260929e+00	-1.220563e+02	1.000000e-05	1.000000e+05	3.981272e-01	9.918611e-01	9.919531e-01
9	9_10033	10033	1	C	T	0.174	-1.110208e+00	1.171031e+01	-1.218421e+02	3.038713e-02	1.000000e+05	9.253271e-01	5.127548e-01	5.213809e-01
9	9_49163	49163	0	A	G	0.250	-9.591382e+00	9.804277e+00	-1.220396e+02	1.000000e-05	1.000000e+05	3.385690e-01	8.549432e-01	8.566668e-01
9	9_220237	220237	2	A	G	0.091	-1.780164e+01	1.526582e+01	-1.211394e+02	8.726012e-02	1.000000e+05	2.560562e-01	1.756581e-01	1.975386e-01
9	9_220963	220963	1	C	T	0.174	-1.674105e+01	1.106367e+01	-1.211431e+02	3.692157e-02	1.000000e+05	1.444744e-01	1.765433e-01	1.983895e-01
9	9_272607	272607	0	A	G	0.333	-1.139792e+01	8.872944e+00	-1.220166e+02	1.000000e-05	1.000000e+05	2.123045e-01	7.779012e-01	7.807143e-01
9	9_338278	338278	1	A	G	0.348	-1.080187e+01	9.011733e+00	-1.220520e+02	1.000000e-05	1.000000e+05	2.434186e-01	9.255804e-01	9.264326e-01
9	9_491535	491535	0	A	G	0.333	-1.139792e+01	8.872944e+00	-1.220166e+02	1.000000e-05	1.000000e+05	2.123045e-01	7.779012e-01	7.807143e-01
9	9_534468	534468	0	C	T	0.333	-1.139792e+01	8.872944e+00	-1.220166e+02	1.000000e-05	1.000000e+05	2.123045e-01	7.779012e-01	7.807143e-01
9	9_705343	705343	1	G	A	0.261	1.049199e+00	1.008020e+01	-1.219739e+02	2.622292e-02	1.000000e+05	9.180449e-01	6.847768e-01	6.892021e-01
9	9_705571	705571	0	T	C	0.500	2.417326e-01	8.653880e+00	-1.220548e+02	2.093754e-02	1.000000e+05	9.779671e-01	9.550116e-01	9.555223e-01
9	9_706175	706175	2	G	A	0.318	7.995623e+00	9.574071e+00	-1.211831e+02	1.000000e-05	1.000000e+05	4.126207e-01	1.863130e-01	2.077712e-01
9	9_741562	741562	0	T	C	0.250	-9.591382e+00	9.804277e+00	-1.220396e+02	1.000000e-05	1.000000e+05	3.385690e-01	8.549432e-01	8.566668e-01
9	9_942229	942229	0	A	G	0.292	-9.731198e+00	9.312893e+00	-1.220007e+02	1.000000e-05	1.000000e+05	3.074075e-01	7.387392e-01	7.421846e-01
9	9_981209	981209	0	G	A	0.083	7.415839e-01	1.626648e+01	-1.219180e+02	5.082858e-02	1.000000e+05	9.640486e-01	5.989427e-01	6.052376e-01
9	9_1115286	1115286	0	G	A	0.500	1.762288e-01	8.649892e+00	-1.220563e+02	1.991256e-02	1.000000e+05	9.839291e-01	9.982986e-01	9.983179e-01
10	10_13558	13558	0	C	T	0.333	-1.139792e+01	8.872944e+00	-1.220166e+02	1.000000e-05	1.000000e+05	2.123045e-01	7.779012e-01	7.807143e-01
10	10_15220	15220	1	T	A	0.130	9.981033e-01	1.312185e+01	-1.220206e+02	2.233554e-02	1.000000e+05	9.400555e-01	7.892338e-01	7.918748e-01
10	10_15251	15251	2	G	A	0.091	-4.945782e+00	1.569840e+01	-1.218852e+02	1.095940e-02	1.000000e+05	7.556925e-01	5.585283e-01	5.658556e-01
10	10_15279	15279	1	A	G	0.261	-3.108319e-01	1.005952e+01	-1.220546e+02	1.913799e-02	1.000000e+05	9.756285e-01	9.533788e-01	9.539083e-01
10	10_15288	15288	2	C	T	0.227	-2.237486e+00	1.076385e+01	-1.220310e+02	2.269910e-02	1.000000e+05	8.372423e-01	8.218940e-01	8.240631e-01
10	10_15302	15302	2	T	C	0.318	-6.645645e+00	9.571202e+00	-1.217618e+02	3.168197e-02	1.000000e+05	4.947383e-01	4.427679e-01	4.536604e-01
10	10_15428	15428	1	C	G	0.130	-1.007320e+01	1.295101e+01	-1.220215e+02	1.377744e-02	1.000000e+05	4.449760e-01	7.917050e-01	7.943091e-01
10	10_15438	15438	0	G	A	0.125	-9.237065e+00	1.294217e+01	-1.220490e+02	1.190738e-02	1.000000e+05	4.829049e-01	9.033110e-01	9.044284e-01
10	10_15441	15441	1	A	G	0.130	-1.007320e+01	1.295101e+01	-1.220215e+02	1.377744e-02	1.000000e+05	4.449760e-01	7.917050e-01	7.943091e-01
10	10_15449	15449	1	C	T	0.087	-5.520060e+00	1.566494e+01	-1.220556e+02	1.092529e-02	1.000000e+05	7.279044e-01	9.688242e-01	9.691772e-01
10	10_15455	15455	0	C	T	0.083	-4.732575e+00	1.564701e+01	-1.220531e+02	1.184346e-02	1.000000e+05	7.651434e-01	9.361256e-01	9.368544e-01
10	10_15458	15458	0	G	A	0.083	-4.732575e+00	1.564701e+01	-1.220531e+02	1.184346e-02	1.000000e+05	7.651434e-01	9.361256e-01	9.368544e-01
10	10_15461	15461	0	T	C	0.083	-4.732575e+00	1.564701e+01	-1.220531e+02	1.184346e-02	1.000000e+05	7.651434e-01	9.361256e-01	9.368544e-01
10	10_15463	15463	0	A	T	0.083	-4.732575e+00	1.564701e+01	-1.220531e+02	1.184346e-02	1.000000e+05	7.651434e-01	9.361256e-01	9.368544e-01
10	10_15473	15473	0	C	T	0.083	-4.732575e+00	1.564701e+01	-1.220531e+02	1.184346e-02	1.000000e+05	7.651434e-01	9.361256e-01	9.368544e-01
10	10_17879	17879	0	T	C	0.333	3.143090e+00	9.190188e+00	-1.219035e+02	4.026687e-02	1.000000e+05	7.355927e-01	5.803087e-01	5.870667e-01
10	10_17897	17897	0	A	G	0.333	3.143090e+00	9.190188e+00	-1.219035e+02	4.026687e-02	1.000000e+05	7.355927e-01	5.803087e-01	5.870667e-01
10	10_18092	18092	1	A	G	0.522	-1.273219e+01	8.442496e+00	-1.213446e+02	1.000000e-05	1.000000e+05	1.457544e-01	2.328209e-01	2.523020e-01
10	10_18647	18647	3	C	T	0.381	-1.016991e+01	9.297272e+00	-1.217799e+02	1.000000e-05	1.000000e+05	2.858494e-01	4.571264e-01	4.675258e-01
10	10_18785	18785	0	G	A	0.375	-1.278818e+01	8.532846e+00	-1.212872e+02	1.000000e-05	1.000000e+05	1.481644e-01	2.148603e-01	2.351227e-01
10	10_18869	18869	0	A	G	0.500	-2.861112e+00	9.733560e+00	-1.213600e+02	1.142298e-01	1.000000e+05	7.715568e-01	2.379658e-01	2.572209e-01
10	10_18908	18908	0	G	A	0.292	4.907223e+00	9.483417e+00	-1.220142e+02	1.000000e-05	1.000000e+05	6.100040e-01	7.716618e-01	7.745717e-01
10	10_18915	18915	0	T	C	0.292	4.907223e+00	9.483417e+00	-1.220142e+02	1.000000e-05	1.000000e+05	6.100040e-01	7.716618e-01	7.745717e-01
10	10_18933	18933	0	A	G	0.292	-7.074428e+00	9.818750e+00	-1.211666e+02	1.135985e-01	1.000000e+05	4.788024e-01	1.822193e-01	2.038418e-01
10	10_18941	18941	2	T	C	0.318	-7.025291e+00	1.018214e+01	-1.210504e+02	1.257352e-01	1.000000e+05	4.974325e-01	1.560661e-01	1.786704e-01
10	10_18943	18943	1	G	A	0.348	-7.443694e-02	9.584615e+00	-1.217069e+02	4.387005e-02	1.000000e+05	9.938735e-01	4.031918e-01	4.155179e-01
10	10_18983	18983	2	C	T	0.227	-5.640472e+00	1.074147e+01	-1.215159e+02	1.000000e-05	1.000000e+05	6.047577e-01	2.984971e-01	3.150905e-01
10	10_19002	19002	0	C	T	0.583	7.889721e+00	8.634172e+00	-1.219028e+02	1.000000e-05	1.000000e+05	3.707397e-01	5.795342e-01	5.863119e-01
10	10_19004	19004	0	A	G	0.583	7.889721e+00	8.634172e+00	-1.219028e+02	1.000000e-05	1.000000e+05	3.707397e-01	5.795342e-01	5.863119e-01
10	10_19008	19008	0	T	C	0.292	-9.170139e+00	9.338710e+00	-1.220378e+02	1.000000e-05	1.000000e+05	3.368011e-01	8.474457e-01	8.492679e-01
10	10_19015	19015	0	G	A	0.583	7.889721e+00	8.634172e+00	-1.219028e+02	1.000000e-05	1.000000e+05	3.707397e-01	5.795342e-01	5.863119e-01
10	10_19031	19031	0	A	G	0.625	1.044684e+01	8.676636e+00	-1.217012e+02	1.000000e-05	1.000000e+05	2.413770e-01	3.993421e-01	4.118134e-01
10	10_19062	19062	1	A	G	0.304	-1.029484e+01	9.374248e+00	-1.220502e+02	1.000000e-05	1.000000e+05	2.839896e-01	9.120636e-01	9.130759e-01
10	10_19067	19067	1	T	A	0.565	8.594442e-01	1.022798e+01	-1.216291e+02	7.562051e-02	1.000000e+05	9.337935e-01	3.552822e-01	3.694838e-01
10	10_19151	19151	1	G	A	0.261	-5.939033e+00	1.000884e+01	-1.220044e+02	1.000000e-05	1.000000e+05	5.589793e-01	7.471964e-01	7.505000e-01
10	10_318276	318276	0	G	A	0.333	-1.197156e+01	8.838214e+00	-1.211616e+02	1.000000e-05	1.000000e+05	1.893188e-01	1.809848e-01	2.026563e-01
10	10_381155	381155	0	G	A	0.292	-9.731198e+00	9.312893e+00	-1.220007e+02	1.000000e-05	1.000000e+05	3.074075e-01	7.387392e-01	7.421846e-01
10	10_387430	387430	1	A	G	0.565	1.519576e+01	8.328419e+00	-1.205709e+02	1.000000e-05	1.000000e+05	8.167779e-02	8.477368e-02	1.087595e-01
10	10_474627	474627	0	A	G	0.333	-1.139792e+01	8.872944e+00	-1.220166e+02	1.000000e-05	1.000000e+05	2.123045e-01	7.779012e-01	7.807143e-01
10	10_583208	583208	1	A	G	0.348	-1.193608e+01	9.801606e+00	-1.208161e+02	2.043051e-01	1.000000e+05	2.362127e-01	1.152707e-01	1.390147e-01
10	10_584652	584652	0	G	T	0.333	-6.319357e+00	9.175432e+00	-1.211742e+02	7.180567e-02	1.000000e+05	4.981953e-01	1.840915e-01	2.056391e-01
10	10_612064	612064	0	A	G	0.208	-7.033643e+00	1.057268e+01	-1.217036e+02	1.000000e-05	1.000000e+05	5.127953e-01	4.009497e-01	4.133602e-01
10	10_724149	724149	0	G	A	0.208	3.190176e-01	1.064980e+01	-1.220559e+02	2.030075e-02	1.000000e+05	9.763728e-01	9.752263e-01	9.755065e-01
10	10_724150	724150	0	A	G	0.208	3.190176e-01	1.064980e+01	-1.220559e+02	2.030075e-02	1.000000e+05	9.763728e-01	9.752263e-01	9.755065e-01
10	10_969715	969715	0	T	C	0.292	-9.731198e+00	9.312893e+00	-1.220007e+02	1.000000e-05	1.000000e+05	3.074075e-01	7.387392e-01	7.421846e-01
10	10_989095	989095	0	G	A	0.333	-1.139792e+01	8.872944e+00	-1.220166e+02	1.000000e-05	1.000000e+05	2.123045e-01	7.779012e-01	7.807143e-01
11	11_9749	9749	1	A	G	0.174	1.646533e+01	1.120500e+01	-1.193970e+02	1.277570e-01	1.000000e+05	1.558634e-01	2.109875e-02	3.989599e-02
11	11_10019	10019	1	G	C	0.304	3.144420e+00	9.608428e+00	-1.220000e+02	5.665489e-03	1.000000e+05	7.465675e-01	7.372140e-01	7.406852e-01
11	11_10896	10896	0	C	G	0.125	-1.361403e+01	1.278745e+01	-1.212062e+02	1.000000e-05	1.000000e+05	2.985847e-01	1.922408e-01	2.134574e-01
11	11_10931	10931	0	T	A	0.167	-1.317958e+01	1.129200e+01	-1.209359e+02	1.000000e-05	1.000000e+05	2.556409e-01	1.343965e-01	1.576863e-01
11	11_10934	10934	0	G	T	0.208	-1.233548e+01	1.031481e+01	-1.205081e+02	1.797540e-02	1.000000e+05	2.444668e-01	7.846454e-02	1.023898e-01
11	11_104630	104630	0	A	G	0.125	2.115228e+00	1.313392e+01	-1.220551e+02	1.663580e-02	1.000000e+05	8.735232e-01	9.607068e-01	9.611523e-01
11	11_104688	104688	1	G	A	0.130	-1.669168e+01	1.282609e+01	-1.208168e+02	1.210447e-01	1.000000e+05	2.065911e-01	1.153665e-01	1.391087e-01
11	11_152800	152800	0	C	T	0.333	-1.139792e+01	8.872944e+00	-1.220166e+02	1.000000e-05	1.000000e+05	2.123045e-01	7.779012e-01	7.807143e-01
11	11_153063	153063	0	A	G	0.333	-1.139792e+01	8.872944e+00	-1.220166e+02	1.000000e-05	1.000000e+05	2.123045e-01	7.779012e-01	7.807143e-01
11	11_159356	159356	0	A	C	0.208	-7.033643e+00	1.057268e+01	-1.217036e+02	1.000000e-05	1.000000e+05	5.127953e-01	4.009497e-01	4.133602e-01
11	11_165295	165295	0	A	G	0.625	8.541957e+00	8.770888e+00	-1.220460e+02	1.000000e-05	1.000000e+05	3.406943e-01	8.858046e-01	8.871360e-01
11	11_236388	236388	0	A	G	0.333	-1.139792e+01	8.872944e+00	-1.220166e+02	1.000000e-05	1.000000e+05	2.123045e-01	7.779012e-01	7.807143e-01
11	11_384025	384025	0	T	C	0.167	1.360341e+00	1.160499e+01	-1.220550e+02	1.859756e-02	1.000000e+05	9.077490e-01	9.594172e-01	9.598774e-01
11	11_393213	393213	0	G	A	0.333	-1.139792e+01	8.872944e+00	-1.220166e+02	1.000000e-05	1.000000e+05	2.123045e-01	7.779012e-01	7.807143e-01
11	11_433361	433361	0	G	A	0.333	-1.139792e+01	8.872944e+00	-1.220166e+02	1.000000e-05	1.000000e+05	2.123045e-01	7.779012e-01	7.807143e-01
11	11_547884	547884	0	T	C	0.583	1.567339e+01	8.137095e+00	-1.204449e+02	1.000000e-05	1.000000e+05	6.710228e-02	7.261770e-02	9.644017e-02
11	11_548586	548586	0	C	T	0.333	-1.139792e+01	8.872944e+00	-1.220166e+02	1.000000e-05	1.000000e+05	2.123045e-01	7.779012e-01	7.807143e-01
11	11_621705	621705	0	A	C	0.333	-1.139792e+01	8.872944e+00	-1.220166e+02	1.000000e-05	1.000000e+05	2.123045e-01	7.779012e-01	7.807143e-01
11	11_674162	674162	0	C	A	0.333	-1.139792e+01	8.872944e+00	-1.220166e+02	1.000000e-05	1.000000e+05	2.123045e-01	7.779012e-01	7.807143e-01
11	11_804706	804706	2	A	G	0.364	-9.775247e+00	9.182316e+00	-1.215633e+02	1.000000e-05	1.000000e+05	2.986145e-01	3.207015e-01	3.363413e-01
11	11_804710	804710	6	C	T	0.333	-1.294527e+01	1.025771e+01	-1.214497e+02	1.000000e-05	1.000000e+05	2.201631e-01	2.706893e-01	2.885002e-01
11	11_804742	804742	1	G	A	0.304	1.171449e+01	9.297880e+00	-1.215300e+02	1.000000e-05	1.000000e+05	2.209036e-01	3.049031e-01	3.212194e-01
11	11_804763	804763	2	C	T	0.182	-4.129166e+00	1.166485e+01	-1.220143e+02	2.393305e-02	1.000000e+05	7.267212e-01	7.717380e-01	7.746467e-01
11	11_966513	966513	1	T	A	0.087	1.327967e+01	1.546455e+01	-1.217799e+02	1.000000e-05	1.000000e+05	3.997564e-01	4.571350e-01	4.675341e-01
11	11_966516	966516	0	C	T	0.083	1.202866e+01	1.547948e+01	-1.218499e+02	1.000000e-05	1.000000e+05	4.453925e-01	5.204856e-01	5.288824e-01
11	11_966519	966519	0	C	T	0.083	1.202866e+01	1.547948e+01	-1.218499e+02	1.000000e-05	1.000000e+05	4.453925e-01	5.204856e-01	5.288824e-01
11	11_966569	966569	1	C	G	0.087	1.327967e+01	1.546455e+01	-1.217799e+02	1.000000e-05	1.000000e+05	3.997564e-01	4.571350e-01	4.675341e-01
11	11_966644	966644	2	C	A	0.182	6.583371e+00	1.164531e+01	-1.219119e+02	8.137802e-03	1.000000e+05	5.775739e-01	5.909538e-01	5.974446e-01
11	11_966669	966669	2	C	T	0.364	-1.252762e+01	8.956027e+00	-1.212254e+02	5.015245e-02	1.000000e+05	1.758155e-01	1.973468e-01	2.183520e-01
11	11_966684	966684	2	C	T	0.500	-5.557913e+00	8.965929e+00	-1.220049e+02	4.412663e-02	1.000000e+05	5.416965e-01	7.483446e-01	7.516293e-01
11	11_966699	966699	1	T	C	0.304	-1.482644e+01	9.014188e+00	-1.208416e+02	7.129351e-02	1.000000e+05	1.142279e-01	1.190667e-01	1.427349e-01
11	11_966700	966700	1	G	A	0.304	-1.482644e+01	9.014188e+00	-1.208416e+02	7.129351e-02	1.000000e+05	1.142279e-01	1.190667e-01	1.427349e-01
11	11_966735	966735	1	A	C	0.174	1.404988e+00	1.171871e+01	-1.219424e+02	1.902919e-02	1.000000e+05	9.056562e-01	6.331020e-01	6.386029e-01
11	11_966738	966738	2	T	A	0.227	-1.313593e+01	1.038446e+01	-1.209485e+02	7.976595e-02	1.000000e+05	2.191212e-01	1.366094e-01	1.598363e-01
11	11_966756	966756	0	A	G	0.167	-1.123310e+01	1.133002e+01	-1.209735e+02	5.939681e-02	1.000000e+05	3.322480e-01	1.411162e-01	1.642096e-01
11	11_966757	966757	0	T	C	0.167	-1.123310e+01	1.133002e+01	-1.209735e+02	5.939681e-02	1.000000e+05	3.322480e-01	1.411162e-01	1.642096e-01
11	11_966771	966771	0	T	C	0.208	-1.395130e+01	1.020600e+01	-1.206629e+02	9.202258e-02	1.000000e+05	1.854416e-01	9.503368e-02	1.190246e-01
11	11_1272894	1272894	0	A	G	0.250	-9.591382e+00	9.804277e+00	-1.220396e+02	1.000000e-05	1.000000e+05	3.385690e-01	8.549432e-01	8.566668e-01
11	11_1301130	1301130	0	T	C	0.083	7.415839e-01	1.626648e+01	-1.219180e+02	5.082858e-02	1.000000e+05	9.640486e-01	5.989427e-01	6.052376e-01
11	11_1314578	1314578	0	G	C	0.333	-1.139792e+01	8.872944e+00	-1.220166e+02	1.000000e-05	1.000000e+05	2.123045e-01	7.779012e-01	7.807143e-01
11	11_1478119	1478119	0	A	G	0.417	-7.794168e+00	8.637897e+00	-1.215212e+02	1.000000e-05	1.000000e+05	3.766591e-01	3.008868e-01	3.173767e-01
11	11_1501898	1501898	0	G	T	0.250	-9.591382e+00	9.804277e+00	-1.220396e+02	1.000000e-05	1.000000e+05	3.385690e-01	8.549432e-01	8.566668e-01
11	11_1538971	1538971	0	T	C	0.292	-9.731198e+00	9.312893e+00	-1.220007e+02	1.000000e-05	1.000000e+05	3.074075e-01	7.387392e-01	7.421846e-01
12	12_11092	11092	0	A	G	0.458	1.248980e+01	8.286320e+00	-1.216388e+02	1.000000e-05	1.000000e+05	1.459651e-01	3.607813e-01	3.747603e-01
12	12_11094	11094	0	A	G	0.333	1.436648e+01	8.674584e+00	-1.215829e+02	1.000000e-05	1.000000e-05	1.118853e-01	3.305157e-01	4.878962e-01
12	12_11122	11122	0	C	G	0.458	1.834856e+01	7.774999e+00	-1.202849e+02	1.000000e-05	1.000000e-05	2.756368e-02	5.980129e-02	9.368870e-02
12	12_11170	11170	0	T	C	0.417	1.386692e+01	8.284693e+00	-1.215544e+02	1.000000e-05	1.000000e-05	1.083304e-01	3.163951e-01	4.393206e-01
12	12_11223	11223	0	G	C	0.208	-3.605274e+00	1.089800e+01	-1.206847e+02	6.917147e-02	1.000000e+05	7.439108e-01	9.765939e-02	1.216357e-01
12	12_11400	11400	0	A	C	0.292	1.137626e+01	9.227543e+00	-1.219940e+02	1.000000e-05	1.000000e+05	2.306406e-01	7.240757e-01	7.277741e-01
12	12_11406	11406	0	A	G	0.292	1.137626e+01	9.227543e+00	-1.219940e+02	1.000000e-05	1.000000e+05	2.306406e-01	7.240757e-01	7.277741e-01
12	12_11407	11407	0	C	A	0.292	1.137626e+01	9.227543e+00	-1.219940e+02	1.000000e-05	1.000000e+05	2.306406e-01	7.240757e-01	7.277741e-01
12	12_11410	11410	0	C	T	0.292	1.137626e+01	9.227543e+00	-1.219940e+02	1.000000e-05	1.000000e+05	2.306406e-01	7.240757e-01	7.277741e-01
12	12_11413	11413	1	T	G	0.304	1.284702e+01	9.229722e+00	-1.219408e+02	1.000000e-05	1.000000e+05	1.778604e-01	6.307741e-01	6.363270e-01
12	12_13625	13625	0	G	A	0.625	8.541957e+00	8.770888e+00	-1.220460e+02	1.000000e-05	1.000000e+05	3.406943e-01	8.858046e-01	8.871360e-01
12	12_13643	13643	0	G	A	0.625	8.541957e+00	8.770888e+00	-1.220460e+02	1.000000e-05	1.000000e+05	3.406943e-01	8.858046e-01	8.871360e-01
12	12_13645	13645	0	A	G	0.625	8.541957e+00	8.770888e+00	-1.220460e+02	1.000000e-05	1.000000e+05	3.406943e-01	8.858046e-01	8.871360e-01
12	12_13857	13857	1	A	G	0.174	7.107424e+00	1.200943e+01	-1.213986e+02	9.513347e-02	1.000000e+05	5.600041e-01	2.513948e-01	2.700577e-01
12	12_13936	13936	0	C	T	0.208	1.010534e+01	1.068842e+01	-1.208763e+02	1.122665e-01	1.000000e+05	3.546994e-01	1.244767e-01	1.480237e-01
12	12_13979	13979	3	T	C	0.238	9.742402e+00	1.092303e+01	-1.209773e+02	1.079843e-01	1.000000e+05	3.820909e-01	1.418203e-01	1.648922e-01
12	12_14009	14009	1	C	T	0.348	4.047775e+00	9.388009e+00	-1.216882e+02	6.317221e-02	1.000000e+05	6.705442e-01	3.908856e-01	4.036793e-01
12	12_14035	14035	1	C	T	0.435	2.816904e+00	8.915164e+00	-1.219020e+02	3.514147e-02	1.000000e+05	7.550051e-01	5.785256e-01	5.853291e-01
12	12_14096	14096	2	C	T	0.318	4.729731e+00	9.670070e+00	-1.215674e+02	7.138167e-03	1.000000e+05	6.296044e-01	3.227193e-01	3.382735e-01
12	12_14104	14104	2	C	T	0.318	5.287695e+00	9.659456e+00	-1.216663e+02	6.632118e-04	1.000000e+05	5.896070e-01	3.771077e-01	3.904368e-01
12	12_14114	14114	3	T	C	0.286	7.858576e+00	1.011504e+01	-1.210710e+02	7.085846e-03	1.000000e+05	4.454798e-01	1.603712e-01	1.828235e-01
12	12_14125	14125	1	A	G	0.174	1.912638e+01	1.095287e+01	-1.201251e+02	1.000000e-05	1.000000e+05	9.471908e-02	4.937906e-02	7.217080e-02
12	12_14197	14197	0	G	A	0.083	-1.653191e+01	1.526277e+01	-1.208402e+02	7.490698e-02	1.000000e+05	2.904699e-01	1.188641e-01	1.425364e-01
12	12_14202	14202	0	A	G	0.083	-1.653191e+01	1.526277e+01	-1.208402e+02	7.490698e-02	1.000000e+05	2.904699e-01	1.188641e-01	1.425364e-01
12	12_14301	14301	2	G	A	0.500	-7.447155e-01	9.042316e+00	-1.220459e+02	2.328396e-02	1.000000e+05	9.351060e-01	8.848515e-01	8.861947e-01
12	12_14318	14318	0	A	G	0.250	-3.415597e+00	9.973286e+00	-1.219468e+02	3.523624e-02	1.000000e+05	7.352442e-01	6.397353e-01	6.450900e-01
12	12_14635	14635	0	G	A	0.250	-1.129856e+01	9.721109e+00	-1.218246e+02	1.000000e-05	1.000000e+05	2.575793e-01	4.959906e-01	5.051283e-01
12	12_14741	14741	1	C	G	0.304	1.055891e+01	9.360579e+00	-1.217047e+02	1.000000e-05	1.000000e+05	2.714639e-01	4.016677e-01	4.140511e-01
12	12_14783	14783	2	A	G	0.091	9.873072e-01	1.571241e+01	-1.220536e+02	2.092379e-02	1.000000e+05	9.504644e-01	9.409340e-01	9.416069e-01
12	12_15014	15014	1	A	G	0.391	-7.750992e+00	8.890228e+00	-1.216060e+02	2.746801e-02	1.000000e+05	3.927030e-01	3.426071e-01	3.573284e-01
12	12_19728	19728	0	A	G	0.167	4.066741e+00	1.161391e+01	-1.220298e+02	3.755647e-02	1.000000e+05	7.295480e-01	8.176394e-01	8.198681e-01
12	12_19741	19741	0	C	T	0.250	1.883938e+00	1.002674e+01	-1.220193e+02	3.399673e-02	1.000000e+05	8.526841e-01	7.855143e-01	7.882112e-01
12	12_22806	22806	0	T	C	0.250	-9.591382e+00	9.804277e+00	-1.220396e+02	1.000000e-05	1.000000e+05	3.385690e-01	8.549432e-01	8.566668e-01
12	12_259454	259454	0	A	G	0.167	-1.531368e+01	1.116902e+01	-1.206175e+02	1.000000e-05	1.000000e+05	1.841736e-01	8.981469e-02	1.138162e-01
12	12_315987	315987	0	T	C	0.333	-1.139792e+01	8.872944e+00	-1.220166e+02	1.000000e-05	1.000000e+05	2.123045e-01	7.779012e-01	7.807143e-01
12	12_495113	495113	0	T	C	0.083	7.415839e-01	1.626648e+01	-1.219180e+02	5.082858e-02	1.000000e+05	9.640486e-01	5.989427e-01	6.052376e-01
12	12_502808	502808	2	A	G	0.455	-5.951764e+00	9.007637e+00	-1.220501e+02	1.000000e-05	1.000000e+05	5.156349e-01	9.107263e-01	9.117546e-01
12	12_502864	502864	2	T	C	0.409	9.222791e+00	9.000166e+00	-1.217669e+02	1.000000e-05	1.000000e+05	3.166242e-01	4.467381e-01	4.574928e-01
12	12_502865	502865	2	G	T	0.409	9.222791e+00	9.000166e+00	-1.217669e+02	1.000000e-05	1.000000e+05	3.166242e-01	4.467381e-01	4.574928e-01
12	12_502882	502882	3	G	A	0.381	-1.091586e+01	9.221450e+00	-1.202546e+02	6.676362e-02	1.000000e+05	2.491465e-01	5.766076e-02	8.095849e-02
12	12_502888	502888	0	G	A	0.458	-9.342592e+00	8.434192e+00	-1.203583e+02	6.420017e-02	1.000000e+05	2.799538e-01	6.535497e-02	8.897552e-02
12	12_502890	502890	3	G	A	0.381	-8.252424e+00	9.368272e+00	-1.206225e+02	7.276973e-02	1.000000e+05	3.878994e-01	9.037458e-02	1.143762e-01
12	12_502909	502909	0	C	T	0.458	6.359014e+00	8.655771e+00	-1.208585e+02	7.832799e-02	1.000000e+05	4.703080e-01	1.216741e-01	1.452857e-01
12	12_502926	502926	3	G	C	0.429	-1.425952e+00	9.341074e+00	-1.220370e+02	1.910973e-02	1.000000e+05	8.800626e-01	8.440416e-01	8.459089e-01
12	12_502937	502937	2	C	T	0.455	-7.579934e+00	8.951880e+00	-1.218943e+02	1.000000e-05	1.000000e+05	4.062558e-01	5.692074e-01	5.762518e-01
12	12_502942	502942	2	T	C	0.409	-6.006503e+00	9.117397e+00	-1.219890e+02	5.084809e-03	1.000000e+05	5.168633e-01	7.136440e-01	7.175283e-01
12	12_502956	502956	1	A	G	0.348	-2.346475e+00	9.264395e+00	-1.220498e+02	1.571776e-02	1.000000e+05	8.024045e-01	9.089510e-01	9.100005e-01
12	12_503049	503049	2	C	G	0.182	-7.525544e+00	1.157244e+01	-1.216793e+02	2.788192e-02	1.000000e+05	5.222328e-01	3.851760e-01	3.981901e-01
12	12_503112	503112	4	G	A	0.250	-1.123849e-01	1.093481e+01	-1.219877e+02	1.889453e-02	1.000000e+05	9.918923e-01	7.110241e-01	7.149559e-01
12	12_503171	503171	3	G	A	0.286	-7.686831e+00	1.007208e+01	-1.213066e+02	4.280410e-02	1.000000e+05	4.534616e-01	2.207362e-01	2.407447e-01
12	12_503254	503254	1	G	C	0.609	-7.398227e+00	8.963903e+00	-1.217696e+02	6.801020e-02	1.000000e+05	4.180412e-01	4.489056e-01	4.595855e-01
12	12_503293	503293	2	A	C	0.455	9.046032e+00	8.907225e+00	-1.215228e+02	7.501616e-02	1.000000e+05	3.208673e-01	3.016199e-01	3.180780e-01
12	12_503311	503311	2	C	A	0.545	-7.513774e+00	8.945986e+00	-1.214391e+02	5.785230e-02	1.000000e+05	4.099970e-01	2.665507e-01	2.845441e-01
12	12_503313	503313	2	T	A	0.545	-7.138647e+00	8.935603e+00	-1.215215e+02	4.267664e-02	1.000000e+05	4.328896e-01	3.010148e-01	3.174992e-01
12	12_503321	503321	2	C	T	0.500	-4.415362e+00	8.981675e+00	-1.218523e+02	2.361490e-02	1.000000e+05	6.278734e-01	5.229274e-01	5.312526e-01
12	12_503327	503327	1	A	C	0.435	-7.301167e-01	8.909948e+00	-1.220562e+02	1.850422e-02	1.000000e+05	9.354322e-01	9.870242e-01	9.871708e-01
12	12_503356	503356	0	A	C	0.333	2.615001e+00	9.154644e+00	-1.217688e+02	2.754723e-02	1.000000e+05	7.778204e-01	4.482253e-01	4.589286e-01
12	12_503357	503357	0	T	G	0.375	4.078590e-01	8.953329e+00	-1.217185e+02	2.479809e-02	1.000000e+05	9.640768e-01	4.110559e-01	4.230885e-01
12	12_503364	503364	0	T	C	0.333	3.134120e+00	9.147983e+00	-1.215759e+02	2.918331e-02	1.000000e+05	7.351494e-01	3.269870e-01	3.423608e-01
12	12_503366	503366	1	C	T	0.348	2.266305e+00	9.267501e+00	-1.216094e+02	2.925311e-02	1.000000e+05	8.090765e-01	3.444219e-01	3.590682e-01
12	12_503401	503401	0	A	G	0.292	2.837956e-02	9.542142e+00	-1.220548e+02	2.306305e-02	1.000000e+05	9.976538e-01	9.557243e-01	9.562268e-01
12	12_503416	503416	0	G	A	0.167	7.010552e+00	1.150317e+01	-1.216189e+02	2.516194e-02	1.000000e+05	5.484724e-01	3.496168e-01	3.640496e-01
12	12_503422	503422	0	T	G	0.125	4.208742e+00	1.304281e+01	-1.216527e+02	2.687712e-02	1.000000e+05	7.499791e-01	3.689450e-01	3.825970e-01
12	12_503453	503453	0	T	C	0.125	5.825704e+00	1.314471e+01	-1.212391e+02	6.004730e-02	1.000000e+05	6.619505e-01	2.010860e-01	2.219348e-01
12	12_537923	537923	0	G	A	0.417	-3.199704e+00	8.764367e+00	-1.220518e+02	1.270199e-02	1.000000e+05	7.185372e-01	9.244831e-01	9.253481e-01
12	12_704606	704606	0	A	G	0.250	-9.591382e+00	9.804277e+00	-1.220396e+02	1.000000e-05	1.000000e+05	3.385690e-01	8.549432e-01	8.566668e-01
13	13_11108	11108	0	C	T	0.125	2.783000e+01	1.158547e+01	-1.184406e+02	5.595379e-02	1.000000e+05	2.517949e-02	7.163975e-03	2.042416e-02
13	13_11118	11118	0	T	C	0.208	3.782173e+00	1.063507e+01	-1.220421e+02	1.030047e-02	1.000000e+05	7.255032e-01	8.659851e-01	8.675659e-01
13	13_11130	11130	0	A	G	0.208	-8.901510e+00	1.046514e+01	-1.206051e+02	5.814359e-02	1.000000e+05	4.041617e-01	8.844412e-02	1.124440e-01
13	13_52884	52884	0	A	G	0.167	-1.838278e+01	1.095649e+01	-1.205440e+02	1.000000e-05	1.000000e+05	1.075379e-01	8.200697e-02	1.059722e-01
13	13_111766	111766	0	G	A	0.333	-1.139792e+01	8.872944e+00	-1.220166e+02	1.000000e-05	1.000000e+05	2.123045e-01	7.779012e-01	7.807143e-01
13	13_128625	128625	6	A	G	0.444	-4.354384e+00	1.003454e+01	-1.219560e+02	1.000000e-05	1.000000e+05	6.685582e-01	6.541031e-01	6.591494e-01
13	13_128715	128715	3	G	A	0.333	-5.699818e+00	9.738891e+00	-1.220563e+02	8.487919e-03	1.000000e+05	5.643261e-01	9.982189e-01	9.982390e-01
13	13_128729	128729	3	G	A	0.286	-2.847450e+00	1.019792e+01	-1.220458e+02	1.980518e-02	1.000000e+05	7.826852e-01	8.844466e-01	8.857949e-01
13	13_162462	162462	0	A	G	0.167	-4.550753e+00	1.156700e+01	-1.220279e+02	2.482041e-02	1.000000e+05	6.977920e-01	8.115230e-01	8.138383e-01
13	13_219021	219021	3	C	T	0.190	-1.173661e+01	1.153805e+01	-1.216436e+02	1.000000e-05	1.000000e+05	3.201106e-01	3.635945e-01	3.774604e-01
13	13_219311	219311	0	A	T	0.208	-1.309187e+00	1.070732e+01	-1.218323e+02	1.970592e-02	1.000000e+05	9.037950e-01	5.032546e-01	5.121683e-01
13	13_219312	219312	0	A	G	0.167	-3.821445e+00	1.160632e+01	-1.220536e+02	1.401324e-02	1.000000e+05	7.450766e-01	9.413285e-01	9.419968e-01
13	13_365348	365348	0	T	C	0.625	8.541957e+00	8.770888e+00	-1.220460e+02	1.000000e-05	1.000000e+05	3.406943e-01	8.858046e-01	8.871360e-01
13	13_436539	436539	0	G	A	0.333	-1.139792e+01	8.872944e+00	-1.220166e+02	1.000000e-05	1.000000e+05	2.123045e-01	7.779012e-01	7.807143e-01
13	13_436551	436551	0	C	G	0.333	-1.139792e+01	8.872944e+00	-1.220166e+02	1.000000e-05	1.000000e+05	2.123045e-01	7.779012e-01	7.807143e-01
13	13_436554	436554	0	T	C	0.333	-1.139792e+01	8.872944e+00	-1.220166e+02	1.000000e-05	1.000000e+05	2.123045e-01	7.779012e-01	7.807143e-01
13	13_511459	511459	0	T	C	0.333	-1.139792e+01	8.872944e+00	-1.220166e+02	1.000000e-05	1.000000e+05	2.123045e-01	7.779012e-01	7.807143e-01
13	13_548791	548791	0	T	C	0.083	7.415839e-01	1.626648e+01	-1.219180e+02	5.082858e-02	1.000000e+05	9.640486e-01	5.989427e-01	6.052376e-01
13	13_655915	655915	0	A	G	0.417	8.978999e+00	8.556118e+00	-1.216126e+02	1.614585e-02	1.000000e+05	3.053750e-01	3.461688e-01	3.607431e-01
13	13_723038	723038	0	G	A	0.292	-9.731198e+00	9.312893e+00	-1.220007e+02	1.000000e-05	1.000000e+05	3.074075e-01	7.387392e-01	7.421846e-01
13	13_742766	742766	3	G	A	0.238	-1.082925e+01	1.059579e+01	-1.208104e+02	2.591744e-02	1.000000e+05	3.178731e-01	1.144282e-01	1.381879e-01
13	13_742771	742771	0	C	A	0.292	-3.421927e+00	9.498738e+00	-1.218355e+02	1.572043e-02	1.000000e+05	7.220952e-01	5.063349e-01	5.151546e-01
13	13_746053	746053	0	G	A	0.083	1.743303e+00	1.589108e+01	-1.214482e+02	4.166308e-02	1.000000e+05	9.136393e-01	2.700744e-01	2.879124e-01
13	13_748576	748576	0	C	G	0.333	-1.139792e+01	8.872944e+00	-1.220166e+02	1.000000e-05	1.000000e+05	2.123045e-01	7.779012e-01	7.807143e-01
14	14_23327	23327	0	C	T	0.333	-1.139792e+01	8.872944e+00	-1.220166e+02	1.000000e-05	1.000000e+05	2.123045e-01	7.779012e-01	7.807143e-01
14	14_68046	68046	0	A	G	0.333	-1.139792e+01	8.872944e+00	-1.220166e+02	1.000000e-05	1.000000e+05	2.123045e-01	7.779012e-01	7.807143e-01
14	14_149196	149196	0	A	G	0.083	7.415839e-01	1.626648e+01	-1.219180e+02	5.082858e-02	1.000000e+05	9.640486e-01	5.989427e-01	6.052376e-01
14	14_155590	155590	0	T	C	0.208	-9.877847e+00	1.046855e+01	-1.216007e+02	1.000000e-05	1.000000e+05	3.556356e-01	3.397501e-01	3.545898e-01
14	14_231768	231768	0	A	G	0.083	7.415839e-01	1.626648e+01	-1.219180e+02	5.082858e-02	1.000000e+05	9.640486e-01	5.989427e-01	6.052376e-01
14	14_271762	271762	0	T	C	0.333	-1.139792e+01	8.872944e+00	-1.220166e+02	1.000000e-05	1.000000e+05	2.123045e-01	7.779012e-01	7.807143e-01
14	14_342562	342562	0	T	G	0.625	-1.137790e+01	8.586980e+00	-1.207746e+02	4.556056e-02	1.000000e+05	1.987635e-01	1.093577e-01	1.332031e-01
14	14_351837	351837	0	G	T	0.083	-4.309160e+00	1.577121e+01	-1.217867e+02	1.201987e-02	1.000000e+05	7.872253e-01	4.627409e-01	4.729514e-01
14	14_383626	383626	0	A	G	0.583	1.567339e+01	8.137095e+00	-1.204449e+02	1.000000e-05	1.000000e+05	6.710228e-02	7.261770e-02	9.644017e-02
14	14_555698	555698	0	G	A	0.333	-1.139792e+01	8.872944e+00	-1.220166e+02	1.000000e-05	1.000000e+05	2.123045e-01	7.779012e-01	7.807143e-01
14	14_558889	558889	0	T	C	0.333	-1.139792e+01	8.872944e+00	-1.220166e+02	1.000000e-05	1.000000e+05	2.123045e-01	7.779012e-01	7.807143e-01
14	14_612687	612687	0	T	C	0.292	-9.731198e+00	9.312893e+00	-1.220007e+02	1.000000e-05	1.000000e+05	3.074075e-01	7.387392e-01	7.421846e-01
14	14_618816	618816	0	G	T	0.333	-1.139792e+01	8.872944e+00	-1.220166e+02	1.000000e-05	1.000000e+05	2.123045e-01	7.779012e-01	7.807143e-01
14	14_716719	716719	0	T	C	0.333	-1.139792e+01	8.872944e+00	-1.220166e+02	1.000000e-05	1.000000e+05	2.123045e-01	7.779012e-01	7.807143e-01
14	14_773166	773166	0	T	C	0.208	-7.033643e+00	1.057268e+01	-1.217036e+02	1.000000e-05	1.000000e+05	5.127953e-01	4.009497e-01	4.133602e-01
14	14_852745	852745	0	T	G	0.583	1.567339e+01	8.137095e+00	-1.204449e+02	1.000000e-05	1.000000e+05	6.710228e-02	7.261770e-02	9.644017e-02
14	14_908850	908850	0	A	G	0.583	-3.479677e+00	8.742315e+00	-1.218351e+02	2.513402e-02	1.000000e+05	6.944465e-01	5.059728e-01	5.148035e-01
14	14_908994	908994	1	C	T	0.130	-4.507841e+00	1.308046e+01	-1.220563e+02	1.870660e-02	1.000000e+05	7.336497e-01	9.922395e-01	9.923271e-01
14	14_909011	909011	1	T	C	0.130	-4.507841e+00	1.308046e+01	-1.220563e+02	1.870660e-02	1.000000e+05	7.336497e-01	9.922395e-01	9.923271e-01
14	14_909450	909450	0	G	T	0.208	-1.804493e+01	9.879013e+00	-1.201200e+02	1.099899e-01	1.000000e+05	8.136239e-02	4.908075e-02	7.185061e-02
14	14_909472	909472	1	G	T	0.304	-1.247244e+01	9.191404e+00	-1.204393e+02	6.553394e-02	1.000000e+05	1.885521e-01	7.212246e-02	9.593392e-02
14	14_909504	909504	2	T	G	0.273	-1.288520e+01	9.841130e+00	-1.196759e+02	1.260299e-01	1.000000e+05	2.039361e-01	2.911431e-02	4.957685e-02
14	14_909638	909638	1	T	C	0.696	-6.418513e+00	9.542484e+00	-1.220096e+02	4.526895e-02	1.000000e+05	5.081898e-01	7.598736e-01	7.629703e-01
14	14_909661	909661	0	A	G	0.667	8.760980e+00	9.007752e+00	-1.208981e+02	1.000000e-05	1.000000e+05	3.413231e-01	1.280065e-01	1.514668e-01
14	14_909704	909704	0	A	G	0.583	-4.032719e+00	8.734260e+00	-1.219724e+02	3.322286e-02	1.000000e+05	6.488203e-01	6.820723e-01	6.865504e-01
14	14_910040	910040	2	A	G	0.409	-1.175736e+01	8.852200e+00	-1.214816e+02	1.528029e-02	1.000000e+05	1.977322e-01	2.836578e-01	3.008985e-01
14	14_910103	910103	1	A	G	0.435	-6.549349e+00	8.813798e+00	-1.220391e+02	1.602242e-02	1.000000e+05	4.652955e-01	8.525156e-01	8.542709e-01
14	14_910152	910152	1	A	G	0.348	-1.039786e+01	9.022010e+00	-1.218675e+02	1.626476e-02	1.000000e+05	2.614856e-01	5.388449e-01	5.467134e-01
14	14_910181	910181	1	G	A	0.391	-5.765369e+00	8.994676e+00	-1.219641e+02	2.641752e-02	1.000000e+05	5.281597e-01	6.674893e-01	6.722585e-01
14	14_910258	910258	1	G	T	0.435	9.127520e+00	8.721690e+00	-1.216806e+02	1.000000e-05	1.000000e+05	3.066785e-01	3.860120e-01	3.989936e-01
14	14_910323	910323	1	T	C	0.348	5.832685e+00	9.214608e+00	-1.219783e+02	6.365442e-03	1.000000e+05	5.332702e-01	6.927887e-01	6.970598e-01
14	14_910328	910328	1	G	A	0.391	9.185562e+00	8.863079e+00	-1.218697e+02	1.000000e-05	1.000000e+05	3.112806e-01	5.411907e-01	5.489933e-01
14	14_910510	910510	1	A	G	0.391	-1.035687e+01	8.752970e+00	-1.207327e+02	4.360788e-02	1.000000e+05	2.493427e-01	1.037229e-01	1.276440e-01
14	14_910555	910555	1	C	T	0.348	-5.910268e+00	9.190919e+00	-1.218464e+02	1.878940e-02	1.000000e+05	5.268346e-01	5.170299e-01	5.255287e-01
14	14_910742	910742	0	A	G	0.250	2.881846e+00	9.986501e+00	-1.220370e+02	1.289007e-02	1.000000e+05	7.756088e-01	8.442522e-01	8.461167e-01
14	14_910822	910822	0	G	A	0.208	3.516920e-01	1.064995e+01	-1.220556e+02	2.042046e-02	1.000000e+05	9.739541e-01	9.693437e-01	9.696908e-01
14	14_910834	910834	1	T	A	0.130	8.813658e+00	1.306714e+01	-1.216265e+02	6.784521e-02	1.000000e+05	5.070262e-01	3.538000e-01	3.680619e-01
14	14_910926	910926	3	G	A	0.381	-4.298939e+00	9.481244e+00	-1.220183e+02	1.540495e-02	1.000000e+05	6.546905e-01	7.825505e-01	7.852924e-01
14	14_910939	910939	3	C	A	0.524	-4.949866e+00	9.162840e+00	-1.214553e+02	3.817037e-02	1.000000e+05	5.944787e-01	2.729159e-01	2.906286e-01
14	14_910964	910964	1	G	A	0.478	8.048224e-01	8.869822e+00	-1.218935e+02	2.094395e-02	1.000000e+05	9.285225e-01	5.682558e-01	5.753251e-01
14	14_910966	910966	0	T	C	0.458	1.250323e+00	8.694890e+00	-1.217707e+02	1.933688e-02	1.000000e+05	8.869677e-01	4.497357e-01	4.603871e-01
14	14_910979	910979	1	A	G	0.478	-8.857145e+00	8.664792e+00	-1.206073e+02	1.000000e-05	1.000000e+05	3.177962e-01	8.868880e-02	1.126891e-01
14	14_911099	911099	2	A	G	0.455	5.396432e+00	8.989295e+00	-1.211799e+02	2.659279e-02	1.000000e+05	5.544288e-01	1.855266e-01	2.070165e-01
14	14_911129	911129	0	T	C	0.542	8.614808e+00	8.548861e+00	-1.202617e+02	9.428738e-02	1.000000e+05	3.245474e-01	5.815274e-02	8.147496e-02
14	14_911206	911206	0	G	A	0.375	-7.755872e+00	8.803759e+00	-1.220327e+02	1.000000e-05	1.000000e+05	3.878559e-01	8.278384e-01	8.299252e-01
14	14_911262	911262	1	A	C	0.348	-1.573930e+00	9.652281e+00	-1.217090e+02	3.358937e-02	1.000000e+05	8.719575e-01	4.045834e-01	4.168572e-01
14	14_911292	911292	2	A	G	0.318	-5.878051e+00	9.643576e+00	-1.220443e+02	1.000000e-05	1.000000e+05	5.484171e-01	8.765443e-01	8.779913e-01
14	14_911297	911297	3	A	C	0.333	-4.175004e+00	9.796792e+00	-1.219678e+02	1.701853e-03	1.000000e+05	6.741317e-01	6.738310e-01	6.784723e-01
14	14_911308	911308	0	C	T	0.292	-5.441468e+00	9.470168e+00	-1.219962e+02	1.000000e-05	1.000000e+05	5.713978e-01	7.287041e-01	7.323217e-01
14	14_911314	911314	0	A	G	0.167	2.209254e+00	1.160815e+01	-1.220298e+02	2.813121e-02	1.000000e+05	8.508043e-01	8.179366e-01	8.201611e-01
14	14_911321	911321	2	G	A	0.273	4.437144e+00	1.016051e+01	-1.219231e+02	4.965487e-02	1.000000e+05	6.665817e-01	6.057261e-01	6.118578e-01
14	14_911352	911352	3	G	A	0.381	6.510627e+00	9.428266e+00	-1.220493e+02	7.436538e-03	1.000000e+05	4.970741e-01	9.053496e-01	9.064424e-01
14	14_911375	911375	1	G	A	0.391	-5.041572e+00	9.013009e+00	-1.219726e+02	1.000000e-05	1.000000e+05	5.815624e-01	6.823775e-01	6.868497e-01
14	14_911385	911385	1	G	A	0.478	-5.761823e+00	8.782724e+00	-1.219850e+02	1.000000e-05	1.000000e+05	5.186011e-01	7.056991e-01	7.097283e-01
14	14_911414	911414	3	G	A	0.238	5.776934e+00	1.076828e+01	-1.219166e+02	3.186853e-02	1.000000e+05	5.970127e-01	5.970254e-01	6.033670e-01
14	14_924025	924025	0	T	C	0.417	1.961422e+01	7.738815e+00	-1.199186e+02	1.000000e-05	1.000000e-05	1.888435e-02	3.866676e-02	1.011939e-01
14	14_924047	924047	0	C	A	0.500	1.452626e+01	8.101561e+00	-1.213561e+02	1.000000e-05	1.000000e-05	8.673096e-02	2.366478e-01	3.294238e-01
14	14_924049	924049	0	T	A	0.500	1.452626e+01	8.101561e+00	-1.213561e+02	1.000000e-05	1.000000e-05	8.673096e-02	2.366478e-01	3.294238e-01
14	14_924050	924050	0	C	G	0.500	1.452626e+01	8.101561e+00	-1.213561e+02	1.000000e-05	1.000000e-05	8.673096e-02	2.366478e-01	3.294238e-01
14	14_924059	924059	0	T	C	0.458	-1.205675e+01	8.315382e+00	-1.218977e+02	1.000000e-05	1.000000e-05	1.611848e-01	5.731923e-01	6.918709e-01
14	14_924128	924128	0	G	A	0.333	-1.191930e+01	8.841556e+00	-1.215047e+02	1.000000e-05	1.000000e+05	1.913439e-01	2.935324e-01	3.103417e-01
14	14_924776	924776	0	A	G	0.375	-1.353025e+01	8.480681e+00	-1.215242e+02	1.000000e-05	1.000000e+05	1.248844e-01	3.022412e-01	3.186725e-01
14	14_924866	924866	0	G	A	0.292	6.323936e+00	9.445218e+00	-1.219013e+02	1.000000e-05	1.000000e+05	5.101186e-01	5.775860e-01	5.844135e-01
14	14_925085	925085	0	G	A	0.125	-1.750730e+01	1.257026e+01	-1.211214e+02	1.000000e-05	1.000000e+05	1.776103e-01	1.714881e-01	1.935290e-01
