chr	rs	ps	n_miss	allele1	allele0	af	beta	se	logl_H1	l_remle	l_mle	p_wald	p_lrt	p_score
1	1_44747	44747	1	C	G	0.265	3.710689e+06	5.475559e+06	-6.490169e+02	1.000000e-05	1.000000e-05	5.026973e-01	4.867384e-01	4.930904e-01
1	1_44753	44753	2	G	A	0.273	3.289655e+06	5.514193e+06	-6.490710e+02	1.000000e-05	1.000000e-05	5.548590e-01	5.400450e-01	5.453166e-01
1	1_44785	44785	2	G	A	0.152	7.822896e+06	6.750107e+06	-6.485606e+02	1.000000e-05	1.000000e-05	2.548029e-01	2.373454e-01	2.503976e-01
1	1_47564	47564	0	G	A	0.400	-1.258988e+06	4.888838e+06	-6.492236e+02	1.000000e-05	1.000000e-05	7.983742e-01	7.909488e-01	7.926992e-01
1	1_47575	47575	1	G	A	0.412	-1.115527e+06	4.938634e+06	-6.492317e+02	1.000000e-05	1.000000e-05	8.226898e-01	8.161250e-01	8.176303e-01
1	1_47671	47671	2	G	A	0.455	-6.123015e+06	4.842650e+06	-6.484309e+02	1.000000e-05	1.000000e-05	2.149464e-01	1.981727e-01	2.123676e-01
1	1_47684	47684	3	C	G	0.469	-5.521398e+06	4.931628e+06	-6.486064e+02	1.000000e-05	1.000000e-05	2.709718e-01	2.533344e-01	2.659078e-01
1	1_47686	47686	3	A	G	0.469	-5.521398e+06	4.931628e+06	-6.486064e+02	1.000000e-05	1.000000e-05	2.709718e-01	2.533344e-01	2.659078e-01
1	1_101060	101060	0	T	C	0.171	1.054330e+07	6.090870e+06	-6.477378e+02	1.000000e-05	1.000000e-05	9.279342e-02	8.114289e-02	9.723987e-02
1	1_170985	170985	0	A	G	0.143	1.220063e+07	6.513900e+06	-6.474908e+02	1.000000e-05	1.000000e-05	6.994741e-02	6.004964e-02	7.569774e-02
1	1_291990	291990	1	T	G	0.441	1.698761e+05	6.789028e+06	-6.492424e+02	7.987001e-02	1.000000e-05	9.801880e-01	8.565536e-01	8.576921e-01
1	1_309593	309593	4	A	G	0.387	5.726549e+06	5.134024e+06	-6.486111e+02	1.000000e-05	1.000000e-05	2.727312e-01	2.550773e-01	2.675984e-01
1	1_363954	363954	0	A	G	0.286	3.120038e+06	5.279303e+06	-6.490745e+02	1.000000e-05	1.000000e-05	5.585507e-01	5.438253e-01	5.490254e-01
1	1_477160	477160	0	A	C	0.200	-2.905696e+06	5.972228e+06	-6.491337e+02	1.000000e-05	1.000000e-05	6.298039e-01	6.169580e-01	6.208989e-01
1	1_606536	606536	0	A	G	0.143	1.220063e+07	6.513900e+06	-6.474908e+02	1.000000e-05	1.000000e-05	6.994741e-02	6.004964e-02	7.569774e-02
1	1_743295	743295	0	T	C	0.143	1.220063e+07	6.513900e+06	-6.474908e+02	1.000000e-05	1.000000e-05	6.994741e-02	6.004964e-02	7.569774e-02
1	1_807596	807596	0	T	C	0.171	1.054330e+07	6.090870e+06	-6.477378e+02	1.000000e-05	1.000000e-05	9.279342e-02	8.114289e-02	9.723987e-02
1	1_927896	927896	1	C	T	0.265	3.353589e+06	5.482742e+06	-6.490615e+02	1.000000e-05	1.000000e-05	5.449521e-01	5.299051e-01	5.353719e-01
1	1_927901	927901	1	C	A	0.265	3.353589e+06	5.482742e+06	-6.490615e+02	1.000000e-05	1.000000e-05	5.449521e-01	5.299051e-01	5.353719e-01
1	1_944973	944973	0	G	C	0.429	4.113088e+05	6.776408e+06	-6.492364e+02	8.176871e-02	1.000000e-05	9.519665e-01	8.323922e-01	8.337462e-01
1	1_971811	971811	4	G	T	0.129	-8.710630e+06	7.446052e+06	-6.485477e+02	1.000000e-05	1.000000e-05	2.504484e-01	2.330485e-01	2.462287e-01
1	1_975012	975012	0	C	T	0.086	-1.317872e+06	8.560976e+06	-6.492462e+02	1.000000e-05	1.000000e-05	8.785951e-01	8.740572e-01	8.750455e-01
1	1_975152	975152	4	T	C	0.290	-3.142998e+05	5.611885e+06	-6.492571e+02	1.000000e-05	1.000000e-05	9.556747e-01	9.540060e-01	9.543549e-01
1	1_975212	975212	0	C	T	0.400	-2.564054e+06	4.873346e+06	-6.491126e+02	1.000000e-05	1.000000e-05	6.023105e-01	5.887032e-01	5.931031e-01
1	1_975397	975397	2	T	C	0.424	3.512577e+06	4.958142e+06	-6.489946e+02	1.000000e-05	1.000000e-05	4.836429e-01	4.673197e-01	4.740992e-01
1	1_975445	975445	2	T	C	0.303	8.425571e+06	5.168384e+06	-6.479033e+02	1.000000e-05	1.000000e-05	1.125658e-01	9.966391e-02	1.158087e-01
1	1_975457	975457	2	A	G	0.333	-3.152919e+06	5.208745e+06	-6.490655e+02	1.000000e-05	1.000000e-05	5.491118e-01	5.341618e-01	5.395461e-01
1	1_975510	975510	2	T	C	0.152	-5.485575e+06	6.819583e+06	-6.489190e+02	1.000000e-05	1.000000e-05	4.269314e-01	4.097211e-01	4.178757e-01
1	1_1065714	1065714	0	G	A	0.286	3.120038e+06	5.279303e+06	-6.490745e+02	1.000000e-05	1.000000e-05	5.585507e-01	5.438253e-01	5.490254e-01
1	1_1317098	1317098	0	T	C	0.543	-5.022188e+05	5.104875e+06	-6.492495e+02	1.124474e-02	1.000000e-05	9.222255e-01	8.916486e-01	8.924903e-01
1	1_1354376	1354376	0	A	G	0.429	4.113088e+05	6.776408e+06	-6.492364e+02	8.176871e-02	1.000000e-05	9.519665e-01	8.323922e-01	8.337462e-01
1	1_1471243	1471243	0	T	C	0.429	4.113088e+05	6.776408e+06	-6.492364e+02	8.176871e-02	1.000000e-05	9.519665e-01	8.323922e-01	8.337462e-01
1	1_1509932	1509932	0	A	C	0.371	6.563594e+05	4.960669e+06	-6.492084e+02	1.000000e-05	1.000000e+05	8.955404e-01	7.509083e-01	8.924694e-01
1	1_1509935	1509935	0	G	C	0.371	6.563594e+05	4.960669e+06	-6.492084e+02	1.000000e-05	1.000000e+05	8.955404e-01	7.509083e-01	8.924694e-01
1	1_1509940	1509940	0	G	C	0.371	6.563594e+05	4.960669e+06	-6.492084e+02	1.000000e-05	1.000000e+05	8.955404e-01	7.509083e-01	8.924694e-01
1	1_1581524	1581524	1	A	G	0.206	4.787180e+06	5.957771e+06	-6.489197e+02	1.000000e-05	1.000000e-05	4.274251e-01	4.102212e-01	4.183631e-01
1	1_1583615	1583615	0	C	T	0.429	4.113088e+05	6.776408e+06	-6.492364e+02	8.176871e-02	1.000000e-05	9.519665e-01	8.323922e-01	8.337462e-01
1	1_1943622	1943622	0	G	A	0.429	4.113088e+05	6.776408e+06	-6.492364e+02	8.176871e-02	1.000000e-05	9.519665e-01	8.323922e-01	8.337462e-01
1	1_2108016	2108016	0	G	C	0.371	6.563594e+05	4.960669e+06	-6.492084e+02	1.000000e-05	1.000000e+05	8.955404e-01	7.509083e-01	8.924694e-01
1	1_2194658	2194658	0	A	G	0.143	1.220063e+07	6.513900e+06	-6.474908e+02	1.000000e-05	1.000000e-05	6.994741e-02	6.004964e-02	7.569774e-02
1	1_2205937	2205937	0	G	C	0.429	4.113088e+05	6.776408e+06	-6.492364e+02	8.176871e-02	1.000000e-05	9.519665e-01	8.323922e-01	8.337462e-01
2	2_71426	71426	0	T	C	0.429	4.113088e+05	6.776408e+06	-6.492364e+02	8.176871e-02	1.000000e-05	9.519665e-01	8.323922e-01	8.337462e-01
2	2_140257	140257	0	G	A	0.429	4.113088e+05	6.776408e+06	-6.492364e+02	8.176871e-02	1.000000e-05	9.519665e-01	8.323922e-01	8.337462e-01
2	2_150696	150696	0	T	C	0.429	4.113088e+05	6.776408e+06	-6.492364e+02	8.176871e-02	1.000000e-05	9.519665e-01	8.323922e-01	8.337462e-01
2	2_270700	270700	2	T	C	0.364	-3.190422e+06	5.102475e+06	-6.490527e+02	1.000000e-05	1.000000e-05	5.360945e-01	5.208451e-01	5.264904e-01
2	2_270799	270799	6	A	G	0.138	-8.668474e+06	7.487488e+06	-6.485395e+02	1.000000e-05	1.000000e+05	2.552860e-01	2.303809e-01	2.508603e-01
2	2_270855	270855	2	G	A	0.485	-4.470026e+06	4.878650e+06	-6.482730e+02	1.000000e-05	1.000000e+05	3.661873e-01	1.602947e-01	3.581967e-01
2	2_270969	270969	1	T	G	0.412	-2.339325e+06	4.925637e+06	-6.491396e+02	1.000000e-05	1.000000e-05	6.379663e-01	6.253545e-01	6.291654e-01
2	2_270970	270970	1	T	A	0.412	-2.339325e+06	4.925637e+06	-6.491396e+02	1.000000e-05	1.000000e-05	6.379663e-01	6.253545e-01	6.291654e-01
2	2_270971	270971	1	C	A	0.412	-2.339325e+06	4.925637e+06	-6.491396e+02	1.000000e-05	1.000000e-05	6.379663e-01	6.253545e-01	6.291654e-01
2	2_270994	270994	1	A	G	0.500	-4.383200e+06	4.804669e+06	-6.487207e+02	1.000000e-05	1.000000e+05	3.682384e-01	2.995797e-01	3.602021e-01
2	2_294465	294465	1	G	A	0.147	-3.558611e+06	6.840104e+06	-6.491158e+02	1.000000e-05	1.000000e-05	6.063576e-01	5.928597e-01	5.971900e-01
2	2_508674	508674	0	G	A	0.429	4.113088e+05	6.776408e+06	-6.492364e+02	8.176871e-02	1.000000e-05	9.519665e-01	8.323922e-01	8.337462e-01
2	2_595266	595266	0	A	G	0.429	4.113088e+05	6.776408e+06	-6.492364e+02	8.176871e-02	1.000000e-05	9.519665e-01	8.323922e-01	8.337462e-01
2	2_697983	697983	0	A	G	0.514	-6.927257e+05	4.795556e+06	-6.492477e+02	1.000000e-05	1.000000e-05	8.860225e-01	8.817580e-01	8.826816e-01
2	2_746031	746031	0	G	A	0.086	-4.628972e+06	8.526109e+06	-6.491031e+02	1.000000e-05	1.000000e-05	5.908352e-01	5.769230e-01	5.815244e-01
2	2_774357	774357	0	A	C	0.429	4.113088e+05	6.776408e+06	-6.492364e+02	8.176871e-02	1.000000e-05	9.519665e-01	8.323922e-01	8.337462e-01
2	2_820645	820645	0	T	A	0.429	4.113088e+05	6.776408e+06	-6.492364e+02	8.176871e-02	1.000000e-05	9.519665e-01	8.323922e-01	8.337462e-01
2	2_963693	963693	0	T	G	0.371	6.563594e+05	4.960669e+06	-6.492084e+02	1.000000e-05	1.000000e+05	8.955404e-01	7.509083e-01	8.924694e-01
2	2_983795	983795	0	G	C	0.514	-6.927257e+05	4.795556e+06	-6.492477e+02	1.000000e-05	1.000000e-05	8.860225e-01	8.817580e-01	8.826816e-01
2	2_1088064	1088064	0	T	C	0.143	1.220063e+07	6.513900e+06	-6.474908e+02	1.000000e-05	1.000000e-05	6.994741e-02	6.004964e-02	7.569774e-02
2	2_1162362	1162362	0	G	C	0.429	4.113088e+05	6.776408e+06	-6.492364e+02	8.176871e-02	1.000000e-05	9.519665e-01	8.323922e-01	8.337462e-01
2	2_1225303	1225303	0	A	G	0.514	-6.927257e+05	4.795556e+06	-6.492477e+02	1.000000e-05	1.000000e-05	8.860225e-01	8.817580e-01	8.826816e-01
2	2_1406556	1406556	0	G	A	0.429	4.113088e+05	6.776408e+06	-6.492364e+02	8.176871e-02	1.000000e-05	9.519665e-01	8.323922e-01	8.337462e-01
2	2_1519281	1519281	0	T	C	0.429	4.113088e+05	6.776408e+06	-6.492364e+02	8.176871e-02	1.000000e-05	9.519665e-01	8.323922e-01	8.337462e-01
3	3_10892	10892	1	C	G	0.088	-3.012910e+06	8.559826e+06	-6.491932e+02	1.000000e-05	1.000000e-05	7.270892e-01	7.172382e-01	7.197981e-01
3	3_61845	61845	0	G	T	0.429	4.113088e+05	6.776408e+06	-6.492364e+02	8.176871e-02	1.000000e-05	9.519665e-01	8.323922e-01	8.337462e-01
3	3_83036	83036	0	T	C	0.429	4.113088e+05	6.776408e+06	-6.492364e+02	8.176871e-02	1.000000e-05	9.519665e-01	8.323922e-01	8.337462e-01
3	3_84476	84476	0	T	C	0.400	2.335467e+06	4.877111e+06	-6.491376e+02	1.000000e-05	1.000000e-05	6.351941e-01	6.225025e-01	6.263571e-01
3	3_97584	97584	0	G	T	0.143	1.220063e+07	6.513900e+06	-6.474908e+02	1.000000e-05	1.000000e-05	6.994741e-02	6.004964e-02	7.569774e-02
3	3_189938	189938	0	T	C	0.143	1.220063e+07	6.513900e+06	-6.474908e+02	1.000000e-05	1.000000e-05	6.994741e-02	6.004964e-02	7.569774e-02
3	3_207299	207299	1	A	G	0.147	-1.427913e+06	6.863589e+06	-6.492358e+02	1.000000e-05	1.000000e-05	8.364751e-01	8.304043e-01	8.317765e-01
3	3_288811	288811	0	T	C	0.143	-4.641697e+06	6.803473e+06	-6.490136e+02	1.000000e-05	1.000000e-05	4.998395e-01	4.838240e-01	4.902390e-01
3	3_296203	296203	0	G	A	0.286	3.120038e+06	5.279303e+06	-6.490745e+02	1.000000e-05	1.000000e-05	5.585507e-01	5.438253e-01	5.490254e-01
3	3_354680	354680	0	C	T	0.429	4.113088e+05	6.776408e+06	-6.492364e+02	8.176871e-02	1.000000e-05	9.519665e-01	8.323922e-01	8.337462e-01
3	3_401715	401715	0	T	C	0.429	4.113088e+05	6.776408e+06	-6.492364e+02	8.176871e-02	1.000000e-05	9.519665e-01	8.323922e-01	8.337462e-01
3	3_449970	449970	0	T	C	0.371	6.563594e+05	4.960669e+06	-6.492084e+02	1.000000e-05	1.000000e+05	8.955404e-01	7.509083e-01	8.924694e-01
3	3_485530	485530	0	T	C	0.286	3.120038e+06	5.279303e+06	-6.490745e+02	1.000000e-05	1.000000e-05	5.585507e-01	5.438253e-01	5.490254e-01
3	3_493126	493126	0	C	T	0.457	5.022188e+05	5.104875e+06	-6.492495e+02	1.124474e-02	1.000000e-05	9.222255e-01	8.916486e-01	8.924903e-01
3	3_741271	741271	0	T	C	0.143	1.220063e+07	6.513900e+06	-6.474908e+02	1.000000e-05	1.000000e-05	6.994741e-02	6.004964e-02	7.569774e-02
3	3_750294	750294	0	T	G	0.257	-2.387155e+06	5.469623e+06	-6.486783e+02	1.000000e-05	1.000000e+05	6.653608e-01	2.812791e-01	6.569536e-01
3	3_860957	860957	0	A	T	0.457	3.964108e+06	4.762854e+06	-6.488952e+02	1.000000e-05	1.000000e-05	4.112243e-01	3.938261e-01	4.023880e-01
3	3_862065	862065	0	G	A	0.229	-1.327889e+06	5.704685e+06	-6.492301e+02	1.000000e-05	1.000000e-05	8.173765e-01	8.106223e-01	8.121800e-01
3	3_862068	862068	0	G	A	0.229	-1.327889e+06	5.704685e+06	-6.492301e+02	1.000000e-05	1.000000e-05	8.173765e-01	8.106223e-01	8.121800e-01
3	3_862069	862069	4	A	G	0.258	-2.616477e+06	5.803893e+06	-6.491513e+02	1.000000e-05	1.000000e-05	6.550718e-01	6.429617e-01	6.465088e-01
3	3_968415	968415	1	G	C	0.441	1.698761e+05	6.789028e+06	-6.492424e+02	7.987001e-02	1.000000e-05	9.801880e-01	8.565536e-01	8.576921e-01
3	3_1070130	1070130	0	G	A	0.400	2.335467e+06	4.877111e+06	-6.491376e+02	1.000000e-05	1.000000e-05	6.351941e-01	6.225025e-01	6.263571e-01
3	3_1071924	1071924	0	G	A	0.343	8.998949e+06	4.801734e+06	-6.474888e+02	1.000000e-05	1.000000e-05	6.979277e-02	5.990820e-02	7.555131e-02
3	3_1071929	1071929	0	C	T	0.343	8.998949e+06	4.801734e+06	-6.474888e+02	1.000000e-05	1.000000e-05	6.979277e-02	5.990820e-02	7.555131e-02
3	3_1180025	1180025	0	C	T	0.429	4.113088e+05	6.776408e+06	-6.492364e+02	8.176871e-02	1.000000e-05	9.519665e-01	8.323922e-01	8.337462e-01
3	3_1234218	1234218	0	G	A	0.314	-1.393911e+06	5.158611e+06	-6.492201e+02	1.000000e-05	1.000000e-05	7.886811e-01	7.809168e-01	7.827689e-01
3	3_1318833	1318833	0	T	C	0.429	4.113088e+05	6.776408e+06	-6.492364e+02	8.176871e-02	1.000000e-05	9.519665e-01	8.323922e-01	8.337462e-01
3	3_1330004	1330004	0	T	C	0.143	1.220063e+07	6.513900e+06	-6.474908e+02	1.000000e-05	1.000000e-05	6.994741e-02	6.004964e-02	7.569774e-02
3	3_1334793	1334793	0	C	T	0.143	1.220063e+07	6.513900e+06	-6.474908e+02	1.000000e-05	1.000000e-05	6.994741e-02	6.004964e-02	7.569774e-02
4	4_53256	53256	0	T	C	0.143	1.220063e+07	6.513900e+06	-6.474908e+02	1.000000e-05	1.000000e-05	6.994741e-02	6.004964e-02	7.569774e-02
4	4_106294	106294	0	C	T	0.343	1.982719e+06	5.039248e+06	-6.491769e+02	1.000000e-05	1.000000e-05	6.965139e-01	6.856769e-01	6.886328e-01
4	4_577501	577501	0	G	A	0.429	4.113088e+05	6.776408e+06	-6.492364e+02	8.176871e-02	1.000000e-05	9.519665e-01	8.323922e-01	8.337462e-01
4	4_666976	666976	0	T	G	0.114	-2.681229e+06	7.520908e+06	-6.491915e+02	1.000000e-05	1.000000e-05	7.237330e-01	7.137720e-01	7.163738e-01
4	4_667433	667433	0	G	T	0.343	-3.637438e+06	5.010971e+06	-6.489815e+02	1.000000e-05	1.000000e-05	4.730203e-01	4.565078e-01	4.635331e-01
4	4_667446	667446	0	G	A	0.371	4.773886e+06	4.891652e+06	-6.482277e+02	1.000000e-05	1.000000e+05	3.362019e-01	1.510024e-01	3.289611e-01
4	4_667490	667490	1	G	A	0.382	4.313975e+06	4.948755e+06	-6.484371e+02	1.000000e-05	1.000000e+05	3.896543e-01	1.998757e-01	3.811821e-01
4	4_679331	679331	0	T	A	0.429	4.113088e+05	6.776408e+06	-6.492364e+02	8.176871e-02	1.000000e-05	9.519665e-01	8.323922e-01	8.337462e-01
4	4_901105	901105	1	G	A	0.441	1.698761e+05	6.789028e+06	-6.492424e+02	7.987001e-02	1.000000e-05	9.801880e-01	8.565536e-01	8.576921e-01
4	4_995956	995956	3	A	G	0.250	1.178639e+06	5.786727e+06	-6.492368e+02	1.000000e-05	1.000000e-05	8.398545e-01	8.339055e-01	8.352457e-01
4	4_1076446	1076446	0	G	A	0.286	3.888282e+05	5.306544e+06	-6.492559e+02	1.000000e-05	1.000000e-05	9.420309e-01	9.398503e-01	9.403083e-01
4	4_1076465	1076465	0	G	A	0.371	7.055447e+05	4.960205e+06	-6.492480e+02	1.000000e-05	1.000000e-05	8.877545e-01	8.835539e-01	8.844626e-01
5	5_7093	7093	0	G	A	0.400	4.771099e+05	4.893048e+06	-6.492537e+02	1.000000e-05	1.000000e-05	9.229130e-01	9.200174e-01	9.206307e-01
5	5_168988	168988	0	G	A	0.171	1.054330e+07	6.090870e+06	-6.477378e+02	1.000000e-05	1.000000e-05	9.279342e-02	8.114289e-02	9.723987e-02
5	5_276722	276722	0	A	G	0.514	-6.927257e+05	4.795556e+06	-6.492477e+02	1.000000e-05	1.000000e-05	8.860225e-01	8.817580e-01	8.826816e-01
5	5_475470	475470	2	T	C	0.364	5.686789e+06	5.036232e+06	-6.472953e+02	1.000000e-05	1.000000e+05	2.669656e-01	4.752017e-02	2.620604e-01
5	5_476407	476407	0	T	A	0.486	-3.825492e+06	4.750380e+06	-6.485487e+02	1.000000e-05	1.000000e+05	4.264099e-01	2.333975e-01	4.173609e-01
5	5_500266	500266	1	G	A	0.412	-1.949482e+06	4.930775e+06	-6.491761e+02	1.000000e-05	1.000000e-05	6.951139e-01	6.842327e-01	6.872076e-01
5	5_676974	676974	0	A	C	0.457	4.294776e+06	4.754154e+06	-6.488313e+02	1.000000e-05	1.000000e-05	3.728751e-01	3.551377e-01	3.647381e-01
5	5_773775	773775	0	C	T	0.171	1.054330e+07	6.090870e+06	-6.477378e+02	1.000000e-05	1.000000e-05	9.279342e-02	8.114289e-02	9.723987e-02
5	5_835130	835130	1	A	G	0.324	3.830034e+06	5.156555e+06	-6.489686e+02	1.000000e-05	1.000000e-05	4.628876e-01	4.462040e-01	4.534689e-01
5	5_835251	835251	2	G	C	0.303	-4.397447e+06	5.317665e+06	-6.488998e+02	1.000000e-05	1.000000e-05	4.142047e-01	3.968401e-01	4.053238e-01
5	5_835261	835261	2	A	G	0.303	-7.337874e+05	5.370950e+06	-6.492489e+02	1.000000e-05	1.000000e-05	8.921601e-01	8.881221e-01	8.889929e-01
5	5_836479	836479	1	G	A	0.382	5.862695e+06	4.900295e+06	-6.485157e+02	1.000000e-05	1.000000e-05	2.400672e-01	2.228207e-01	2.363038e-01
5	5_836568	836568	0	A	G	0.400	7.266996e+06	4.727419e+06	-6.480485e+02	1.000000e-05	1.000000e-05	1.337780e-01	1.197538e-01	1.357222e-01
5	5_836697	836697	0	A	G	0.514	3.333244e+06	4.761605e+06	-6.490008e+02	1.000000e-05	1.000000e-05	4.888175e-01	4.725902e-01	4.792518e-01
5	5_836899	836899	1	G	A	0.206	-7.361280e+06	5.877701e+06	-6.480580e+02	1.000000e-05	1.000000e+05	2.192245e-01	1.212160e-01	2.164361e-01
5	5_975686	975686	0	C	G	0.457	5.022188e+05	5.104875e+06	-6.492495e+02	1.124474e-02	1.000000e-05	9.222255e-01	8.916486e-01	8.924903e-01
5	5_1037902	1037902	0	A	G	0.429	4.113088e+05	6.776408e+06	-6.492364e+02	8.176871e-02	1.000000e-05	9.519665e-01	8.323922e-01	8.337462e-01
5	5_1099536	1099536	0	A	G	0.171	1.054330e+07	6.090870e+06	-6.477378e+02	1.000000e-05	1.000000e-05	9.279342e-02	8.114289e-02	9.723987e-02
5	5_1166880	1166880	0	A	G	0.143	1.220063e+07	6.513900e+06	-6.474908e+02	1.000000e-05	1.000000e-05	6.994741e-02	6.004964e-02	7.569774e-02
5	5_1210544	1210544	0	A	G	0.514	-6.927257e+05	4.795556e+06	-6.492477e+02	1.000000e-05	1.000000e-05	8.860225e-01	8.817580e-01	8.826816e-01
5	5_1245074	1245074	0	G	A	0.457	-1.634607e+06	4.804363e+06	-6.491975e+02	1.000000e-05	1.000000e-05	7.358367e-01	7.262744e-01	7.287268e-01
5	5_1405166	1405166	0	G	A	0.343	1.982719e+06	5.039248e+06	-6.491769e+02	1.000000e-05	1.000000e-05	6.965139e-01	6.856769e-01	6.886328e-01
5	5_1597105	1597105	0	C	T	0.543	-5.022188e+05	5.104875e+06	-6.492495e+02	1.124474e-02	1.000000e-05	9.222255e-01	8.916486e-01	8.924903e-01
5	5_1661241	1661241	0	G	A	0.143	1.220063e+07	6.513900e+06	-6.474908e+02	1.000000e-05	1.000000e-05	6.994741e-02	6.004964e-02	7.569774e-02
5	5_1688982	1688982	0	A	G	0.314	2.760595e+06	5.142145e+06	-6.491066e+02	1.000000e-05	1.000000e-05	5.949680e-01	5.811647e-01	5.856929e-01
5	5_1695239	1695239	0	C	T	0.143	1.220063e+07	6.513900e+06	-6.474908e+02	1.000000e-05	1.000000e-05	6.994741e-02	6.004964e-02	7.569774e-02
5	5_1770892	1770892	0	G	A	0.429	-2.663564e+06	4.822323e+06	-6.490977e+02	1.000000e-05	1.000000e-05	5.844371e-01	5.703585e-01	5.750747e-01
5	5_1773044	1773044	0	G	A	0.114	-9.954527e+06	7.333403e+06	-6.483079e+02	1.000000e-05	1.000000e-05	1.838583e-01	1.678927e-01	1.828973e-01
5	5_1773047	1773047	0	G	A	0.343	4.127189e+06	4.999461e+06	-6.489010e+02	1.000000e-05	1.000000e-05	4.150008e-01	3.976454e-01	4.061083e-01
5	5_1781499	1781499	0	C	A	0.429	4.113088e+05	6.776408e+06	-6.492364e+02	8.176871e-02	1.000000e-05	9.519665e-01	8.323922e-01	8.337462e-01
6	6_191358	191358	0	C	T	0.143	-2.680165e+06	6.835344e+06	-6.491774e+02	1.000000e-05	1.000000e-05	6.975024e-01	6.866967e-01	6.896393e-01
6	6_211494	211494	1	G	A	0.118	3.209714e+04	7.549789e+06	-6.492588e+02	1.000000e-05	1.000000e-05	9.966335e-01	9.965066e-01	9.965330e-01
6	6_211509	211509	0	T	C	0.143	-1.035958e+06	6.848915e+06	-6.492466e+02	1.000000e-05	1.000000e-05	8.806925e-01	8.762317e-01	8.772017e-01
6	6_220264	220264	1	G	A	0.324	-4.481543e+06	5.140664e+06	-6.478692e+02	1.000000e-05	1.000000e+05	3.896256e-01	9.550501e-02	3.811539e-01
6	6_220267	220267	2	G	A	0.303	-4.515485e+06	5.314717e+06	-6.485082e+02	1.000000e-05	1.000000e+05	4.016589e-01	2.204982e-01	3.929749e-01
6	6_221273	221273	3	A	G	0.406	-5.457868e+06	5.015949e+06	-6.486419e+02	1.000000e-05	1.000000e-05	2.844330e-01	2.666845e-01	2.788571e-01
6	6_221275	221275	2	A	G	0.424	-6.066629e+06	4.882811e+06	-6.484587e+02	1.000000e-05	1.000000e-05	2.228288e-01	2.058906e-01	2.198662e-01
6	6_221282	221282	1	A	C	0.471	-7.638303e+06	4.688418e+06	-6.479050e+02	1.000000e-05	1.000000e-05	1.127842e-01	9.986969e-02	1.160137e-01
6	6_239210	239210	0	G	A	0.429	4.113088e+05	6.776408e+06	-6.492364e+02	8.176871e-02	1.000000e-05	9.519665e-01	8.323922e-01	8.337462e-01
6	6_276397	276397	0	A	G	0.143	1.220063e+07	6.513900e+06	-6.474908e+02	1.000000e-05	1.000000e-05	6.994741e-02	6.004964e-02	7.569774e-02
6	6_406899	406899	0	C	T	0.400	2.335467e+06	4.877111e+06	-6.491376e+02	1.000000e-05	1.000000e-05	6.351941e-01	6.225025e-01	6.263571e-01
6	6_465434	465434	0	A	G	0.143	1.220063e+07	6.513900e+06	-6.474908e+02	1.000000e-05	1.000000e-05	6.994741e-02	6.004964e-02	7.569774e-02
6	6_484890	484890	0	T	C	0.429	4.113088e+05	6.776408e+06	-6.492364e+02	8.176871e-02	1.000000e-05	9.519665e-01	8.323922e-01	8.337462e-01
6	6_499210	499210	0	G	C	0.429	4.113088e+05	6.776408e+06	-6.492364e+02	8.176871e-02	1.000000e-05	9.519665e-01	8.323922e-01	8.337462e-01
6	6_544412	544412	0	G	A	0.143	1.220063e+07	6.513900e+06	-6.474908e+02	1.000000e-05	1.000000e-05	6.994741e-02	6.004964e-02	7.569774e-02
6	6_554477	554477	0	G	T	0.143	1.220063e+07	6.513900e+06	-6.474908e+02	1.000000e-05	1.000000e-05	6.994741e-02	6.004964e-02	7.569774e-02
6	6_602467	602467	0	C	G	0.429	4.113088e+05	6.776408e+06	-6.492364e+02	8.176871e-02	1.000000e-05	9.519665e-01	8.323922e-01	8.337462e-01
6	6_659075	659075	0	T	C	0.429	4.113088e+05	6.776408e+06	-6.492364e+02	8.176871e-02	1.000000e-05	9.519665e-01	8.323922e-01	8.337462e-01
6	6_739933	739933	0	G	T	0.343	4.871645e+06	4.979107e+06	-6.487583e+02	1.000000e-05	1.000000e-05	3.349866e-01	3.170998e-01	3.277794e-01
6	6_761983	761983	0	T	C	0.171	1.054330e+07	6.090870e+06	-6.477378e+02	1.000000e-05	1.000000e-05	9.279342e-02	8.114289e-02	9.723987e-02
6	6_936535	936535	0	T	A	0.086	2.097045e+07	7.747155e+06	-6.457497e+02	1.000000e-05	1.000000e-05	1.067157e-02	8.069202e-03	1.668518e-02
6	6_960726	960726	0	A	G	0.143	1.220063e+07	6.513900e+06	-6.474908e+02	1.000000e-05	1.000000e-05	6.994741e-02	6.004964e-02	7.569774e-02
6	6_988043	988043	2	T	C	0.273	4.650658e+06	5.484425e+06	-6.488815e+02	1.000000e-05	1.000000e-05	4.025605e-01	3.850704e-01	3.938615e-01
6	6_988098	988098	2	A	G	0.364	3.230956e+06	5.101718e+06	-6.490474e+02	1.000000e-05	1.000000e-05	5.308979e-01	5.155324e-01	5.212841e-01
6	6_988261	988261	4	A	G	0.226	-1.424499e+06	6.087641e+06	-6.492298e+02	1.000000e-05	1.000000e-05	8.164318e-01	8.096441e-01	8.112111e-01
6	6_988405	988405	2	T	C	0.242	-3.397258e+06	5.730896e+06	-6.490734e+02	1.000000e-05	1.000000e-05	5.573578e-01	5.426037e-01	5.478268e-01
6	6_988465	988465	1	T	C	0.471	-2.952534e+06	4.846135e+06	-6.490630e+02	1.000000e-05	1.000000e-05	5.465271e-01	5.315167e-01	5.369522e-01
6	6_988478	988478	3	A	G	0.500	2.147724e+06	5.000659e+06	-6.491612e+02	1.000000e-05	1.000000e-05	6.703593e-01	6.587097e-01	6.620311e-01
6	6_988549	988549	2	A	G	0.273	-5.487898e+05	5.543025e+06	-6.492536e+02	1.000000e-05	1.000000e-05	9.217329e-01	9.187932e-01	9.194162e-01
6	6_988553	988553	3	T	G	0.281	-9.994056e+05	5.573908e+06	-6.492417e+02	1.000000e-05	1.000000e-05	8.587980e-01	8.535356e-01	8.547004e-01
6	6_988631	988631	3	G	A	0.312	6.319581e+06	5.296295e+06	-6.485196e+02	1.000000e-05	1.000000e-05	2.412962e-01	2.240303e-01	2.374778e-01
6	6_988733	988733	1	A	G	0.441	-3.056494e+06	4.869911e+06	-6.490511e+02	1.000000e-05	1.000000e-05	5.345667e-01	5.192830e-01	5.249594e-01
6	6_988843	988843	3	A	G	0.406	8.876924e+06	4.865652e+06	-6.466864e+02	1.000000e-05	1.000000e+05	7.715654e-02	2.331836e-02	8.251311e-02
6	6_988922	988922	5	A	G	0.300	9.244756e+06	5.416799e+06	-6.469097e+02	1.000000e-05	1.000000e+05	9.727614e-02	3.019647e-02	1.014528e-01
6	6_988930	988930	2	G	A	0.242	1.105096e+07	5.430672e+06	-6.466490e+02	1.000000e-05	1.000000e+05	4.995750e-02	2.233586e-02	5.663579e-02
6	6_988960	988960	4	T	G	0.290	1.151004e+07	5.242300e+06	-6.444409e+02	1.000000e-05	1.000000e+05	3.525802e-02	1.908277e-03	4.232737e-02
6	6_989188	989188	0	T	C	0.429	5.185945e+06	4.759725e+06	-6.486403e+02	1.000000e-05	1.000000e-05	2.838053e-01	2.660612e-01	2.782525e-01
6	6_989334	989334	3	G	C	0.406	-3.534254e+06	5.067929e+06	-6.490027e+02	1.000000e-05	1.000000e-05	4.904516e-01	4.742550e-01	4.808797e-01
6	6_989453	989453	3	A	G	0.531	5.984724e+06	4.915221e+06	-6.484897e+02	1.000000e-05	1.000000e-05	2.320149e-01	2.149039e-01	2.286189e-01
6	6_989490	989490	2	T	C	0.394	3.954953e+06	5.005925e+06	-6.489308e+02	1.000000e-05	1.000000e-05	4.351368e-01	4.180352e-01	4.259814e-01
6	6_989528	989528	1	T	C	0.471	3.351920e+06	4.838257e+06	-6.483731e+02	1.000000e-05	1.000000e+05	4.932852e-01	1.832093e-01	4.837034e-01
6	6_989732	989732	5	T	C	0.367	4.772739e+06	5.309026e+06	-6.485031e+02	1.000000e-05	1.000000e+05	3.751733e-01	2.189479e-01	3.669876e-01
6	6_989861	989861	3	A	G	0.375	5.139810e+06	5.101180e+06	-6.487197e+02	1.000000e-05	1.000000e+05	3.209908e-01	2.991217e-01	3.141898e-01
6	6_989960	989960	0	A	G	0.371	5.832829e+06	4.856711e+06	-6.485101e+02	1.000000e-05	1.000000e-05	2.383071e-01	2.210890e-01	2.346231e-01
6	6_990258	990258	2	G	T	0.485	-4.647981e+06	4.873591e+06	-6.487830e+02	1.000000e-05	1.000000e-05	3.471658e-01	3.293053e-01	3.396330e-01
6	6_990671	990671	6	G	A	0.483	6.183613e+06	5.159644e+06	-6.485132e+02	1.000000e-05	1.000000e-05	2.392752e-01	2.220414e-01	2.355474e-01
6	6_990699	990699	2	G	A	0.455	5.104597e+06	4.878308e+06	-6.486875e+02	1.000000e-05	1.000000e-05	3.029867e-01	2.851384e-01	2.967590e-01
6	6_990701	990701	1	A	G	0.471	6.273396e+06	4.749393e+06	-6.483572e+02	1.000000e-05	1.000000e-05	1.956271e-01	1.793242e-01	1.940347e-01
6	6_990771	990771	4	T	C	0.419	5.472706e+06	5.073776e+06	-6.486524e+02	1.000000e-05	1.000000e-05	2.885759e-01	2.707998e-01	2.828490e-01
6	6_990777	990777	2	A	G	0.424	6.495078e+06	4.866093e+06	-6.479011e+02	1.000000e-05	1.000000e+05	1.910906e-01	9.938255e-02	1.897389e-01
6	6_990851	990851	1	T	C	0.265	-3.889169e+05	5.513117e+06	-6.492561e+02	1.000000e-05	1.000000e-05	9.441865e-01	9.420867e-01	9.425274e-01
6	6_990862	990862	2	G	T	0.212	-7.065301e+03	6.039518e+06	-6.492588e+02	1.000000e-05	1.000000e-05	9.990736e-01	9.990387e-01	9.990460e-01
6	6_990885	990885	4	A	G	0.226	9.881339e+06	5.844829e+06	-6.478051e+02	1.000000e-05	1.000000e-05	1.003368e-01	8.818291e-02	1.043278e-01
6	6_990992	990992	1	T	C	0.206	-2.444959e+06	6.000675e+06	-6.491709e+02	1.000000e-05	1.000000e-05	6.863106e-01	6.751530e-01	6.782486e-01
6	6_991027	991027	1	T	C	0.265	-4.281556e+06	5.462924e+06	-6.489360e+02	1.000000e-05	1.000000e-05	4.387774e-01	4.217262e-01	4.295810e-01
6	6_1031241	1031241	1	A	G	0.441	-1.695947e+06	4.890184e+06	-6.491951e+02	1.000000e-05	1.000000e-05	7.309386e-01	7.212144e-01	7.237266e-01
6	6_1116760	1116760	0	G	A	0.429	4.113088e+05	6.776408e+06	-6.492364e+02	8.176871e-02	1.000000e-05	9.519665e-01	8.323922e-01	8.337462e-01
6	6_1160524	1160524	0	A	G	0.400	-2.347787e+06	4.876663e+06	-6.491363e+02	1.000000e-05	1.000000e-05	6.333860e-01	6.206425e-01	6.245259e-01
6	6_1160528	1160528	0	A	G	0.400	-2.347787e+06	4.876663e+06	-6.491363e+02	1.000000e-05	1.000000e-05	6.333860e-01	6.206425e-01	6.245259e-01
6	6_1160532	1160532	0	A	G	0.400	-2.347787e+06	4.876663e+06	-6.491363e+02	1.000000e-05	1.000000e-05	6.333860e-01	6.206425e-01	6.245259e-01
6	6_1167676	1167676	0	C	G	0.429	4.113088e+05	6.776408e+06	-6.492364e+02	8.176871e-02	1.000000e-05	9.519665e-01	8.323922e-01	8.337462e-01
6	6_1174733	1174733	0	G	C	0.143	1.220063e+07	6.513900e+06	-6.474908e+02	1.000000e-05	1.000000e-05	6.994741e-02	6.004964e-02	7.569774e-02
6	6_1249810	1249810	0	G	A	0.286	3.120038e+06	5.279303e+06	-6.490745e+02	1.000000e-05	1.000000e-05	5.585507e-01	5.438253e-01	5.490254e-01
6	6_1279254	1279254	0	C	T	0.429	4.113088e+05	6.776408e+06	-6.492364e+02	8.176871e-02	1.000000e-05	9.519665e-01	8.323922e-01	8.337462e-01
7	7_11056	11056	1	A	C	0.265	1.082532e+07	5.181501e+06	-6.470849e+02	1.000000e-05	1.000000e-05	4.447666e-02	3.705653e-02	5.134175e-02
7	7_14006	14006	2	A	G	0.212	6.842317e+06	5.920894e+06	-6.485645e+02	1.000000e-05	1.000000e-05	2.561344e-01	2.386601e-01	2.516731e-01
7	7_36839	36839	0	G	A	0.114	-3.913514e+06	7.504513e+06	-6.491151e+02	1.000000e-05	1.000000e-05	6.055094e-01	5.919885e-01	5.963333e-01
7	7_37788	37788	0	C	T	0.429	4.113088e+05	6.776408e+06	-6.492364e+02	8.176871e-02	1.000000e-05	9.519665e-01	8.323922e-01	8.337462e-01
7	7_49744	49744	0	G	A	0.229	-7.258460e+06	5.567809e+06	-6.482859e+02	1.000000e-05	1.000000e+05	2.013754e-01	1.630420e-01	1.994829e-01
7	7_164473	164473	2	G	A	0.364	6.239064e+06	5.016373e+06	-6.469273e+02	1.000000e-05	1.000000e+05	2.223582e-01	3.082194e-02	2.194181e-01
7	7_164511	164511	2	T	C	0.515	3.192163e+06	4.908953e+06	-6.490359e+02	1.000000e-05	1.000000e-05	5.200173e-01	5.044155e-01	5.103942e-01
7	7_164589	164589	2	C	T	0.394	-3.632186e+06	5.013321e+06	-6.489826e+02	1.000000e-05	1.000000e-05	4.738604e-01	4.573625e-01	4.643681e-01
7	7_164636	164636	2	A	G	0.485	6.285639e+05	4.939088e+06	-6.492502e+02	1.000000e-05	1.000000e-05	8.995045e-01	8.957383e-01	8.965466e-01
7	7_164887	164887	1	G	A	0.382	3.221199e+06	4.973902e+06	-6.490378e+02	1.000000e-05	1.000000e-05	5.217111e-01	5.061454e-01	5.120885e-01
7	7_164926	164926	3	G	A	0.312	9.578529e+06	5.145978e+06	-6.475116e+02	1.000000e-05	1.000000e-05	7.162082e-02	6.158158e-02	7.728173e-02
7	7_165027	165027	5	T	C	0.233	2.447483e+06	6.107658e+06	-6.491738e+02	1.000000e-05	1.000000e-05	6.912063e-01	6.802020e-01	6.832300e-01
7	7_165292	165292	1	C	A	0.500	-4.308752e+05	4.864292e+06	-6.492546e+02	1.000000e-05	1.000000e-05	9.299517e-01	9.273189e-01	9.278747e-01
7	7_165637	165637	1	A	G	0.500	-1.721990e+06	4.855631e+06	-6.491786e+02	1.000000e-05	1.000000e+05	7.251174e-01	6.888545e-01	7.177863e-01
7	7_165657	165657	3	A	G	0.438	-3.918090e+06	5.008009e+06	-6.489371e+02	1.000000e-05	1.000000e-05	4.395784e-01	4.225385e-01	4.303733e-01
7	7_165680	165680	0	T	C	0.429	-2.722410e+06	4.821324e+06	-6.490905e+02	1.000000e-05	1.000000e-05	5.761234e-01	5.618323e-01	5.667005e-01
7	7_165704	165704	2	A	G	0.394	6.744052e+06	4.914752e+06	-6.482877e+02	1.000000e-05	1.000000e-05	1.792555e-01	1.634331e-01	1.785474e-01
7	7_165798	165798	3	C	T	0.469	-5.024280e+06	4.947713e+06	-6.487203e+02	1.000000e-05	1.000000e-05	3.172671e-01	2.993816e-01	3.105798e-01
7	7_165854	165854	3	T	C	0.469	-2.605023e+05	5.024229e+06	-6.492573e+02	1.000000e-05	1.000000e-05	9.589614e-01	9.574162e-01	9.577390e-01
7	7_165873	165873	1	A	G	0.412	-4.241253e+06	4.886987e+06	-6.488638e+02	1.000000e-05	1.000000e-05	3.917350e-01	3.741424e-01	3.832245e-01
7	7_165955	165955	3	T	C	0.500	-1.646365e+06	5.006394e+06	-6.491420e+02	1.000000e-05	1.000000e+05	7.443451e-01	6.289289e-01	7.374163e-01
7	7_166056	166056	2	C	A	0.485	-3.460473e+05	4.939939e+06	-6.492562e+02	1.000000e-05	1.000000e-05	9.445759e-01	9.424907e-01	9.429283e-01
7	7_166309	166309	2	G	A	0.455	-4.641038e+06	4.892300e+06	-6.487879e+02	1.000000e-05	1.000000e-05	3.496989e-01	3.318465e-01	3.421016e-01
7	7_166838	166838	0	T	A	0.143	8.619786e+05	6.849608e+06	-6.492504e+02	1.000000e-05	1.000000e-05	9.006194e-01	8.968945e-01	8.976934e-01
7	7_166992	166992	2	A	G	0.394	-1.560372e+06	5.045711e+06	-6.492081e+02	1.000000e-05	1.000000e-05	7.590776e-01	7.502952e-01	7.524735e-01
7	7_167034	167034	2	T	C	0.364	-1.812569e+06	5.122891e+06	-6.491925e+02	1.000000e-05	1.000000e-05	7.257263e-01	7.158306e-01	7.184075e-01
7	7_167035	167035	1	C	A	0.382	-1.695265e+06	4.996692e+06	-6.491978e+02	1.000000e-05	1.000000e-05	7.365504e-01	7.270118e-01	7.294555e-01
7	7_167135	167135	3	A	G	0.500	2.001996e+06	5.002470e+06	-6.491740e+02	1.000000e-05	1.000000e-05	6.915871e-01	6.805947e-01	6.836176e-01
7	7_167192	167192	2	C	T	0.455	3.170537e+06	4.927757e+06	-6.490406e+02	1.000000e-05	1.000000e-05	5.244086e-01	5.089011e-01	5.147875e-01
7	7_167224	167224	5	T	A	0.467	-4.464562e+06	5.132093e+06	-6.488620e+02	1.000000e-05	1.000000e-05	3.906226e-01	3.730202e-01	3.821325e-01
7	7_167292	167292	3	A	G	0.438	-7.798149e+06	4.868523e+06	-6.479485e+02	1.000000e-05	1.000000e-05	1.187419e-01	1.054916e-01	1.216054e-01
7	7_167370	167370	1	A	G	0.353	-6.157109e+06	4.975876e+06	-6.484651e+02	1.000000e-05	1.000000e-05	2.246743e-01	2.076998e-01	2.216234e-01
7	7_167655	167655	2	G	A	0.364	-2.560199e+06	5.113213e+06	-6.491263e+02	1.000000e-05	1.000000e-05	6.199038e-01	6.067789e-01	6.108813e-01
7	7_167687	167687	1	A	C	0.176	-7.348821e+06	6.251128e+06	-6.485408e+02	1.000000e-05	1.000000e-05	2.481673e-01	2.307990e-01	2.440461e-01
7	7_226969	226969	0	G	A	0.429	4.113088e+05	6.776408e+06	-6.492364e+02	8.176871e-02	1.000000e-05	9.519665e-01	8.323922e-01	8.337462e-01
7	7_230511	230511	0	A	G	0.429	4.113088e+05	6.776408e+06	-6.492364e+02	8.176871e-02	1.000000e-05	9.519665e-01	8.323922e-01	8.337462e-01
7	7_347542	347542	0	C	T	0.371	6.563594e+05	4.960669e+06	-6.492084e+02	1.000000e-05	1.000000e+05	8.955404e-01	7.509083e-01	8.924694e-01
7	7_453828	453828	2	T	C	0.152	-3.588180e+06	6.857713e+06	-6.491142e+02	1.000000e-05	1.000000e-05	6.043083e-01	5.907549e-01	5.951204e-01
7	7_479542	479542	1	A	G	0.235	-3.151593e+06	5.708116e+06	-6.490978e+02	1.000000e-05	1.000000e-05	5.845831e-01	5.705082e-01	5.752217e-01
7	7_508893	508893	0	G	C	0.429	4.113088e+05	6.776408e+06	-6.492364e+02	8.176871e-02	1.000000e-05	9.519665e-01	8.323922e-01	8.337462e-01
7	7_672119	672119	0	G	A	0.343	-5.924932e+06	4.944379e+06	-6.475131e+02	1.000000e-05	1.000000e+05	2.393292e-01	6.169277e-02	2.355989e-01
7	7_752860	752860	3	A	T	0.250	-1.618568e+06	5.783495e+06	-6.492173e+02	1.000000e-05	1.000000e-05	7.813318e-01	7.733123e-01	7.752432e-01
7	7_752861	752861	0	A	T	0.114	3.020442e+06	7.516993e+06	-6.491734e+02	1.000000e-05	1.000000e-05	6.904107e-01	6.793814e-01	6.824204e-01
7	7_813688	813688	1	C	T	0.441	1.698761e+05	6.789028e+06	-6.492424e+02	7.987001e-02	1.000000e-05	9.801880e-01	8.565536e-01	8.576921e-01
7	7_819348	819348	0	A	C	0.429	4.113088e+05	6.776408e+06	-6.492364e+02	8.176871e-02	1.000000e-05	9.519665e-01	8.323922e-01	8.337462e-01
7	7_831960	831960	0	T	G	0.343	1.982719e+06	5.039248e+06	-6.491769e+02	1.000000e-05	1.000000e-05	6.965139e-01	6.856769e-01	6.886328e-01
7	7_908360	908360	4	C	A	0.194	6.063542e+06	6.360883e+06	-6.486534e+02	1.000000e-05	1.000000e+05	3.473917e-01	2.711975e-01	3.398531e-01
7	7_911043	911043	0	C	T	0.429	4.113088e+05	6.776408e+06	-6.492364e+02	8.176871e-02	1.000000e-05	9.519665e-01	8.323922e-01	8.337462e-01
7	7_1008288	1008288	0	G	A	0.429	4.113088e+05	6.776408e+06	-6.492364e+02	8.176871e-02	1.000000e-05	9.519665e-01	8.323922e-01	8.337462e-01
7	7_1024334	1024334	0	G	A	0.429	4.113088e+05	6.776408e+06	-6.492364e+02	8.176871e-02	1.000000e-05	9.519665e-01	8.323922e-01	8.337462e-01
7	7_1024356	1024356	0	T	C	0.429	4.113088e+05	6.776408e+06	-6.492364e+02	8.176871e-02	1.000000e-05	9.519665e-01	8.323922e-01	8.337462e-01
7	7_1171945	1171945	0	A	G	0.143	1.220063e+07	6.513900e+06	-6.474908e+02	1.000000e-05	1.000000e-05	6.994741e-02	6.004964e-02	7.569774e-02
7	7_1191543	1191543	0	C	T	0.429	4.113088e+05	6.776408e+06	-6.492364e+02	8.176871e-02	1.000000e-05	9.519665e-01	8.323922e-01	8.337462e-01
7	7_1192832	1192832	0	T	C	0.171	1.054330e+07	6.090870e+06	-6.477378e+02	1.000000e-05	1.000000e-05	9.279342e-02	8.114289e-02	9.723987e-02
7	7_1193976	1193976	0	C	T	0.429	4.113088e+05	6.776408e+06	-6.492364e+02	8.176871e-02	1.000000e-05	9.519665e-01	8.323922e-01	8.337462e-01
7	7_1196178	1196178	0	C	T	0.486	-3.644870e+06	4.754677e+06	-6.489499e+02	1.000000e-05	1.000000e-05	4.487771e-01	4.318715e-01	4.394783e-01
7	7_1205599	1205599	4	G	T	0.452	-1.077524e+06	5.115428e+06	-6.491355e+02	1.000000e-05	1.000000e+05	8.344620e-01	6.194700e-01	8.297102e-01
7	7_1205600	1205600	3	G	A	0.438	-1.276848e+06	5.049356e+06	-6.491909e+02	1.000000e-05	1.000000e+05	8.019346e-01	7.125661e-01	7.963479e-01
7	7_1205735	1205735	3	T	A	0.438	-1.149497e+06	5.050301e+06	-6.492313e+02	1.000000e-05	1.000000e-05	8.213541e-01	8.147416e-01	8.162600e-01
7	7_1227094	1227094	0	A	G	0.429	4.113088e+05	6.776408e+06	-6.492364e+02	8.176871e-02	1.000000e-05	9.519665e-01	8.323922e-01	8.337462e-01
7	7_1240469	1240469	0	C	T	0.143	1.220063e+07	6.513900e+06	-6.474908e+02	1.000000e-05	1.000000e-05	6.994741e-02	6.004964e-02	7.569774e-02
7	7_1263585	1263585	0	T	C	0.286	-5.134368e+06	5.231168e+06	-6.487552e+02	1.000000e-05	1.000000e-05	3.334899e-01	3.156014e-01	3.263245e-01
7	7_1263610	1263610	0	G	A	0.400	1.337948e+05	4.893687e+06	-6.492584e+02	1.000000e-05	1.000000e-05	9.783530e-01	9.775374e-01	9.777071e-01
7	7_1266484	1266484	1	A	T	0.412	-3.905109e+06	4.895481e+06	-6.489245e+02	1.000000e-05	1.000000e-05	4.307494e-01	4.135889e-01	4.216461e-01
7	7_1276916	1276916	0	A	G	0.343	-5.652519e+06	4.954031e+06	-6.485817e+02	1.000000e-05	1.000000e-05	2.620853e-01	2.445403e-01	2.573774e-01
7	7_1276919	1276919	0	G	A	0.314	-7.053976e+06	5.016215e+06	-6.482403e+02	1.000000e-05	1.000000e-05	1.690015e-01	1.535216e-01	1.688684e-01
7	7_1341024	1341024	0	A	C	0.371	-2.203038e+06	4.946899e+06	-6.491539e+02	1.000000e-05	1.000000e-05	6.589839e-01	6.469906e-01	6.504791e-01
8	8_144493	144493	0	A	G	0.400	2.335467e+06	4.877111e+06	-6.491376e+02	1.000000e-05	1.000000e-05	6.351941e-01	6.225025e-01	6.263571e-01
8	8_174475	174475	0	G	T	0.429	4.113088e+05	6.776408e+06	-6.492364e+02	8.176871e-02	1.000000e-05	9.519665e-01	8.323922e-01	8.337462e-01
8	8_208859	208859	0	G	A	0.286	3.120038e+06	5.279303e+06	-6.490745e+02	1.000000e-05	1.000000e-05	5.585507e-01	5.438253e-01	5.490254e-01
8	8_294928	294928	0	T	A	0.429	4.113088e+05	6.776408e+06	-6.492364e+02	8.176871e-02	1.000000e-05	9.519665e-01	8.323922e-01	8.337462e-01
8	8_553155	553155	0	T	C	0.171	1.054330e+07	6.090870e+06	-6.477378e+02	1.000000e-05	1.000000e-05	9.279342e-02	8.114289e-02	9.723987e-02
8	8_725537	725537	0	A	C	0.429	4.113088e+05	6.776408e+06	-6.492364e+02	8.176871e-02	1.000000e-05	9.519665e-01	8.323922e-01	8.337462e-01
8	8_817562	817562	5	T	C	0.167	-3.208577e+06	6.925946e+06	-6.491453e+02	1.000000e-05	1.000000e-05	6.462124e-01	6.338407e-01	6.375229e-01
8	8_817567	817567	4	C	T	0.161	-2.954753e+06	6.906998e+06	-6.491620e+02	1.000000e-05	1.000000e-05	6.715821e-01	6.599698e-01	6.632735e-01
8	8_817674	817674	4	A	G	0.226	-6.903587e+06	5.972959e+06	-6.485643e+02	1.000000e-05	1.000000e-05	2.560600e-01	2.385867e-01	2.516018e-01
8	8_818838	818838	5	G	A	0.433	-5.420369e+06	5.139814e+06	-6.486787e+02	1.000000e-05	1.000000e-05	2.992757e-01	2.814426e-01	2.931734e-01
8	8_847517	847517	0	A	G	0.143	-3.194045e+06	6.828654e+06	-6.491431e+02	1.000000e-05	1.000000e-05	6.430438e-01	6.305794e-01	6.343107e-01
8	8_874822	874822	2	G	A	0.091	-8.163792e+06	8.470121e+06	-6.487729e+02	1.000000e-05	1.000000e-05	3.421394e-01	3.242654e-01	3.347379e-01
8	8_874895	874895	4	T	C	0.161	-3.209610e+06	6.903559e+06	-6.491445e+02	1.000000e-05	1.000000e-05	6.450413e-01	6.326352e-01	6.363355e-01
8	8_874992	874992	1	C	T	0.118	2.927638e+06	7.532481e+06	-6.491788e+02	1.000000e-05	1.000000e-05	7.000179e-01	6.892920e-01	6.922009e-01
8	8_1083181	1083181	0	T	C	0.429	4.113088e+05	6.776408e+06	-6.492364e+02	8.176871e-02	1.000000e-05	9.519665e-01	8.323922e-01	8.337462e-01
8	8_1161462	1161462	0	C	T	0.543	-1.976216e+06	4.800538e+06	-6.491566e+02	1.000000e-05	1.000000e+05	6.832463e-01	6.512346e-01	6.751315e-01
8	8_1252135	1252135	1	T	C	0.353	5.265745e+06	5.006788e+06	-6.486818e+02	1.000000e-05	1.000000e-05	3.005683e-01	2.827296e-01	2.944220e-01
8	8_1256218	1256218	0	G	A	0.429	4.113088e+05	6.776408e+06	-6.492364e+02	8.176871e-02	1.000000e-05	9.519665e-01	8.323922e-01	8.337462e-01
8	8_1326133	1326133	0	A	G	0.257	-6.920392e+05	5.484084e+06	-6.492503e+02	1.000000e-05	1.000000e-05	9.003469e-01	8.966119e-01	8.974131e-01
8	8_1326140	1326140	0	G	A	0.229	5.485690e+05	5.708611e+06	-6.492539e+02	1.000000e-05	1.000000e-05	9.240263e-01	9.211722e-01	9.217764e-01
8	8_1383765	1383765	0	A	G	0.400	-4.154228e+06	4.840021e+06	-6.475159e+02	1.000000e-05	1.000000e+05	3.969140e-01	6.189919e-02	3.883110e-01
9	9_5213	5213	3	G	C	0.281	3.247374e+06	5.547945e+06	-6.490780e+02	1.000000e-05	1.000000e-05	5.623080e-01	5.476737e-01	5.528016e-01
9	9_6619	6619	1	C	T	0.324	1.115395e+06	5.195863e+06	-6.492343e+02	1.000000e-05	1.000000e-05	8.313459e-01	8.250908e-01	8.265121e-01
9	9_7470	7470	1	A	G	0.353	-4.896071e+06	5.018147e+06	-6.487611e+02	1.000000e-05	1.000000e-05	3.363249e-01	3.184400e-01	3.290807e-01
9	9_7729	7729	3	C	T	0.469	8.057363e+06	4.824667e+06	-6.467477e+02	1.000000e-05	1.000000e+05	1.043727e-01	2.502645e-02	1.081177e-01
9	9_8171	8171	2	G	A	0.333	4.368951e+05	5.237041e+06	-6.492551e+02	1.000000e-05	1.000000e-05	9.340184e-01	9.315377e-01	9.320604e-01
9	9_10033	10033	1	C	T	0.206	-6.423339e+06	5.910916e+06	-6.486435e+02	1.000000e-05	1.000000e-05	2.850476e-01	2.672947e-01	2.794490e-01
9	9_49163	49163	0	A	G	0.314	2.760595e+06	5.142145e+06	-6.491066e+02	1.000000e-05	1.000000e-05	5.949680e-01	5.811647e-01	5.856929e-01
9	9_220237	220237	2	A	G	0.091	-6.231749e+06	8.519692e+06	-6.489773e+02	1.000000e-05	1.000000e-05	4.696655e-01	4.530952e-01	4.601994e-01
9	9_220963	220963	4	C	T	0.194	-4.293057e+06	6.404413e+06	-6.490221e+02	1.000000e-05	1.000000e-05	5.073131e-01	4.914469e-01	4.976980e-01
9	9_272607	272607	0	A	G	0.429	4.113088e+05	6.776408e+06	-6.492364e+02	8.176871e-02	1.000000e-05	9.519665e-01	8.323922e-01	8.337462e-01
9	9_338278	338278	1	A	G	0.441	1.698761e+05	6.789028e+06	-6.492424e+02	7.987001e-02	1.000000e-05	9.801880e-01	8.565536e-01	8.576921e-01
9	9_491535	491535	0	A	G	0.429	4.113088e+05	6.776408e+06	-6.492364e+02	8.176871e-02	1.000000e-05	9.519665e-01	8.323922e-01	8.337462e-01
9	9_534468	534468	0	C	T	0.429	4.113088e+05	6.776408e+06	-6.492364e+02	8.176871e-02	1.000000e-05	9.519665e-01	8.323922e-01	8.337462e-01
9	9_705343	705343	1	G	A	0.382	8.617267e+06	4.775356e+06	-6.476119e+02	1.000000e-05	1.000000e-05	8.028199e-02	6.954534e-02	8.546178e-02
9	9_705571	705571	2	T	C	0.515	-3.025895e+05	4.940020e+06	-6.492568e+02	1.000000e-05	1.000000e-05	9.515274e-01	9.497030e-01	9.500850e-01
9	9_706175	706175	2	G	A	0.364	-1.718938e+06	5.123869e+06	-6.491992e+02	1.000000e-05	1.000000e-05	7.393890e-01	7.299447e-01	7.323541e-01
9	9_741562	741562	0	T	C	0.314	2.760595e+06	5.142145e+06	-6.491066e+02	1.000000e-05	1.000000e-05	5.949680e-01	5.811647e-01	5.856929e-01
9	9_942229	942229	0	A	G	0.371	6.563594e+05	4.960669e+06	-6.492084e+02	1.000000e-05	1.000000e+05	8.955404e-01	7.509083e-01	8.924694e-01
9	9_981209	981209	0	G	A	0.143	1.220063e+07	6.513900e+06	-6.474908e+02	1.000000e-05	1.000000e-05	6.994741e-02	6.004964e-02	7.569774e-02
9	9_1115286	1115286	0	G	A	0.457	1.608938e+06	4.804424e+06	-6.491994e+02	1.000000e-05	1.000000e-05	7.398299e-01	7.304003e-01	7.328044e-01
10	10_13558	13558	0	C	T	0.429	4.113088e+05	6.776408e+06	-6.492364e+02	8.176871e-02	1.000000e-05	9.519665e-01	8.323922e-01	8.337462e-01
10	10_15220	15220	1	T	A	0.147	-5.818789e+06	6.793005e+06	-6.488739e+02	1.000000e-05	1.000000e-05	3.978518e-01	3.803154e-01	3.892325e-01
10	10_15251	15251	2	G	A	0.121	-1.348284e+06	7.561377e+06	-6.492419e+02	1.000000e-05	1.000000e-05	8.595681e-01	8.543338e-01	8.554916e-01
10	10_15279	15279	1	A	G	0.265	6.375880e+06	5.400660e+06	-6.485348e+02	1.000000e-05	1.000000e-05	2.462116e-01	2.288715e-01	2.421757e-01
10	10_15288	15288	4	C	T	0.194	-7.990932e+05	6.446365e+06	-6.492506e+02	1.000000e-05	1.000000e-05	9.020987e-01	8.984287e-01	8.992150e-01
10	10_15302	15302	2	T	C	0.273	6.983734e+06	5.408905e+06	-6.483963e+02	1.000000e-05	1.000000e-05	2.056217e-01	1.890629e-01	2.035110e-01
10	10_15428	15428	2	C	G	0.121	-5.669088e+05	7.564359e+06	-6.492558e+02	1.000000e-05	1.000000e-05	9.407112e-01	9.384811e-01	9.389497e-01
10	10_15438	15438	1	G	A	0.118	-2.173077e+05	7.549608e+06	-6.492583e+02	1.000000e-05	1.000000e-05	9.772103e-01	9.763516e-01	9.765303e-01
10	10_15441	15441	2	A	G	0.121	-5.669088e+05	7.564359e+06	-6.492558e+02	1.000000e-05	1.000000e-05	9.407112e-01	9.384811e-01	9.389497e-01
10	10_15449	15449	2	C	T	0.091	-4.145756e+06	8.558110e+06	-6.491348e+02	1.000000e-05	1.000000e-05	6.312846e-01	6.184810e-01	6.223981e-01
10	10_15455	15455	1	C	T	0.088	-3.797492e+06	8.550366e+06	-6.491545e+02	1.000000e-05	1.000000e-05	6.598460e-01	6.478785e-01	6.513542e-01
10	10_15458	15458	1	G	A	0.088	-3.797492e+06	8.550366e+06	-6.491545e+02	1.000000e-05	1.000000e-05	6.598460e-01	6.478785e-01	6.513542e-01
10	10_15461	15461	1	T	C	0.088	-3.797492e+06	8.550366e+06	-6.491545e+02	1.000000e-05	1.000000e-05	6.598460e-01	6.478785e-01	6.513542e-01
10	10_15463	15463	1	A	T	0.088	-3.797492e+06	8.550366e+06	-6.491545e+02	1.000000e-05	1.000000e-05	6.598460e-01	6.478785e-01	6.513542e-01
10	10_15473	15473	1	C	T	0.088	-3.797492e+06	8.550366e+06	-6.491545e+02	1.000000e-05	1.000000e-05	6.598460e-01	6.478785e-01	6.513542e-01
10	10_17879	17879	0	T	C	0.314	-1.051187e+06	5.161078e+06	-6.492368e+02	1.000000e-05	1.000000e-05	8.398576e-01	8.339087e-01	8.352489e-01
10	10_17897	17897	0	A	G	0.371	-1.972898e+06	4.949818e+06	-6.491747e+02	1.000000e-05	1.000000e-05	6.927701e-01	6.818150e-01	6.848217e-01
10	10_18004	18004	1	A	G	0.088	-2.812906e+06	8.561988e+06	-6.483487e+02	1.000000e-05	1.000000e+05	7.445835e-01	1.772979e-01	7.376599e-01
10	10_18092	18092	3	A	G	0.438	4.417760e+05	5.053647e+06	-6.492547e+02	1.000000e-05	1.000000e-05	9.308682e-01	9.282697e-01	9.288179e-01
10	10_18647	18647	3	C	T	0.406	-3.969333e+06	5.063131e+06	-6.489370e+02	3.949828e-04	1.000000e-05	4.386501e-01	4.224009e-01	4.302391e-01
10	10_18785	18785	1	G	A	0.412	-8.885359e+06	5.549402e+06	-6.482856e+02	1.070668e-01	7.816975e-02	1.188773e-01	1.629748e-01	2.004038e-01
10	10_18869	18869	0	A	G	0.514	-7.151955e+05	4.795333e+06	-6.492470e+02	1.000000e-05	1.000000e-05	8.823477e-01	8.779478e-01	8.789033e-01
10	10_18908	18908	0	G	A	0.200	-3.549361e+06	5.961724e+06	-6.490718e+02	1.000000e-05	1.000000e-05	5.556653e-01	5.408706e-01	5.461265e-01
10	10_18915	18915	0	T	C	0.200	-3.549361e+06	5.961724e+06	-6.490718e+02	1.000000e-05	1.000000e-05	5.556653e-01	5.408706e-01	5.461265e-01
10	10_18933	18933	0	A	G	0.200	-2.704717e+06	5.975133e+06	-6.491504e+02	1.000000e-05	1.000000e-05	6.537541e-01	6.416048e-01	6.451718e-01
10	10_18941	18941	2	T	C	0.212	-2.428145e+06	6.024786e+06	-6.491728e+02	1.000000e-05	1.000000e-05	6.895284e-01	6.784715e-01	6.815226e-01
10	10_18943	18943	1	G	A	0.235	-3.145539e+05	5.734231e+06	-6.492572e+02	1.000000e-05	1.000000e-05	9.565844e-01	9.549499e-01	9.552915e-01
10	10_18983	18983	2	C	T	0.333	3.897311e+06	5.193683e+06	-6.489627e+02	1.000000e-05	1.000000e-05	4.583345e-01	4.415771e-01	4.489514e-01
10	10_18988	18988	4	A	G	0.097	5.583347e+06	8.561370e+06	-6.490347e+02	1.000000e-05	1.000000e-05	5.188177e-01	5.031904e-01	5.091945e-01
10	10_18997	18997	2	G	A	0.091	5.593077e+06	8.533152e+06	-6.490324e+02	1.000000e-05	1.000000e-05	5.167200e-01	5.010484e-01	5.070971e-01
10	10_19002	19002	0	C	T	0.486	-2.037309e+06	4.783916e+06	-6.491629e+02	1.000000e-05	1.000000e-05	6.729701e-01	6.614003e-01	6.646841e-01
10	10_19004	19004	0	A	G	0.486	-2.037309e+06	4.783916e+06	-6.491629e+02	1.000000e-05	1.000000e-05	6.729701e-01	6.614003e-01	6.646841e-01
10	10_19008	19008	0	T	C	0.400	1.859415e+06	4.883294e+06	-6.491820e+02	1.000000e-05	1.000000e-05	7.058137e-01	6.952726e-01	6.981047e-01
10	10_19015	19015	0	G	A	0.486	-2.037309e+06	4.783916e+06	-6.491629e+02	1.000000e-05	1.000000e-05	6.729701e-01	6.614003e-01	6.646841e-01
10	10_19031	19031	0	A	G	0.514	-2.380739e+06	4.779126e+06	-6.491277e+02	1.000000e-05	1.000000e-05	6.216797e-01	6.086044e-01	6.126776e-01
10	10_19062	19062	1	A	G	0.412	1.542212e+06	4.935434e+06	-6.492071e+02	1.000000e-05	1.000000e-05	7.566438e-01	7.477788e-01	7.499851e-01
10	10_19067	19067	1	T	A	0.500	-2.278132e+06	4.848918e+06	-6.488842e+02	1.000000e-05	1.000000e+05	6.415716e-01	3.867711e-01	6.328185e-01
10	10_19151	19151	2	G	A	0.364	1.934694e+06	5.121762e+06	-6.491833e+02	1.000000e-05	1.000000e-05	7.080426e-01	6.975730e-01	7.003758e-01
10	10_318276	318276	0	G	A	0.286	3.162670e+06	5.278317e+06	-6.490694e+02	1.000000e-05	1.000000e-05	5.531434e-01	5.382886e-01	5.435937e-01
10	10_381155	381155	0	G	A	0.371	6.563594e+05	4.960669e+06	-6.492084e+02	1.000000e-05	1.000000e+05	8.955404e-01	7.509083e-01	8.924694e-01
10	10_387430	387430	1	A	G	0.500	-5.359029e+05	4.864222e+06	-6.492523e+02	1.000000e-05	1.000000e-05	9.129400e-01	9.096727e-01	9.103683e-01
10	10_474627	474627	0	A	G	0.429	4.113088e+05	6.776408e+06	-6.492364e+02	8.176871e-02	1.000000e-05	9.519665e-01	8.323922e-01	8.337462e-01
10	10_583208	583208	1	A	G	0.265	-1.929649e+06	5.503376e+06	-6.491937e+02	1.000000e-05	1.000000e-05	7.280944e-01	7.182765e-01	7.208239e-01
10	10_584652	584652	0	G	T	0.314	-3.286130e+06	5.132566e+06	-6.484683e+02	1.000000e-05	1.000000e+05	5.264304e-01	2.086189e-01	5.168110e-01
10	10_612064	612064	0	A	G	0.286	3.120038e+06	5.279303e+06	-6.490745e+02	1.000000e-05	1.000000e-05	5.585507e-01	5.438253e-01	5.490254e-01
10	10_724149	724149	0	G	A	0.171	-3.175320e+06	6.337156e+06	-6.491261e+02	1.000000e-05	1.000000e-05	6.196522e-01	6.065203e-01	6.106269e-01
10	10_724150	724150	0	A	G	0.171	-3.175320e+06	6.337156e+06	-6.491261e+02	1.000000e-05	1.000000e-05	6.196522e-01	6.065203e-01	6.106269e-01
10	10_969715	969715	0	T	C	0.371	6.563594e+05	4.960669e+06	-6.492084e+02	1.000000e-05	1.000000e+05	8.955404e-01	7.509083e-01	8.924694e-01
10	10_989095	989095	0	G	A	0.429	4.113088e+05	6.776408e+06	-6.492364e+02	8.176871e-02	1.000000e-05	9.519665e-01	8.323922e-01	8.337462e-01
11	11_9749	9749	1	A	G	0.118	1.482726e+07	7.094780e+06	-6.470836e+02	1.000000e-05	1.000000e-05	4.441365e-02	3.700054e-02	5.128065e-02
11	11_10019	10019	4	G	C	0.355	-7.382643e+06	5.166712e+06	-6.482082e+02	1.000000e-05	1.000000e-05	1.624350e-01	1.471924e-01	1.626779e-01
11	11_10896	10896	0	C	G	0.143	-6.910966e+06	6.744801e+06	-6.475864e+02	1.000000e-05	1.000000e+05	3.129876e-01	6.741768e-02	3.064343e-01
11	11_10931	10931	1	T	A	0.176	-5.693963e+06	6.303205e+06	-6.480498e+02	1.000000e-05	1.000000e+05	3.728905e-01	1.199499e-01	3.647531e-01
11	11_10934	10934	1	G	T	0.206	-6.530076e+06	5.907366e+06	-6.477194e+02	1.000000e-05	1.000000e+05	2.769752e-01	7.932345e-02	2.716788e-01
11	11_104630	104630	0	A	G	0.200	-6.406557e+05	5.992552e+06	-6.492527e+02	1.000000e-05	1.000000e-05	9.155088e-01	9.123371e-01	9.130114e-01
11	11_104688	104688	1	G	A	0.147	-4.974752e+05	6.867562e+06	-6.492560e+02	1.000000e-05	1.000000e-05	9.426903e-01	9.405344e-01	9.409871e-01
11	11_152800	152800	0	C	T	0.429	4.113088e+05	6.776408e+06	-6.492364e+02	8.176871e-02	1.000000e-05	9.519665e-01	8.323922e-01	8.337462e-01
11	11_153063	153063	0	A	G	0.429	4.113088e+05	6.776408e+06	-6.492364e+02	8.176871e-02	1.000000e-05	9.519665e-01	8.323922e-01	8.337462e-01
11	11_159356	159356	0	A	C	0.286	3.120038e+06	5.279303e+06	-6.490745e+02	1.000000e-05	1.000000e-05	5.585507e-01	5.438253e-01	5.490254e-01
11	11_165295	165295	0	A	G	0.543	-5.022188e+05	5.104875e+06	-6.492495e+02	1.124474e-02	1.000000e-05	9.222255e-01	8.916486e-01	8.924903e-01
11	11_236388	236388	0	A	G	0.429	4.113088e+05	6.776408e+06	-6.492364e+02	8.176871e-02	1.000000e-05	9.519665e-01	8.323922e-01	8.337462e-01
11	11_384025	384025	0	T	C	0.171	1.355741e+07	5.907225e+06	-6.466672e+02	1.000000e-05	1.000000e-05	2.822403e-02	2.280802e-02	3.531378e-02
11	11_393213	393213	0	G	A	0.429	4.113088e+05	6.776408e+06	-6.492364e+02	8.176871e-02	1.000000e-05	9.519665e-01	8.323922e-01	8.337462e-01
11	11_433361	433361	0	G	A	0.429	4.113088e+05	6.776408e+06	-6.492364e+02	8.176871e-02	1.000000e-05	9.519665e-01	8.323922e-01	8.337462e-01
11	11_547884	547884	0	T	C	0.514	-6.927257e+05	4.795556e+06	-6.492477e+02	1.000000e-05	1.000000e-05	8.860225e-01	8.817580e-01	8.826816e-01
11	11_548586	548586	0	C	T	0.429	4.113088e+05	6.776408e+06	-6.492364e+02	8.176871e-02	1.000000e-05	9.519665e-01	8.323922e-01	8.337462e-01
11	11_621705	621705	0	A	C	0.429	4.113088e+05	6.776408e+06	-6.492364e+02	8.176871e-02	1.000000e-05	9.519665e-01	8.323922e-01	8.337462e-01
11	11_674162	674162	0	C	A	0.429	4.113088e+05	6.776408e+06	-6.492364e+02	8.176871e-02	1.000000e-05	9.519665e-01	8.323922e-01	8.337462e-01
11	11_804706	804706	2	A	G	0.394	-9.728214e+06	4.760805e+06	-6.460093e+02	1.000000e-05	1.000000e+05	4.906432e-02	1.079361e-02	5.577569e-02
11	11_804710	804710	6	C	T	0.379	-9.540936e+06	5.167764e+06	-6.470448e+02	1.000000e-05	1.000000e+05	7.384338e-02	3.535684e-02	7.938358e-02
11	11_804742	804742	3	G	A	0.312	-1.834186e+06	5.399922e+06	-6.491977e+02	1.000000e-05	1.000000e-05	7.362583e-01	7.267100e-01	7.291572e-01
11	11_804763	804763	4	C	T	0.161	-2.710013e+06	6.910031e+06	-6.491774e+02	1.000000e-05	1.000000e-05	6.974428e-01	6.866352e-01	6.895787e-01
11	11_966513	966513	1	T	A	0.147	-6.555567e+06	6.772627e+06	-6.487688e+02	1.000000e-05	1.000000e-05	3.401101e-01	3.222318e-01	3.327628e-01
11	11_966516	966516	2	C	T	0.121	-7.456614e+06	7.452808e+06	-6.487358e+02	1.000000e-05	1.000000e-05	3.243437e-01	3.064520e-01	3.174422e-01
11	11_966519	966519	0	C	T	0.143	-7.050393e+06	6.740412e+06	-6.486880e+02	1.000000e-05	1.000000e-05	3.031678e-01	2.853189e-01	2.969340e-01
11	11_966569	966569	2	C	G	0.152	-4.998861e+06	6.830914e+06	-6.489771e+02	1.000000e-05	1.000000e-05	4.694563e-01	4.528825e-01	4.599915e-01
11	11_966644	966644	4	C	A	0.226	-4.703317e+06	6.037405e+06	-6.489399e+02	1.000000e-05	1.000000e-05	4.415133e-01	4.245010e-01	4.322874e-01
11	11_966669	966669	3	C	T	0.344	-1.483026e+06	5.272659e+06	-6.492169e+02	1.000000e-05	1.000000e-05	7.802616e-01	7.722051e-01	7.741476e-01
11	11_966684	966684	3	C	T	0.500	-4.012658e+06	4.965706e+06	-6.489159e+02	1.000000e-05	1.000000e-05	4.248351e-01	4.075982e-01	4.158065e-01
11	11_966699	966699	2	T	C	0.242	-5.755472e+05	5.760457e+06	-6.492535e+02	1.000000e-05	1.000000e-05	9.210176e-01	9.180512e-01	9.186801e-01
11	11_966700	966700	3	G	A	0.250	-9.906451e+05	5.787786e+06	-6.492432e+02	1.000000e-05	1.000000e-05	8.651421e-01	8.601112e-01	8.612187e-01
11	11_966735	966735	2	A	C	0.152	-4.144524e+06	6.848219e+06	-6.490656e+02	1.000000e-05	1.000000e-05	5.491875e-01	5.342392e-01	5.396220e-01
11	11_966738	966738	3	T	A	0.188	-4.763052e+06	6.370087e+06	-6.489648e+02	1.000000e-05	1.000000e-05	4.599236e-01	4.431917e-01	4.505277e-01
11	11_966756	966756	0	A	G	0.171	-6.443705e+06	6.261537e+06	-6.487060e+02	1.000000e-05	1.000000e-05	3.109200e-01	2.930470e-01	3.044325e-01
11	11_966757	966757	0	T	C	0.171	-6.443705e+06	6.261537e+06	-6.487060e+02	1.000000e-05	1.000000e-05	3.109200e-01	2.930470e-01	3.044325e-01
11	11_966771	966771	1	T	C	0.176	-5.117279e+06	6.318171e+06	-6.489143e+02	1.000000e-05	1.000000e-05	4.237824e-01	4.065323e-01	4.147676e-01
11	11_966787	966787	1	T	C	0.088	-7.939429e+06	8.463847e+06	-6.487983e+02	1.000000e-05	1.000000e-05	3.550389e-01	3.372066e-01	3.473092e-01
11	11_966792	966792	1	T	C	0.088	-7.939429e+06	8.463847e+06	-6.487983e+02	1.000000e-05	1.000000e-05	3.550389e-01	3.372066e-01	3.473092e-01
11	11_1272894	1272894	0	A	G	0.343	1.982719e+06	5.039248e+06	-6.491769e+02	1.000000e-05	1.000000e-05	6.965139e-01	6.856769e-01	6.886328e-01
11	11_1301130	1301130	0	T	C	0.171	1.054330e+07	6.090870e+06	-6.477378e+02	1.000000e-05	1.000000e-05	9.279342e-02	8.114289e-02	9.723987e-02
11	11_1314578	1314578	0	G	C	0.429	4.113088e+05	6.776408e+06	-6.492364e+02	8.176871e-02	1.000000e-05	9.519665e-01	8.323922e-01	8.337462e-01
11	11_1478119	1478119	0	A	G	0.429	-3.458882e+06	4.807026e+06	-6.489863e+02	1.000000e-05	1.000000e-05	4.768691e-01	4.604240e-01	4.673596e-01
11	11_1501898	1501898	0	G	T	0.343	1.982719e+06	5.039248e+06	-6.491769e+02	1.000000e-05	1.000000e-05	6.965139e-01	6.856769e-01	6.886328e-01
11	11_1538971	1538971	0	T	C	0.400	-7.203761e+05	5.090479e+06	-6.492532e+02	8.982272e-03	1.000000e-05	8.883240e-01	9.163027e-01	9.169454e-01
12	12_11092	11092	0	A	G	0.314	8.985717e+05	5.162073e+06	-6.492427e+02	1.000000e-05	1.000000e-05	8.628725e-01	8.577586e-01	8.588866e-01
12	12_11094	11094	0	A	G	0.229	1.764944e+06	5.701188e+06	-6.491293e+02	1.000000e-05	1.000000e+05	7.588307e-01	6.108648e-01	7.522211e-01
12	12_11122	11122	1	C	G	0.382	2.096470e+05	5.005417e+06	-6.492578e+02	1.000000e-05	1.000000e-05	9.668436e-01	9.655947e-01	9.658551e-01
12	12_11170	11170	0	T	C	0.343	-6.578683e+05	5.049605e+06	-6.492498e+02	1.000000e-05	1.000000e-05	8.971349e-01	8.932810e-01	8.941094e-01
12	12_11223	11223	0	G	C	0.143	-3.298967e+05	6.851062e+06	-6.492575e+02	1.000000e-05	1.000000e-05	9.618848e-01	9.604495e-01	9.607492e-01
12	12_11400	11400	0	A	C	0.229	7.062581e+05	5.708135e+06	-6.492506e+02	1.000000e-05	1.000000e-05	9.022809e-01	8.986177e-01	8.994025e-01
12	12_11406	11406	0	A	G	0.229	7.062581e+05	5.708135e+06	-6.492506e+02	1.000000e-05	1.000000e-05	9.022809e-01	8.986177e-01	8.994025e-01
12	12_11407	11407	0	C	A	0.229	7.062581e+05	5.708135e+06	-6.492506e+02	1.000000e-05	1.000000e-05	9.022809e-01	8.986177e-01	8.994025e-01
12	12_11410	11410	0	C	T	0.229	7.062581e+05	5.708135e+06	-6.492506e+02	1.000000e-05	1.000000e-05	9.022809e-01	8.986177e-01	8.994025e-01
12	12_11413	11413	1	T	G	0.235	1.229136e+06	5.730514e+06	-6.492344e+02	1.000000e-05	1.000000e-05	8.314851e-01	8.252350e-01	8.266550e-01
12	12_13625	13625	0	G	A	0.543	-5.022188e+05	5.104875e+06	-6.492495e+02	1.124474e-02	1.000000e-05	9.222255e-01	8.916486e-01	8.924903e-01
12	12_13643	13643	0	G	A	0.543	-5.022188e+05	5.104875e+06	-6.492495e+02	1.124474e-02	1.000000e-05	9.222255e-01	8.916486e-01	8.924903e-01
12	12_13645	13645	0	A	G	0.543	-5.022188e+05	5.104875e+06	-6.492495e+02	1.124474e-02	1.000000e-05	9.222255e-01	8.916486e-01	8.924903e-01
12	12_13857	13857	3	A	G	0.219	7.200593e+06	5.934253e+06	-6.484949e+02	1.000000e-05	1.000000e-05	2.335927e-01	2.164539e-01	2.301237e-01
12	12_13936	13936	1	C	T	0.294	6.205408e+06	5.228084e+06	-6.485272e+02	1.000000e-05	1.000000e-05	2.437268e-01	2.264236e-01	2.398003e-01
12	12_13979	13979	3	T	C	0.312	7.581552e+06	5.245940e+06	-6.481848e+02	1.000000e-05	1.000000e-05	1.578252e-01	1.427581e-01	1.583356e-01
12	12_14009	14009	1	C	T	0.412	7.382207e+06	4.772516e+06	-6.480338e+02	1.000000e-05	1.000000e-05	1.314450e-01	1.175344e-01	1.335311e-01
12	12_14035	14035	1	C	T	0.441	7.970273e+06	4.698337e+06	-6.477956e+02	1.000000e-05	1.000000e-05	9.922473e-02	8.714297e-02	1.032833e-01
12	12_14096	14096	4	C	T	0.323	-9.744357e+05	5.446832e+06	-6.492418e+02	1.000000e-05	1.000000e-05	8.591104e-01	8.538594e-01	8.550214e-01
12	12_14104	14104	4	C	T	0.258	3.418242e+06	5.791292e+06	-6.490750e+02	1.000000e-05	1.000000e-05	5.590515e-01	5.443382e-01	5.495286e-01
12	12_14114	14114	4	T	C	0.226	7.543122e+05	6.091267e+06	-6.492506e+02	1.000000e-05	1.000000e-05	9.021971e-01	8.985308e-01	8.993163e-01
12	12_14125	14125	1	A	G	0.147	1.266065e+06	6.864611e+06	-6.492407e+02	1.000000e-05	1.000000e-05	8.548020e-01	8.493942e-01	8.505955e-01
12	12_14197	14197	0	G	A	0.143	-1.504349e+06	6.846246e+06	-6.492332e+02	1.000000e-05	1.000000e-05	8.274324e-01	8.210371e-01	8.224962e-01
12	12_14202	14202	0	A	G	0.143	-1.504349e+06	6.846246e+06	-6.492332e+02	1.000000e-05	1.000000e-05	8.274324e-01	8.210371e-01	8.224962e-01
12	12_14301	14301	2	G	A	0.455	-1.926755e+06	4.947213e+06	-6.491785e+02	1.000000e-05	1.000000e-05	6.994360e-01	6.886916e-01	6.916083e-01
12	12_14318	14318	0	A	G	0.229	2.768351e+06	5.689005e+06	-6.491336e+02	1.000000e-05	1.000000e-05	6.297481e-01	6.169007e-01	6.208424e-01
12	12_14599	14599	1	G	A	0.118	-4.693221e+06	7.505479e+06	-6.467129e+02	1.000000e-05	1.000000e+05	5.360708e-01	2.403882e-02	5.264667e-01
12	12_14635	14635	0	G	A	0.286	-7.644614e+06	5.629449e+06	-6.472953e+02	7.427929e-02	1.000000e+05	1.836868e-01	4.751754e-02	2.608694e-01
12	12_14741	14741	1	C	G	0.324	1.065057e+07	4.924426e+06	-6.462125e+02	2.347004e-02	1.000000e+05	3.790032e-02	1.357595e-02	5.003872e-02
12	12_14783	14783	2	A	G	0.182	1.108456e+07	6.103740e+06	-6.475918e+02	1.000000e-05	1.000000e-05	7.846107e-02	6.786638e-02	8.374424e-02
12	12_15014	15014	2	A	G	0.394	1.357044e+06	5.047497e+06	-6.492205e+02	1.000000e-05	1.000000e-05	7.897152e-01	7.819870e-01	7.838281e-01
12	12_19728	19728	0	A	G	0.200	6.468929e+06	5.886881e+06	-6.486299e+02	1.000000e-05	1.000000e-05	2.797766e-01	2.620626e-01	2.743740e-01
12	12_19741	19741	0	C	T	0.343	3.540799e+06	5.013066e+06	-6.488903e+02	1.000000e-05	1.000000e+05	4.849501e-01	3.906516e-01	4.754004e-01
12	12_22806	22806	0	T	C	0.314	2.760595e+06	5.142145e+06	-6.491066e+02	1.000000e-05	1.000000e-05	5.949680e-01	5.811647e-01	5.856929e-01
12	12_259454	259454	0	A	G	0.143	-7.703844e+06	6.718748e+06	-6.479762e+02	1.000000e-05	1.000000e+05	2.597853e-01	1.092433e-01	2.551720e-01
12	12_315987	315987	0	T	C	0.429	4.113088e+05	6.776408e+06	-6.492364e+02	8.176871e-02	1.000000e-05	9.519665e-01	8.323922e-01	8.337462e-01
12	12_495113	495113	0	T	C	0.143	1.220063e+07	6.513900e+06	-6.474908e+02	1.000000e-05	1.000000e-05	6.994741e-02	6.004964e-02	7.569774e-02
12	12_502808	502808	2	A	G	0.424	6.392059e+06	4.870209e+06	-6.483683e+02	1.000000e-05	1.000000e-05	1.984133e-01	1.820364e-01	1.966747e-01
12	12_502864	502864	4	T	C	0.419	-3.278216e+06	5.130788e+06	-6.490436e+02	1.000000e-05	1.000000e-05	5.272785e-01	5.118334e-01	5.176600e-01
12	12_502865	502865	3	G	T	0.438	-3.979487e+06	5.006537e+06	-6.489269e+02	1.000000e-05	1.000000e-05	4.323758e-01	4.152369e-01	4.232529e-01
12	12_502882	502882	4	G	A	0.419	-4.864142e+06	5.092513e+06	-6.487815e+02	1.000000e-05	1.000000e-05	3.464441e-01	3.285814e-01	3.389299e-01
12	12_502888	502888	1	G	A	0.471	-5.913696e+06	4.763340e+06	-6.484599e+02	1.000000e-05	1.000000e-05	2.231727e-01	2.062277e-01	2.201936e-01
12	12_502890	502890	4	G	A	0.419	-4.591632e+06	5.100171e+06	-6.488341e+02	1.000000e-05	1.000000e-05	3.744894e-01	3.567627e-01	3.663181e-01
12	12_502909	502909	1	C	T	0.412	6.531719e+06	4.809879e+06	-6.479073e+02	1.000000e-05	1.000000e+05	1.836831e-01	1.001615e-01	1.827317e-01
12	12_502926	502926	3	G	C	0.406	-3.814359e+06	5.061773e+06	-6.489602e+02	1.000000e-05	1.000000e-05	4.564555e-01	4.396684e-01	4.470880e-01
12	12_502937	502937	5	C	T	0.433	3.993146e+06	5.179283e+06	-6.489463e+02	1.000000e-05	1.000000e-05	4.462015e-01	4.292575e-01	4.369277e-01
12	12_502942	502942	3	T	C	0.406	5.189146e+06	5.024584e+06	-6.487021e+02	1.000000e-05	1.000000e-05	3.092299e-01	2.913613e-01	3.027968e-01
12	12_502956	502956	2	A	G	0.333	7.044247e+06	5.092001e+06	-6.482722e+02	1.000000e-05	1.000000e-05	1.758319e-01	1.601201e-01	1.753140e-01
12	12_503049	503049	2	C	G	0.152	1.795536e+06	6.879007e+06	-6.492227e+02	1.000000e-05	1.000000e-05	7.957016e-01	7.881825e-01	7.899607e-01
12	12_503112	503112	6	G	A	0.172	3.197780e+06	6.950260e+06	-6.491376e+02	1.000000e-05	1.000000e+05	6.484653e-01	6.225686e-01	6.398072e-01
12	12_503171	503171	4	G	A	0.194	-1.682183e+06	6.441218e+06	-6.492226e+02	1.000000e-05	1.000000e-05	7.955928e-01	7.880699e-01	7.898492e-01
12	12_503254	503254	1	G	C	0.500	7.337259e+06	4.767221e+06	-6.468626e+02	2.091021e-02	1.000000e+05	1.333132e-01	2.858721e-02	1.507012e-01
12	12_503293	503293	2	A	C	0.455	-3.532814e+06	4.920282e+06	-6.487750e+02	1.000000e-05	1.000000e+05	4.778036e-01	3.253151e-01	4.682890e-01
12	12_503311	503311	3	C	A	0.469	-8.759322e+05	5.022111e+06	-6.492426e+02	1.000000e-05	1.000000e-05	8.626049e-01	8.574812e-01	8.586116e-01
12	12_503313	503313	3	T	A	0.469	-2.131214e+06	5.010705e+06	-6.491631e+02	1.000000e-05	1.000000e-05	6.733555e-01	6.617975e-01	6.650757e-01
12	12_503321	503321	3	C	T	0.438	-7.579749e+05	5.052516e+06	-6.492468e+02	1.000000e-05	1.000000e-05	8.816626e-01	8.772375e-01	8.781990e-01
12	12_503327	503327	3	A	C	0.406	1.296046e+05	5.105085e+06	-6.492584e+02	1.000000e-05	1.000000e-05	9.798989e-01	9.791415e-01	9.792991e-01
12	12_503356	503356	4	A	C	0.355	-3.086647e+06	5.296972e+06	-6.490796e+02	1.000000e-05	1.000000e-05	5.640433e-01	5.494515e-01	5.545463e-01
12	12_503357	503357	3	T	G	0.375	-5.359588e+05	5.178217e+06	-6.492531e+02	1.000000e-05	1.000000e-05	9.181906e-01	9.151188e-01	9.157710e-01
12	12_503364	503364	4	T	C	0.355	3.584679e+05	5.323788e+06	-6.492564e+02	1.000000e-05	1.000000e-05	9.467227e-01	9.447180e-01	9.451384e-01
12	12_503366	503366	4	C	T	0.355	1.425228e+05	5.324096e+06	-6.492584e+02	1.000000e-05	1.000000e-05	9.788049e-01	9.780063e-01	9.781725e-01
12	12_503401	503401	1	A	G	0.324	2.984037e+05	5.199234e+06	-6.492570e+02	1.000000e-05	1.000000e-05	9.545776e-01	9.528677e-01	9.532254e-01
12	12_503416	503416	0	G	A	0.200	2.894507e+05	5.993374e+06	-6.492575e+02	1.000000e-05	1.000000e-05	9.617722e-01	9.603326e-01	9.606331e-01
12	12_503422	503422	0	T	G	0.171	9.299276e+05	6.359161e+06	-6.492474e+02	1.000000e-05	1.000000e-05	8.846261e-01	8.803101e-01	8.812458e-01
12	12_503453	503453	0	T	C	0.171	-2.232206e+06	6.349361e+06	-6.485248e+02	1.000000e-05	1.000000e+05	7.274003e-01	2.256646e-01	7.201156e-01
12	12_537923	537923	0	G	A	0.429	5.315587e+06	4.755367e+06	-6.483471e+02	1.000000e-05	1.000000e+05	2.717209e-01	1.769104e-01	2.666276e-01
12	12_704606	704606	0	A	G	0.343	1.982719e+06	5.039248e+06	-6.491769e+02	1.000000e-05	1.000000e-05	6.965139e-01	6.856769e-01	6.886328e-01
13	13_11108	11108	0	C	T	0.171	-2.039210e+06	6.351303e+06	-6.492042e+02	1.000000e-05	1.000000e-05	7.501823e-01	7.410992e-01	7.433805e-01
13	13_11118	11118	0	T	C	0.257	-8.327548e+06	5.290362e+06	-6.479918e+02	1.000000e-05	1.000000e-05	1.250046e-01	1.114196e-01	1.274840e-01
13	13_11130	11130	1	A	G	0.294	-7.753086e+06	5.165021e+06	-6.481029e+02	1.000000e-05	1.000000e-05	1.428446e-01	1.284008e-01	1.442415e-01
13	13_52884	52884	0	A	G	0.143	-3.200517e+06	6.828561e+06	-6.484503e+02	1.000000e-05	1.000000e+05	6.423688e-01	2.035161e-01	6.336265e-01
13	13_111766	111766	0	G	A	0.429	4.113088e+05	6.776408e+06	-6.492364e+02	8.176871e-02	1.000000e-05	9.519665e-01	8.323922e-01	8.337462e-01
13	13_128625	128625	6	A	G	0.448	4.973817e+06	5.224745e+06	-6.485463e+02	1.000000e-05	1.000000e+05	3.480317e-01	2.326013e-01	3.404767e-01
13	13_128715	128715	3	G	A	0.375	4.445354e+06	5.120907e+06	-6.485909e+02	1.000000e-05	1.000000e+05	3.916202e-01	2.477969e-01	3.831118e-01
13	13_128729	128729	3	G	A	0.312	5.620114e+06	5.320129e+06	-6.486768e+02	1.000000e-05	1.000000e-05	2.984641e-01	2.806346e-01	2.923895e-01
13	13_162462	162462	0	A	G	0.171	5.530631e+06	6.287944e+06	-6.476520e+02	1.000000e-05	1.000000e+05	3.854574e-01	7.303089e-02	3.770647e-01
13	13_219021	219021	3	C	T	0.156	1.022966e+06	6.903102e+06	-6.492471e+02	1.000000e-05	1.000000e-05	8.830952e-01	8.787228e-01	8.796718e-01
13	13_219311	219311	0	A	T	0.229	-1.395316e+06	5.704214e+06	-6.492271e+02	1.000000e-05	1.000000e-05	8.082720e-01	8.011951e-01	8.028440e-01
13	13_219312	219312	0	A	G	0.200	-1.227454e+06	5.989785e+06	-6.492365e+02	1.000000e-05	1.000000e-05	8.388898e-01	8.329060e-01	8.342553e-01
13	13_365348	365348	0	T	C	0.543	-5.022188e+05	5.104875e+06	-6.492495e+02	1.124474e-02	1.000000e-05	9.222255e-01	8.916486e-01	8.924903e-01
13	13_436539	436539	0	G	A	0.429	4.113088e+05	6.776408e+06	-6.492364e+02	8.176871e-02	1.000000e-05	9.519665e-01	8.323922e-01	8.337462e-01
13	13_436551	436551	0	C	G	0.429	4.113088e+05	6.776408e+06	-6.492364e+02	8.176871e-02	1.000000e-05	9.519665e-01	8.323922e-01	8.337462e-01
13	13_436554	436554	0	T	C	0.429	4.113088e+05	6.776408e+06	-6.492364e+02	8.176871e-02	1.000000e-05	9.519665e-01	8.323922e-01	8.337462e-01
13	13_511459	511459	0	T	C	0.429	4.113088e+05	6.776408e+06	-6.492364e+02	8.176871e-02	1.000000e-05	9.519665e-01	8.323922e-01	8.337462e-01
13	13_548791	548791	0	T	C	0.143	1.220063e+07	6.513900e+06	-6.474908e+02	1.000000e-05	1.000000e-05	6.994741e-02	6.004964e-02	7.569774e-02
13	13_655915	655915	0	A	G	0.429	-5.423915e+06	4.751659e+06	-6.485811e+02	1.000000e-05	1.000000e-05	2.618867e-01	2.443440e-01	2.571870e-01
13	13_723038	723038	0	G	A	0.371	6.563594e+05	4.960669e+06	-6.492084e+02	1.000000e-05	1.000000e+05	8.955404e-01	7.509083e-01	8.924694e-01
13	13_742766	742766	5	G	A	0.200	-7.264867e+06	6.349088e+06	-6.485779e+02	1.000000e-05	1.000000e-05	2.607570e-01	2.432272e-01	2.561037e-01
13	13_742771	742771	1	C	A	0.235	-4.096996e+06	5.689887e+06	-6.489860e+02	1.000000e-05	1.000000e-05	4.765644e-01	4.601139e-01	4.670565e-01
13	13_746053	746053	0	G	A	0.114	1.871189e+07	6.795033e+06	-6.437912e+02	1.000000e-05	1.000000e+05	9.506621e-03	9.435707e-04	1.532967e-02
13	13_747478	747478	0	G	A	0.086	-5.374941e+06	8.512872e+06	-6.480881e+02	1.000000e-05	1.000000e+05	5.321352e-01	1.259763e-01	5.225234e-01
13	13_748576	748576	0	C	G	0.429	4.113088e+05	6.776408e+06	-6.492364e+02	8.176871e-02	1.000000e-05	9.519665e-01	8.323922e-01	8.337462e-01
14	14_23327	23327	0	C	T	0.429	4.113088e+05	6.776408e+06	-6.492364e+02	8.176871e-02	1.000000e-05	9.519665e-01	8.323922e-01	8.337462e-01
14	14_68046	68046	0	A	G	0.429	4.113088e+05	6.776408e+06	-6.492364e+02	8.176871e-02	1.000000e-05	9.519665e-01	8.323922e-01	8.337462e-01
14	14_149196	149196	0	A	G	0.171	1.054330e+07	6.090870e+06	-6.477378e+02	1.000000e-05	1.000000e-05	9.279342e-02	8.114289e-02	9.723987e-02
14	14_155590	155590	0	T	C	0.200	9.823149e+05	5.991142e+06	-6.492445e+02	1.000000e-05	1.000000e-05	8.707618e-01	8.659364e-01	8.669938e-01
14	14_231768	231768	0	A	G	0.143	1.220063e+07	6.513900e+06	-6.474908e+02	1.000000e-05	1.000000e-05	6.994741e-02	6.004964e-02	7.569774e-02
14	14_271762	271762	0	T	C	0.429	4.113088e+05	6.776408e+06	-6.492364e+02	8.176871e-02	1.000000e-05	9.519665e-01	8.323922e-01	8.337462e-01
14	14_342562	342562	0	T	G	0.486	8.212148e+06	4.578867e+06	-6.476311e+02	1.000000e-05	1.000000e-05	8.206383e-02	7.119057e-02	8.714149e-02
14	14_351837	351837	0	G	T	0.200	-7.399307e+06	6.261935e+06	-6.487063e+02	4.679077e-02	1.183185e-02	2.457970e-01	2.931991e-01	3.053089e-01
14	14_383626	383626	0	A	G	0.514	-6.927257e+05	4.795556e+06	-6.492477e+02	1.000000e-05	1.000000e-05	8.860225e-01	8.817580e-01	8.826816e-01
14	14_555698	555698	0	G	A	0.429	4.113088e+05	6.776408e+06	-6.492364e+02	8.176871e-02	1.000000e-05	9.519665e-01	8.323922e-01	8.337462e-01
14	14_558889	558889	0	T	C	0.400	2.335467e+06	4.877111e+06	-6.491376e+02	1.000000e-05	1.000000e-05	6.351941e-01	6.225025e-01	6.263571e-01
14	14_612687	612687	0	T	C	0.371	6.563594e+05	4.960669e+06	-6.492084e+02	1.000000e-05	1.000000e+05	8.955404e-01	7.509083e-01	8.924694e-01
14	14_618816	618816	0	G	T	0.429	4.113088e+05	6.776408e+06	-6.492364e+02	8.176871e-02	1.000000e-05	9.519665e-01	8.323922e-01	8.337462e-01
14	14_716719	716719	0	T	C	0.429	4.113088e+05	6.776408e+06	-6.492364e+02	8.176871e-02	1.000000e-05	9.519665e-01	8.323922e-01	8.337462e-01
14	14_773166	773166	0	T	C	0.286	3.120038e+06	5.279303e+06	-6.490745e+02	1.000000e-05	1.000000e-05	5.585507e-01	5.438253e-01	5.490254e-01
14	14_852745	852745	0	T	G	0.514	-6.927257e+05	4.795556e+06	-6.492477e+02	1.000000e-05	1.000000e-05	8.860225e-01	8.817580e-01	8.826816e-01
14	14_908850	908850	0	A	G	0.543	-3.280688e+06	4.778575e+06	-6.487524e+02	1.000000e-05	1.000000e+05	4.971681e-01	3.142652e-01	4.875745e-01
14	14_908994	908994	1	C	T	0.147	-5.085157e+06	6.810813e+06	-6.489656e+02	1.000000e-05	1.000000e-05	4.605735e-01	4.438522e-01	4.511726e-01
14	14_909011	909011	1	T	C	0.176	-5.031060e+06	6.320281e+06	-6.487559e+02	1.000000e-05	1.000000e+05	4.317106e-01	3.159384e-01	4.225957e-01
14	14_909450	909450	0	G	T	0.171	-3.899015e+06	6.324924e+06	-6.488634e+02	1.000000e-05	1.000000e+05	5.418255e-01	3.738881e-01	5.322358e-01
14	14_909472	909472	1	G	T	0.235	-1.638665e+05	5.734354e+06	-6.492583e+02	1.000000e-05	1.000000e-05	9.773747e-01	9.765222e-01	9.766996e-01
14	14_909504	909504	2	T	G	0.212	-3.031112e+06	6.016458e+06	-6.491202e+02	1.000000e-05	1.000000e+05	6.177464e-01	5.986058e-01	6.086996e-01
14	14_909638	909638	2	T	C	0.515	9.000649e+06	4.780891e+06	-6.475974e+02	2.935943e-02	2.839585e-02	6.859205e-02	6.832707e-02	8.556751e-02
14	14_909661	909661	1	A	G	0.529	9.741047e+06	4.659152e+06	-6.471948e+02	2.638493e-02	2.535369e-02	4.433229e-02	4.218112e-02	5.800077e-02
14	14_909704	909704	0	A	G	0.486	7.114737e+06	4.634202e+06	-6.480514e+02	1.000000e-05	1.000000e-05	1.342515e-01	1.202046e-01	1.361670e-01
14	14_910040	910040	2	A	G	0.364	7.386734e+06	4.968918e+06	-6.481244e+02	1.000000e-05	1.000000e-05	1.466164e-01	1.320077e-01	1.477878e-01
14	14_910103	910103	1	A	G	0.412	8.454051e+06	4.718256e+06	-6.476341e+02	1.000000e-05	1.000000e-05	8.234359e-02	7.144909e-02	8.740513e-02
14	14_910152	910152	1	A	G	0.353	5.612023e+06	4.995381e+06	-6.486019e+02	1.000000e-05	1.000000e-05	2.693563e-01	2.517346e-01	2.643560e-01
14	14_910181	910181	1	G	A	0.412	7.359866e+06	4.773506e+06	-6.480415e+02	1.000000e-05	1.000000e-05	1.326543e-01	1.186846e-01	1.346669e-01
14	14_910258	910258	1	G	T	0.471	-3.355736e+06	4.838185e+06	-6.490055e+02	1.000000e-05	1.000000e-05	4.927905e-01	4.766383e-01	4.832104e-01
14	14_910323	910323	1	T	C	0.471	-7.082528e+06	4.714780e+06	-6.481012e+02	1.000000e-05	1.000000e-05	1.425559e-01	1.281249e-01	1.439701e-01
14	14_910328	910328	1	G	A	0.471	-4.185400e+06	4.818541e+06	-6.488632e+02	1.000000e-05	1.000000e-05	3.913377e-01	3.737415e-01	3.828344e-01
14	14_910510	910510	1	A	G	0.412	-5.150762e+06	4.860428e+06	-6.486731e+02	1.000000e-05	1.000000e-05	2.969607e-01	2.791383e-01	2.909379e-01
14	14_910555	910555	2	C	T	0.394	-3.208175e+06	5.022066e+06	-6.490437e+02	1.000000e-05	1.000000e-05	5.273521e-01	5.119086e-01	5.177337e-01
14	14_910742	910742	0	A	G	0.343	-4.998050e+06	4.975303e+06	-6.487316e+02	1.000000e-05	1.000000e-05	3.224126e-01	3.045218e-01	3.155687e-01
14	14_910822	910822	1	G	A	0.294	-7.448832e+06	5.178573e+06	-6.481946e+02	1.000000e-05	1.000000e-05	1.597393e-01	1.445984e-01	1.601383e-01
14	14_910834	910834	1	T	A	0.235	-7.735587e+06	5.574067e+06	-6.482661e+02	1.000000e-05	1.000000e-05	1.745035e-01	1.588356e-01	1.740600e-01
14	14_910926	910926	4	G	A	0.452	-9.456049e+06	4.846968e+06	-6.473485e+02	1.000000e-05	1.000000e-05	5.960010e-02	5.063059e-02	6.586896e-02
14	14_910939	910939	5	C	A	0.500	-1.913959e+06	5.168319e+06	-6.491862e+02	1.000000e-05	1.000000e-05	7.135066e-01	7.032131e-01	7.059450e-01
14	14_910964	910964	1	G	A	0.471	-5.208792e+06	4.788222e+06	-6.486422e+02	1.000000e-05	1.000000e-05	2.845498e-01	2.668005e-01	2.789696e-01
14	14_910966	910966	0	T	C	0.457	-4.645681e+06	4.744153e+06	-6.487575e+02	1.000000e-05	1.000000e-05	3.345845e-01	3.166972e-01	3.273885e-01
14	14_910979	910979	3	A	G	0.469	4.387953e+06	4.966024e+06	-6.488496e+02	1.000000e-05	1.000000e-05	3.833072e-01	3.656444e-01	3.749564e-01
14	14_911099	911099	2	A	G	0.485	4.080365e+06	4.888973e+06	-6.488752e+02	1.000000e-05	1.000000e+05	4.099413e-01	3.811117e-01	4.011245e-01
14	14_911129	911129	2	T	C	0.485	3.498142e+06	4.902633e+06	-6.489019e+02	1.000000e-05	1.000000e+05	4.805383e-01	3.981933e-01	4.710094e-01
14	14_911206	911206	1	G	A	0.471	-5.545177e+06	4.776779e+06	-6.485583e+02	1.000000e-05	1.000000e-05	2.540273e-01	2.365798e-01	2.496548e-01
14	14_911262	911262	5	A	C	0.433	1.795937e+06	5.216508e+06	-6.490065e+02	1.000000e-05	1.000000e+05	7.328205e-01	4.775530e-01	7.256475e-01
14	14_911292	911292	4	A	G	0.355	-4.858840e+04	5.324212e+06	-6.492587e+02	1.000000e-05	1.000000e-05	9.927736e-01	9.925013e-01	9.925579e-01
14	14_911297	911297	6	A	C	0.379	1.847099e+05	5.428057e+06	-6.492582e+02	1.000000e-05	1.000000e-05	9.730592e-01	9.720443e-01	9.722557e-01
14	14_911308	911308	3	C	T	0.281	-3.794325e+06	5.537419e+06	-6.490115e+02	1.000000e-05	1.000000e-05	4.979933e-01	4.819416e-01	4.883975e-01
14	14_911314	911314	0	A	G	0.143	-2.165649e+06	6.840866e+06	-6.492057e+02	1.000000e-05	1.000000e-05	7.535599e-01	7.445907e-01	7.468326e-01
14	14_911321	911321	6	G	A	0.276	-2.500938e+05	5.892729e+06	-6.492578e+02	1.000000e-05	1.000000e-05	9.664028e-01	9.651374e-01	9.654013e-01
14	14_911352	911352	6	G	A	0.414	-6.932507e+06	5.209731e+06	-6.470673e+02	1.000000e-05	1.000000e+05	1.924152e-01	3.630210e-02	1.909928e-01
14	14_911375	911375	5	G	A	0.333	1.116324e+07	5.138030e+06	-6.449523e+02	1.000000e-05	1.000000e+05	3.708776e-02	3.337882e-03	4.413007e-02
14	14_911385	911385	3	G	A	0.375	9.926514e+06	4.882293e+06	-6.450870e+02	1.000000e-05	1.000000e+05	5.014346e-02	3.870835e-03	5.681474e-02
14	14_911414	911414	5	G	A	0.233	1.447343e+06	6.117319e+06	-6.484561e+02	1.000000e-05	1.000000e+05	8.144316e-01	2.051408e-01	8.091598e-01
14	14_924025	924025	0	T	C	0.400	-4.149996e+06	4.840251e+06	-6.488732e+02	1.000000e-05	1.000000e-05	3.974121e-01	3.798715e-01	3.888004e-01
14	14_924047	924047	1	C	A	0.471	-4.682965e+06	4.804773e+06	-6.487621e+02	1.000000e-05	1.000000e-05	3.368254e-01	3.189412e-01	3.295674e-01
14	14_924049	924049	1	T	A	0.471	-4.682965e+06	4.804773e+06	-6.487621e+02	1.000000e-05	1.000000e-05	3.368254e-01	3.189412e-01	3.295674e-01
14	14_924050	924050	1	C	G	0.471	-4.682965e+06	4.804773e+06	-6.487621e+02	1.000000e-05	1.000000e-05	3.368254e-01	3.189412e-01	3.295674e-01
14	14_924059	924059	0	T	C	0.486	3.373168e+06	4.760900e+06	-6.489946e+02	1.000000e-05	1.000000e-05	4.836010e-01	4.672770e-01	4.740574e-01
14	14_924128	924128	0	G	A	0.400	7.572937e+05	4.892147e+06	-6.486556e+02	1.000000e-05	1.000000e+05	8.779236e-01	2.720649e-01	8.743552e-01
14	14_924776	924776	0	A	G	0.429	2.405118e+06	4.826629e+06	-6.491276e+02	1.000000e-05	1.000000e-05	6.215764e-01	6.084982e-01	6.125731e-01
14	14_924866	924866	0	G	A	0.257	-3.304544e+06	5.455198e+06	-6.490652e+02	1.000000e-05	1.000000e-05	5.488179e-01	5.338610e-01	5.392511e-01
14	14_925085	925085	0	G	A	0.143	-2.456471e+06	6.837916e+06	-6.491905e+02	1.000000e-05	1.000000e-05	7.217021e-01	7.116748e-01	7.143021e-01
