chr	rs	ps	n_miss	allele1	allele0	af	beta	se	logl_H1	l_remle	l_mle	p_wald	p_lrt	p_score
1	1_44747	44747	0	C	G	0.250	2.328850e+00	1.470587e+00	-7.526576e+01	1.000000e-05	1.000000e+05	1.275512e-01	1.158507e-01	1.395836e-01
1	1_44753	44753	1	G	A	0.261	2.260009e+00	1.487418e+00	-7.535231e+01	1.000000e-05	1.000000e+05	1.428995e-01	1.294197e-01	1.528438e-01
1	1_44785	44785	1	G	A	0.174	-5.250225e-02	1.811286e+00	-7.646284e+01	1.000000e-05	1.000000e+05	9.771370e-01	7.795003e-01	7.822889e-01
1	1_47564	47564	0	G	A	0.417	-9.056504e-02	1.363126e+00	-7.650060e+01	1.000000e-05	1.000000e+05	9.476282e-01	9.573341e-01	9.578182e-01
1	1_47575	47575	1	G	A	0.435	-2.282772e-01	1.384084e+00	-7.648890e+01	1.000000e-05	1.000000e+05	8.705050e-01	8.712433e-01	8.727572e-01
1	1_47671	47671	2	G	A	0.409	-3.260334e-01	1.426072e+00	-7.649902e+01	1.000000e-05	1.000000e+05	8.212734e-01	9.381116e-01	9.388173e-01
1	1_47684	47684	2	C	G	0.455	-5.413571e-01	1.405072e+00	-7.648088e+01	1.000000e-05	1.000000e+05	7.037241e-01	8.370355e-01	8.389968e-01
1	1_47686	47686	2	A	G	0.455	-5.413571e-01	1.405072e+00	-7.648088e+01	1.000000e-05	1.000000e+05	7.037241e-01	8.370355e-01	8.389968e-01
1	1_101060	101060	0	T	C	0.083	5.456799e-01	2.428980e+00	-7.650138e+01	1.000000e-05	1.000000e+05	8.243220e-01	9.711110e-01	9.714380e-01
1	1_170985	170985	0	A	G	0.083	5.456799e-01	2.428980e+00	-7.650138e+01	1.000000e-05	1.000000e+05	8.243220e-01	9.711110e-01	9.714380e-01
1	1_291990	291990	1	T	G	0.348	-5.436551e-01	1.436874e+00	-7.643541e+01	1.000000e-05	1.000000e+05	7.087899e-01	7.150928e-01	7.189509e-01
1	1_309593	309593	2	A	G	0.364	-4.062558e-01	1.456713e+00	-7.641989e+01	1.000000e-05	1.000000e+05	7.829376e-01	6.852487e-01	6.896648e-01
1	1_363954	363954	0	A	G	0.208	2.115361e-01	1.654362e+00	-7.642092e+01	1.000000e-05	1.000000e+05	8.994169e-01	6.871109e-01	6.914910e-01
1	1_477160	477160	0	A	C	0.167	-5.746811e-01	1.799267e+00	-7.644587e+01	1.000000e-05	1.000000e+05	7.524384e-01	7.375047e-01	7.409711e-01
1	1_606536	606536	0	A	G	0.083	5.456799e-01	2.428980e+00	-7.650138e+01	1.000000e-05	1.000000e+05	8.243220e-01	9.711110e-01	9.714380e-01
1	1_743295	743295	0	T	C	0.083	5.456799e-01	2.428980e+00	-7.650138e+01	1.000000e-05	1.000000e+05	8.243220e-01	9.711110e-01	9.714380e-01
1	1_807596	807596	0	T	C	0.083	5.456799e-01	2.428980e+00	-7.650138e+01	1.000000e-05	1.000000e+05	8.243220e-01	9.711110e-01	9.714380e-01
1	1_927896	927896	0	C	T	0.208	2.115361e-01	1.654362e+00	-7.642092e+01	1.000000e-05	1.000000e+05	8.994169e-01	6.871109e-01	6.914910e-01
1	1_927901	927901	0	C	A	0.208	2.115361e-01	1.654362e+00	-7.642092e+01	1.000000e-05	1.000000e+05	8.994169e-01	6.871109e-01	6.914910e-01
1	1_944973	944973	0	G	C	0.333	-5.169487e-01	1.421521e+00	-7.650194e+01	1.000000e-05	1.000000e+05	7.195840e-01	9.893188e-01	9.894395e-01
1	1_971811	971811	1	G	T	0.087	-1.941529e+00	2.401140e+00	-7.634182e+01	1.000000e-05	1.000000e+05	4.274111e-01	5.713580e-01	5.783462e-01
1	1_975012	975012	0	C	T	0.125	-2.002829e+00	1.986864e+00	-7.529179e+01	1.000000e-05	1.000000e+05	3.243967e-01	1.197572e-01	1.434107e-01
1	1_975152	975152	3	T	C	0.333	-1.136788e+00	1.504780e+00	-7.620679e+01	1.000000e-05	1.000000e+05	4.579908e-01	4.422312e-01	4.531424e-01
1	1_975212	975212	0	C	T	0.375	-1.254665e+00	1.362264e+00	-7.607462e+01	1.000000e-05	1.000000e+05	3.670328e-01	3.551889e-01	3.693943e-01
1	1_975397	975397	2	T	C	0.409	1.393459e+00	1.396513e+00	-7.620287e+01	1.000000e-05	1.000000e+05	3.292192e-01	4.392213e-01	4.502378e-01
1	1_975445	975445	2	T	C	0.273	1.197358e+00	1.555401e+00	-7.646069e+01	1.000000e-05	1.000000e+05	4.496021e-01	7.736788e-01	7.765572e-01
1	1_975457	975457	2	A	G	0.318	9.866410e-02	1.506995e+00	-7.647797e+01	1.000000e-05	1.000000e+05	9.483905e-01	8.263716e-01	8.284786e-01
1	1_975510	975510	1	T	C	0.130	-9.372693e-01	2.028753e+00	-7.614148e+01	1.000000e-05	1.000000e+05	6.486227e-01	3.957801e-01	4.083866e-01
1	1_1065714	1065714	0	G	A	0.208	2.115361e-01	1.654362e+00	-7.642092e+01	1.000000e-05	1.000000e+05	8.994169e-01	6.871109e-01	6.914910e-01
1	1_1317098	1317098	0	T	C	0.625	5.307226e-01	1.383705e+00	-7.631589e+01	1.000000e-05	1.000000e+05	7.049922e-01	5.417565e-01	5.495433e-01
1	1_1354376	1354376	0	A	G	0.333	-5.169487e-01	1.421521e+00	-7.650194e+01	1.000000e-05	1.000000e+05	7.195840e-01	9.893188e-01	9.894395e-01
1	1_1471243	1471243	0	T	C	0.333	-5.169487e-01	1.421521e+00	-7.650194e+01	1.000000e-05	1.000000e+05	7.195840e-01	9.893188e-01	9.894395e-01
1	1_1509932	1509932	0	A	C	0.292	-2.025831e-01	1.478083e+00	-7.649765e+01	1.000000e-05	1.000000e+05	8.922315e-01	9.254330e-01	9.262869e-01
1	1_1509935	1509935	0	G	C	0.292	-2.025831e-01	1.478083e+00	-7.649765e+01	1.000000e-05	1.000000e+05	8.922315e-01	9.254330e-01	9.262869e-01
1	1_1509940	1509940	0	G	C	0.292	-2.025831e-01	1.478083e+00	-7.649765e+01	1.000000e-05	1.000000e+05	8.922315e-01	9.254330e-01	9.262869e-01
1	1_1581524	1581524	1	A	G	0.217	1.153137e+00	1.646237e+00	-7.626592e+01	1.000000e-05	1.000000e+05	4.909771e-01	4.919696e-01	5.012329e-01
1	1_1583615	1583615	0	C	T	0.333	-5.169487e-01	1.421521e+00	-7.650194e+01	1.000000e-05	1.000000e+05	7.195840e-01	9.893188e-01	9.894395e-01
1	1_1943622	1943622	0	G	A	0.333	-5.169487e-01	1.421521e+00	-7.650194e+01	1.000000e-05	1.000000e+05	7.195840e-01	9.893188e-01	9.894395e-01
1	1_2108016	2108016	0	G	C	0.292	-2.025831e-01	1.478083e+00	-7.649765e+01	1.000000e-05	1.000000e+05	8.922315e-01	9.254330e-01	9.262869e-01
1	1_2194658	2194658	0	A	G	0.083	5.456799e-01	2.428980e+00	-7.650138e+01	1.000000e-05	1.000000e+05	8.243220e-01	9.711110e-01	9.714380e-01
1	1_2205937	2205937	0	G	C	0.333	-5.169487e-01	1.421521e+00	-7.650194e+01	1.000000e-05	1.000000e+05	7.195840e-01	9.893188e-01	9.894395e-01
2	2_71426	71426	0	T	C	0.333	-5.169487e-01	1.421521e+00	-7.650194e+01	1.000000e-05	1.000000e+05	7.195840e-01	9.893188e-01	9.894395e-01
2	2_140257	140257	0	G	A	0.333	-5.169487e-01	1.421521e+00	-7.650194e+01	1.000000e-05	1.000000e+05	7.195840e-01	9.893188e-01	9.894395e-01
2	2_150696	150696	0	T	C	0.333	-5.169487e-01	1.421521e+00	-7.650194e+01	1.000000e-05	1.000000e+05	7.195840e-01	9.893188e-01	9.894395e-01
2	2_270700	270700	2	T	C	0.364	-1.954041e-01	1.458690e+00	-7.644704e+01	1.000000e-05	1.000000e+05	8.946532e-01	7.401591e-01	7.435804e-01
2	2_270799	270799	4	A	G	0.150	-1.227467e+00	2.045232e+00	-7.623602e+01	1.000000e-05	1.000000e+05	5.545319e-01	4.657605e-01	4.758703e-01
2	2_270855	270855	0	G	A	0.458	1.024154e+00	1.331097e+00	-7.641697e+01	1.000000e-05	1.000000e+05	4.498350e-01	6.799973e-01	6.845162e-01
2	2_270969	270969	1	T	G	0.435	1.254873e+00	1.358852e+00	-7.611781e+01	1.000000e-05	1.000000e+05	3.657753e-01	3.806981e-01	3.938864e-01
2	2_270970	270970	1	T	A	0.435	1.254873e+00	1.358852e+00	-7.611781e+01	1.000000e-05	1.000000e+05	3.657753e-01	3.806981e-01	3.938864e-01
2	2_270971	270971	1	C	A	0.435	1.254873e+00	1.358852e+00	-7.611781e+01	1.000000e-05	1.000000e+05	3.657753e-01	3.806981e-01	3.938864e-01
2	2_270994	270994	0	A	G	0.458	1.024149e+00	1.331099e+00	-7.646255e+01	1.000000e-05	1.000000e+05	4.498378e-01	7.787131e-01	7.815138e-01
2	2_294465	294465	1	G	A	0.174	7.253781e-01	1.804705e+00	-7.643217e+01	1.000000e-05	1.000000e+05	6.916084e-01	7.085546e-01	7.125314e-01
2	2_508674	508674	0	G	A	0.333	-5.169487e-01	1.421521e+00	-7.650194e+01	1.000000e-05	1.000000e+05	7.195840e-01	9.893188e-01	9.894395e-01
2	2_595266	595266	0	A	G	0.333	-5.169487e-01	1.421521e+00	-7.650194e+01	1.000000e-05	1.000000e+05	7.195840e-01	9.893188e-01	9.894395e-01
2	2_697983	697983	0	A	G	0.583	8.528715e-01	1.351120e+00	-7.619416e+01	1.000000e-05	1.000000e+05	5.343922e-01	4.326337e-01	4.438829e-01
2	2_774357	774357	0	A	C	0.333	-5.169487e-01	1.421521e+00	-7.650194e+01	1.000000e-05	1.000000e+05	7.195840e-01	9.893188e-01	9.894395e-01
2	2_820645	820645	0	T	A	0.333	-5.169487e-01	1.421521e+00	-7.650194e+01	1.000000e-05	1.000000e+05	7.195840e-01	9.893188e-01	9.894395e-01
2	2_963693	963693	0	T	G	0.292	-2.025831e-01	1.478083e+00	-7.649765e+01	1.000000e-05	1.000000e+05	8.922315e-01	9.254330e-01	9.262869e-01
2	2_983795	983795	0	G	C	0.583	8.528715e-01	1.351120e+00	-7.619416e+01	1.000000e-05	1.000000e+05	5.343922e-01	4.326337e-01	4.438829e-01
2	2_1088064	1088064	0	T	C	0.083	5.456799e-01	2.428980e+00	-7.650138e+01	1.000000e-05	1.000000e+05	8.243220e-01	9.711110e-01	9.714380e-01
2	2_1162362	1162362	0	G	C	0.333	-5.169487e-01	1.421521e+00	-7.650194e+01	1.000000e-05	1.000000e+05	7.195840e-01	9.893188e-01	9.894395e-01
2	2_1225303	1225303	0	A	G	0.583	8.528715e-01	1.351120e+00	-7.619416e+01	1.000000e-05	1.000000e+05	5.343922e-01	4.326337e-01	4.438829e-01
2	2_1406556	1406556	0	G	A	0.333	-5.169487e-01	1.421521e+00	-7.650194e+01	1.000000e-05	1.000000e+05	7.195840e-01	9.893188e-01	9.894395e-01
2	2_1519281	1519281	0	T	C	0.333	-5.169487e-01	1.421521e+00	-7.650194e+01	1.000000e-05	1.000000e+05	7.195840e-01	9.893188e-01	9.894395e-01
3	3_61845	61845	0	G	T	0.333	-5.169487e-01	1.421521e+00	-7.650194e+01	1.000000e-05	1.000000e+05	7.195840e-01	9.893188e-01	9.894395e-01
3	3_83036	83036	0	T	C	0.333	-5.169487e-01	1.421521e+00	-7.650194e+01	1.000000e-05	1.000000e+05	7.195840e-01	9.893188e-01	9.894395e-01
3	3_84476	84476	0	T	C	0.333	-5.169487e-01	1.421521e+00	-7.650194e+01	1.000000e-05	1.000000e+05	7.195840e-01	9.893188e-01	9.894395e-01
3	3_97584	97584	0	G	T	0.083	5.456799e-01	2.428980e+00	-7.650138e+01	1.000000e-05	1.000000e+05	8.243220e-01	9.711110e-01	9.714380e-01
3	3_189938	189938	0	T	C	0.083	5.456799e-01	2.428980e+00	-7.650138e+01	1.000000e-05	1.000000e+05	8.243220e-01	9.711110e-01	9.714380e-01
3	3_207299	207299	1	A	G	0.130	5.298491e-01	2.035439e+00	-7.640548e+01	1.000000e-05	1.000000e+05	7.970441e-01	6.603375e-01	6.652536e-01
3	3_288811	288811	0	T	C	0.125	1.806208e-01	2.031872e+00	-7.643681e+01	1.000000e-05	1.000000e+05	9.299706e-01	7.179643e-01	7.217710e-01
3	3_296203	296203	0	G	A	0.208	2.115361e-01	1.654362e+00	-7.642092e+01	1.000000e-05	1.000000e+05	8.994169e-01	6.871109e-01	6.914910e-01
3	3_354680	354680	0	C	T	0.333	-5.169487e-01	1.421521e+00	-7.650194e+01	1.000000e-05	1.000000e+05	7.195840e-01	9.893188e-01	9.894395e-01
3	3_401715	401715	0	T	C	0.333	-5.169487e-01	1.421521e+00	-7.650194e+01	1.000000e-05	1.000000e+05	7.195840e-01	9.893188e-01	9.894395e-01
3	3_449970	449970	0	T	C	0.292	-2.025831e-01	1.478083e+00	-7.649765e+01	1.000000e-05	1.000000e+05	8.922315e-01	9.254330e-01	9.262869e-01
3	3_485530	485530	0	T	C	0.208	2.115361e-01	1.654362e+00	-7.642092e+01	1.000000e-05	1.000000e+05	8.994169e-01	6.871109e-01	6.914910e-01
3	3_493126	493126	0	C	T	0.375	-5.307226e-01	1.383705e+00	-7.631589e+01	1.000000e-05	1.000000e+05	7.049922e-01	5.417565e-01	5.495433e-01
3	3_741271	741271	0	T	C	0.083	5.456799e-01	2.428980e+00	-7.650138e+01	1.000000e-05	1.000000e+05	8.243220e-01	9.711110e-01	9.714380e-01
3	3_750294	750294	0	T	G	0.250	6.720504e-01	1.545517e+00	-7.648112e+01	1.000000e-05	1.000000e+05	6.679154e-01	8.379489e-01	8.398979e-01
3	3_860957	860957	0	A	T	0.500	7.117374e-01	1.335603e+00	-7.647895e+01	1.000000e-05	1.000000e+05	5.994478e-01	8.298806e-01	8.319393e-01
3	3_862065	862065	0	G	A	0.208	2.493720e+00	1.567212e+00	-7.426037e+01	1.000000e-05	1.000000e+05	1.258368e-01	3.422716e-02	5.547608e-02
3	3_862068	862068	0	G	A	0.208	2.493720e+00	1.567212e+00	-7.426037e+01	1.000000e-05	1.000000e+05	1.258368e-01	3.422716e-02	5.547608e-02
3	3_862069	862069	2	A	G	0.227	2.446502e+00	1.591818e+00	-7.462920e+01	1.000000e-05	1.000000e+05	1.385710e-01	5.294477e-02	7.597729e-02
3	3_968415	968415	1	G	C	0.348	-5.436551e-01	1.436874e+00	-7.643541e+01	1.000000e-05	1.000000e+05	7.087899e-01	7.150928e-01	7.189509e-01
3	3_1070130	1070130	0	G	A	0.333	-5.169487e-01	1.421521e+00	-7.650194e+01	1.000000e-05	1.000000e+05	7.195840e-01	9.893188e-01	9.894395e-01
3	3_1071924	1071924	0	G	A	0.333	1.879882e+00	1.368241e+00	-7.547238e+01	1.000000e-05	1.000000e+05	1.832980e-01	1.512789e-01	1.740468e-01
3	3_1071929	1071929	0	C	T	0.333	1.879882e+00	1.368241e+00	-7.547238e+01	1.000000e-05	1.000000e+05	1.832980e-01	1.512789e-01	1.740468e-01
3	3_1180025	1180025	0	C	T	0.333	-5.169487e-01	1.421521e+00	-7.650194e+01	1.000000e-05	1.000000e+05	7.195840e-01	9.893188e-01	9.894395e-01
3	3_1234218	1234218	0	G	A	0.208	-1.888541e+00	1.605218e+00	-7.566701e+01	1.000000e-05	1.000000e+05	2.519683e-01	1.962511e-01	2.173019e-01
3	3_1318833	1318833	0	T	C	0.333	-5.169487e-01	1.421521e+00	-7.650194e+01	1.000000e-05	1.000000e+05	7.195840e-01	9.893188e-01	9.894395e-01
3	3_1330004	1330004	0	T	C	0.083	5.456799e-01	2.428980e+00	-7.650138e+01	1.000000e-05	1.000000e+05	8.243220e-01	9.711110e-01	9.714380e-01
3	3_1334793	1334793	0	C	T	0.083	5.456799e-01	2.428980e+00	-7.650138e+01	1.000000e-05	1.000000e+05	8.243220e-01	9.711110e-01	9.714380e-01
4	4_53256	53256	0	T	C	0.083	5.456799e-01	2.428980e+00	-7.650138e+01	1.000000e-05	1.000000e+05	8.243220e-01	9.711110e-01	9.714380e-01
4	4_106294	106294	0	C	T	0.250	-2.033793e-01	1.551580e+00	-7.650133e+01	1.000000e-05	1.000000e+05	8.969042e-01	9.700798e-01	9.704185e-01
4	4_577501	577501	0	G	A	0.333	-5.169487e-01	1.421521e+00	-7.650194e+01	1.000000e-05	1.000000e+05	7.195840e-01	9.893188e-01	9.894395e-01
4	4_667433	667433	0	G	T	0.333	-1.120373e+00	1.405592e+00	-7.627593e+01	1.000000e-05	1.000000e+05	4.339221e-01	5.012852e-01	5.102592e-01
4	4_667446	667446	0	G	A	0.375	-5.728822e-01	1.382910e+00	-7.646087e+01	1.000000e-05	1.000000e+05	6.826961e-01	7.741629e-01	7.770338e-01
4	4_667490	667490	1	G	A	0.435	-7.726681e-02	1.384849e+00	-7.647207e+01	1.000000e-05	1.000000e+05	9.560092e-01	8.066215e-01	8.090070e-01
4	4_679331	679331	0	T	A	0.333	-5.169487e-01	1.421521e+00	-7.650194e+01	1.000000e-05	1.000000e+05	7.195840e-01	9.893188e-01	9.894395e-01
4	4_901105	901105	1	G	A	0.348	-5.436551e-01	1.436874e+00	-7.643541e+01	1.000000e-05	1.000000e+05	7.087899e-01	7.150928e-01	7.189509e-01
4	4_995956	995956	2	A	G	0.273	-2.628706e+00	1.473207e+00	-7.474667e+01	1.000000e-05	1.000000e+05	8.816742e-02	6.097261e-02	8.442463e-02
4	4_1076446	1076446	0	G	A	0.333	3.212803e-01	1.424089e+00	-7.637683e+01	1.000000e-05	1.000000e+05	8.235919e-01	6.167941e-01	6.226654e-01
4	4_1076465	1076465	0	G	A	0.375	-6.932057e-03	1.388279e+00	-7.646343e+01	1.000000e-05	1.000000e+05	9.960610e-01	7.811160e-01	7.838798e-01
5	5_7093	7093	0	G	A	0.417	-1.206165e-01	1.363023e+00	-7.641053e+01	1.000000e-05	1.000000e+05	9.302863e-01	6.687983e-01	6.735409e-01
5	5_168988	168988	0	G	A	0.083	5.456799e-01	2.428980e+00	-7.650138e+01	1.000000e-05	1.000000e+05	8.243220e-01	9.711110e-01	9.714380e-01
5	5_276722	276722	0	A	G	0.583	8.528715e-01	1.351120e+00	-7.619416e+01	1.000000e-05	1.000000e+05	5.343922e-01	4.326337e-01	4.438829e-01
5	5_475470	475470	1	T	C	0.391	6.421782e-01	1.400073e+00	-7.599965e+01	1.000000e-05	1.000000e+05	6.509669e-01	3.161594e-01	3.319926e-01
5	5_476407	476407	0	T	A	0.542	1.501862e+00	1.310333e+00	-7.581538e+01	1.000000e-05	1.000000e+05	2.640400e-01	2.412456e-01	2.603563e-01
5	5_500266	500266	1	G	A	0.435	-5.283734e-01	1.380350e+00	-7.649863e+01	1.000000e-05	1.000000e+05	7.055546e-01	9.342141e-01	9.349651e-01
5	5_676974	676974	0	A	C	0.458	4.803048e-01	1.344994e+00	-7.630932e+01	1.000000e-05	1.000000e+05	7.244155e-01	5.347160e-01	5.427013e-01
5	5_773775	773775	0	C	T	0.083	5.456799e-01	2.428980e+00	-7.650138e+01	1.000000e-05	1.000000e+05	8.243220e-01	9.711110e-01	9.714380e-01
5	5_835130	835130	1	A	G	0.391	1.686067e-01	1.406289e+00	-7.644760e+01	1.000000e-05	1.000000e+05	9.056547e-01	7.414470e-01	7.448467e-01
5	5_835251	835251	1	G	C	0.304	-4.813056e-02	1.492046e+00	-7.649384e+01	1.000000e-05	1.000000e+05	9.745571e-01	8.981232e-01	8.993035e-01
5	5_835261	835261	2	A	G	0.273	4.428821e-01	1.573378e+00	-7.642772e+01	1.000000e-05	1.000000e+05	7.809691e-01	6.998498e-01	7.039876e-01
5	5_836479	836479	0	G	A	0.375	-9.840798e-01	1.372336e+00	-7.616501e+01	1.000000e-05	1.000000e+05	4.808670e-01	4.116456e-01	4.236564e-01
5	5_836568	836568	0	A	G	0.417	1.071627e+00	1.343981e+00	-7.620833e+01	1.000000e-05	1.000000e+05	4.337683e-01	4.434251e-01	4.542946e-01
5	5_836697	836697	0	A	G	0.542	-2.780282e-01	1.347585e+00	-7.640773e+01	1.000000e-05	1.000000e+05	8.384416e-01	6.640728e-01	6.689119e-01
5	5_836899	836899	1	G	A	0.087	-1.030735e+00	2.426629e+00	-7.643160e+01	1.000000e-05	1.000000e+05	6.751372e-01	7.074172e-01	7.114148e-01
5	5_975686	975686	0	C	G	0.375	-5.307226e-01	1.383705e+00	-7.631589e+01	1.000000e-05	1.000000e+05	7.049922e-01	5.417565e-01	5.495433e-01
5	5_1037902	1037902	0	A	G	0.333	-5.169487e-01	1.421521e+00	-7.650194e+01	1.000000e-05	1.000000e+05	7.195840e-01	9.893188e-01	9.894395e-01
5	5_1099536	1099536	0	A	G	0.083	5.456799e-01	2.428980e+00	-7.650138e+01	1.000000e-05	1.000000e+05	8.243220e-01	9.711110e-01	9.714380e-01
5	5_1166880	1166880	0	A	G	0.083	5.456799e-01	2.428980e+00	-7.650138e+01	1.000000e-05	1.000000e+05	8.243220e-01	9.711110e-01	9.714380e-01
5	5_1210544	1210544	0	A	G	0.583	8.528715e-01	1.351120e+00	-7.619416e+01	1.000000e-05	1.000000e+05	5.343922e-01	4.326337e-01	4.438829e-01
5	5_1245074	1245074	0	G	A	0.500	-2.932164e-01	1.342769e+00	-7.611735e+01	1.000000e-05	1.000000e+05	8.291561e-01	3.804103e-01	3.936099e-01
5	5_1405166	1405166	0	G	A	0.250	-2.033793e-01	1.551580e+00	-7.650133e+01	1.000000e-05	1.000000e+05	8.969042e-01	9.700798e-01	9.704185e-01
5	5_1597105	1597105	0	C	T	0.625	5.307226e-01	1.383705e+00	-7.631589e+01	1.000000e-05	1.000000e+05	7.049922e-01	5.417565e-01	5.495433e-01
5	5_1661241	1661241	0	G	A	0.083	5.456799e-01	2.428980e+00	-7.650138e+01	1.000000e-05	1.000000e+05	8.243220e-01	9.711110e-01	9.714380e-01
5	5_1688982	1688982	0	A	G	0.250	-2.033793e-01	1.551580e+00	-7.650133e+01	1.000000e-05	1.000000e+05	8.969042e-01	9.700798e-01	9.704185e-01
5	5_1695239	1695239	0	C	T	0.083	5.456799e-01	2.428980e+00	-7.650138e+01	1.000000e-05	1.000000e+05	8.243220e-01	9.711110e-01	9.714380e-01
5	5_1770892	1770892	0	G	A	0.375	-1.025867e+00	1.370943e+00	-7.640705e+01	1.000000e-05	1.000000e+05	4.622087e-01	6.629475e-01	6.678097e-01
5	5_1773044	1773044	0	G	A	0.125	-8.789379e-01	2.023573e+00	-7.614723e+01	1.000000e-05	1.000000e+05	6.682650e-01	3.995725e-01	4.120351e-01
5	5_1773047	1773047	0	G	A	0.292	8.930917e-01	1.466356e+00	-7.634921e+01	1.000000e-05	1.000000e+05	5.487262e-01	5.803651e-01	5.871217e-01
5	5_1781499	1781499	0	C	A	0.333	-5.169487e-01	1.421521e+00	-7.650194e+01	1.000000e-05	1.000000e+05	7.195840e-01	9.893188e-01	9.894395e-01
6	6_191358	191358	0	C	T	0.083	-1.911782e+00	2.397338e+00	-7.633209e+01	1.000000e-05	1.000000e+05	4.337071e-01	5.598939e-01	5.671846e-01
6	6_211509	211509	0	T	C	0.083	-1.911780e+00	2.397338e+00	-7.643553e+01	1.000000e-05	1.000000e+05	4.337075e-01	7.153453e-01	7.191989e-01
6	6_220264	220264	1	G	A	0.391	-7.819155e-01	1.396846e+00	-7.608164e+01	1.000000e-05	1.000000e+05	5.812900e-01	3.591714e-01	3.732154e-01
6	6_220267	220267	1	G	A	0.391	-7.819155e-01	1.396846e+00	-7.608164e+01	1.000000e-05	1.000000e+05	5.812900e-01	3.591714e-01	3.732154e-01
6	6_221273	221273	3	A	G	0.429	-7.039712e-01	1.444117e+00	-7.635193e+01	1.000000e-05	1.000000e+05	6.307440e-01	5.837551e-01	5.904258e-01
6	6_221275	221275	2	A	G	0.455	-7.291980e-01	1.401205e+00	-7.631504e+01	1.000000e-05	1.000000e+05	6.079775e-01	5.408368e-01	5.486494e-01
6	6_221282	221282	1	A	C	0.478	-8.668405e-01	1.361923e+00	-7.610521e+01	1.000000e-05	1.000000e+05	5.310290e-01	3.729977e-01	3.864888e-01
6	6_239210	239210	0	G	A	0.333	-5.169487e-01	1.421521e+00	-7.650194e+01	1.000000e-05	1.000000e+05	7.195840e-01	9.893188e-01	9.894395e-01
6	6_276397	276397	0	A	G	0.083	5.456799e-01	2.428980e+00	-7.650138e+01	1.000000e-05	1.000000e+05	8.243220e-01	9.711110e-01	9.714380e-01
6	6_406899	406899	0	C	T	0.333	-5.169487e-01	1.421521e+00	-7.650194e+01	1.000000e-05	1.000000e+05	7.195840e-01	9.893188e-01	9.894395e-01
6	6_465434	465434	0	A	G	0.083	5.456799e-01	2.428980e+00	-7.650138e+01	1.000000e-05	1.000000e+05	8.243220e-01	9.711110e-01	9.714380e-01
6	6_484890	484890	0	T	C	0.333	-5.169487e-01	1.421521e+00	-7.650194e+01	1.000000e-05	1.000000e+05	7.195840e-01	9.893188e-01	9.894395e-01
6	6_499210	499210	0	G	C	0.333	-5.169487e-01	1.421521e+00	-7.650194e+01	1.000000e-05	1.000000e+05	7.195840e-01	9.893188e-01	9.894395e-01
6	6_544412	544412	0	G	A	0.083	5.456799e-01	2.428980e+00	-7.650138e+01	1.000000e-05	1.000000e+05	8.243220e-01	9.711110e-01	9.714380e-01
6	6_554477	554477	0	G	T	0.083	5.456799e-01	2.428980e+00	-7.650138e+01	1.000000e-05	1.000000e+05	8.243220e-01	9.711110e-01	9.714380e-01
6	6_602467	602467	0	C	G	0.333	-5.169487e-01	1.421521e+00	-7.650194e+01	1.000000e-05	1.000000e+05	7.195840e-01	9.893188e-01	9.894395e-01
6	6_659075	659075	0	T	C	0.333	-5.169487e-01	1.421521e+00	-7.650194e+01	1.000000e-05	1.000000e+05	7.195840e-01	9.893188e-01	9.894395e-01
6	6_739933	739933	0	G	T	0.375	-1.478535e+00	1.352017e+00	-7.490240e+01	1.000000e-05	1.000000e+05	2.859705e-01	7.367164e-02	9.751629e-02
6	6_761983	761983	0	T	C	0.083	5.456799e-01	2.428980e+00	-7.650138e+01	1.000000e-05	1.000000e+05	8.243220e-01	9.711110e-01	9.714380e-01
6	6_936535	936535	0	T	A	0.083	5.456795e-01	2.428975e+00	-7.648177e+01	1.000000e-05	1.000000e+05	8.243217e-01	8.404571e-01	8.423724e-01
6	6_960726	960726	0	A	G	0.083	5.456799e-01	2.428980e+00	-7.650138e+01	1.000000e-05	1.000000e+05	8.243220e-01	9.711110e-01	9.714380e-01
6	6_988043	988043	0	T	C	0.292	7.871558e-01	1.469112e+00	-7.650155e+01	1.000000e-05	1.000000e+05	5.974701e-01	9.752283e-01	9.755086e-01
6	6_988098	988098	1	A	G	0.348	2.313034e+00	1.354512e+00	-7.577210e+01	1.000000e-05	1.000000e+05	1.017763e-01	2.269501e-01	2.466881e-01
6	6_988261	988261	3	A	G	0.238	-1.194349e+00	1.667626e+00	-7.624511e+01	1.000000e-05	1.000000e+05	4.814035e-01	4.734789e-01	4.833344e-01
6	6_988405	988405	2	T	C	0.318	-2.181718e+00	1.433569e+00	-7.496210e+01	1.000000e-05	1.000000e+05	1.422841e-01	7.926719e-02	1.032029e-01
6	6_988465	988465	0	T	C	0.583	-1.607437e+00	1.319485e+00	-7.606798e+01	1.000000e-05	1.000000e+05	2.360402e-01	3.514805e-01	3.658370e-01
6	6_988478	988478	2	A	G	0.409	-2.830901e-03	1.427768e+00	-7.603916e+01	1.000000e-05	1.000000e+05	9.984359e-01	3.359691e-01	3.509661e-01
6	6_988549	988549	2	A	G	0.364	4.443503e-01	1.456209e+00	-7.621239e+01	1.000000e-05	1.000000e+05	7.631264e-01	4.465889e-01	4.573488e-01
6	6_988553	988553	2	T	G	0.364	3.495588e-02	1.459268e+00	-7.638287e+01	1.000000e-05	1.000000e+05	9.811049e-01	6.254213e-01	6.310947e-01
6	6_988631	988631	2	G	A	0.227	-6.752279e-01	1.668900e+00	-7.619084e+01	1.000000e-05	1.000000e+05	6.896823e-01	4.301613e-01	4.414986e-01
6	6_988733	988733	1	A	G	0.478	2.855608e-01	1.373061e+00	-7.649160e+01	1.000000e-05	1.000000e+05	8.371627e-01	8.851662e-01	8.865055e-01
6	6_988843	988843	3	A	G	0.429	2.835272e+00	1.320077e+00	-7.476120e+01	1.000000e-05	1.000000e+05	4.300103e-02	6.205226e-02	8.554941e-02
6	6_988922	988922	5	A	G	0.368	1.674698e+00	1.524690e+00	-7.582574e+01	1.000000e-05	1.000000e+05	2.839123e-01	2.448251e-01	2.637780e-01
6	6_988930	988930	2	G	A	0.273	2.364781e+00	1.493398e+00	-7.541223e+01	1.000000e-05	1.000000e+05	1.275806e-01	1.398500e-01	1.629816e-01
6	6_988960	988960	2	T	G	0.318	1.123705e+00	1.487980e+00	-7.567504e+01	1.000000e-05	1.000000e+05	4.581452e-01	1.984167e-01	2.193773e-01
6	6_989188	989188	0	T	C	0.417	1.572466e+00	1.321402e+00	-7.511164e+01	1.000000e-05	1.000000e+05	2.467309e-01	9.540095e-02	1.193902e-01
6	6_989334	989334	2	G	C	0.364	-7.688774e-01	1.450048e+00	-7.646301e+01	1.000000e-05	1.000000e+05	6.012552e-01	7.799567e-01	7.827382e-01
6	6_989453	989453	3	A	G	0.667	6.844291e-01	1.517172e+00	-7.649963e+01	1.000000e-05	1.000000e+05	6.563172e-01	9.447251e-01	9.453542e-01
6	6_989490	989490	0	T	C	0.417	6.355144e-01	1.356517e+00	-7.645753e+01	1.000000e-05	1.000000e+05	6.440431e-01	7.654415e-01	7.684493e-01
6	6_989528	989528	0	T	C	0.542	-2.601997e-01	1.347745e+00	-7.634566e+01	1.000000e-05	1.000000e+05	8.486809e-01	5.760045e-01	5.828726e-01
6	6_989732	989732	4	T	C	0.400	-1.277950e-01	1.502613e+00	-7.650110e+01	1.000000e-05	1.000000e+05	9.329921e-01	9.656096e-01	9.659992e-01
6	6_989861	989861	2	A	G	0.500	1.067597e+00	1.385392e+00	-7.642826e+01	1.000000e-05	1.000000e+05	4.491350e-01	7.008915e-01	7.050098e-01
6	6_989960	989960	0	A	G	0.458	1.505975e+00	1.310116e+00	-7.594240e+01	1.000000e-05	1.000000e+05	2.626946e-01	2.900772e-01	3.070371e-01
6	6_990258	990258	2	G	T	0.409	2.566349e+00	1.318763e+00	-7.319022e+01	1.000000e-05	1.000000e+05	6.453626e-02	1.006349e-02	2.497870e-02
6	6_990671	990671	5	G	A	0.526	-7.209103e-01	1.505020e+00	-7.551696e+01	1.000000e-05	1.000000e+05	6.366627e-01	1.604335e-01	1.828835e-01
6	6_990699	990699	2	G	A	0.545	-8.871192e-02	1.409687e+00	-7.624129e+01	1.000000e-05	1.000000e+05	9.503903e-01	4.702057e-01	4.801686e-01
6	6_990701	990701	1	A	G	0.565	7.560777e-01	1.375536e+00	-7.645188e+01	1.000000e-05	1.000000e+05	5.880894e-01	7.514697e-01	7.547028e-01
6	6_990771	990771	3	T	C	0.381	4.616126e-01	1.476284e+00	-7.640527e+01	1.000000e-05	1.000000e+05	7.574643e-01	6.599974e-01	6.649205e-01
6	6_990777	990777	1	A	G	0.391	1.332232e+00	1.377781e+00	-7.545570e+01	1.000000e-05	1.000000e+05	3.440843e-01	1.480079e-01	1.708840e-01
6	6_990851	990851	1	T	C	0.304	-3.297180e-01	1.490427e+00	-7.648570e+01	1.000000e-05	1.000000e+05	8.269586e-01	8.565688e-01	8.582712e-01
6	6_990862	990862	1	G	T	0.261	-5.477730e-01	1.559147e+00	-7.638023e+01	1.000000e-05	1.000000e+05	7.286842e-01	6.216132e-01	6.273735e-01
6	6_990885	990885	2	A	G	0.227	1.021208e+00	1.660892e+00	-7.599722e+01	1.000000e-05	1.000000e+05	5.449582e-01	3.149913e-01	3.308744e-01
6	6_990992	990992	1	T	C	0.174	2.547749e+00	1.727963e+00	-7.417531e+01	1.000000e-05	1.000000e+05	1.545349e-01	3.099110e-02	5.176275e-02
6	6_991027	991027	0	T	C	0.167	2.587416e-03	1.803429e+00	-7.646753e+01	1.000000e-05	1.000000e+05	9.988682e-01	7.928008e-01	7.953885e-01
6	6_1031241	1031241	1	A	G	0.478	-2.698487e-01	1.373228e+00	-7.624497e+01	1.000000e-05	1.000000e+05	8.460174e-01	4.733606e-01	4.832200e-01
6	6_1116760	1116760	0	G	A	0.333	-5.169487e-01	1.421521e+00	-7.650194e+01	1.000000e-05	1.000000e+05	7.195840e-01	9.893188e-01	9.894395e-01
6	6_1160524	1160524	0	A	G	0.375	-5.333429e-02	1.388234e+00	-7.649888e+01	1.000000e-05	1.000000e+05	9.697003e-01	9.367427e-01	9.374643e-01
6	6_1160528	1160528	0	A	G	0.375	-5.333429e-02	1.388234e+00	-7.649888e+01	1.000000e-05	1.000000e+05	9.697003e-01	9.367427e-01	9.374643e-01
6	6_1160532	1160532	0	A	G	0.375	-5.333429e-02	1.388234e+00	-7.649888e+01	1.000000e-05	1.000000e+05	9.697003e-01	9.367427e-01	9.374643e-01
6	6_1167676	1167676	0	C	G	0.333	-5.169487e-01	1.421521e+00	-7.650194e+01	1.000000e-05	1.000000e+05	7.195840e-01	9.893188e-01	9.894395e-01
6	6_1174733	1174733	0	G	C	0.083	5.456799e-01	2.428980e+00	-7.650138e+01	1.000000e-05	1.000000e+05	8.243220e-01	9.711110e-01	9.714380e-01
6	6_1249810	1249810	0	G	A	0.208	2.115361e-01	1.654362e+00	-7.642092e+01	1.000000e-05	1.000000e+05	8.994169e-01	6.871109e-01	6.914910e-01
6	6_1279254	1279254	0	C	T	0.333	-5.169487e-01	1.421521e+00	-7.650194e+01	1.000000e-05	1.000000e+05	7.195840e-01	9.893188e-01	9.894395e-01
7	7_11056	11056	1	A	C	0.348	2.605176e+00	1.330190e+00	-7.518745e+01	1.000000e-05	1.000000e+05	6.296945e-02	1.049163e-01	1.288232e-01
7	7_14006	14006	2	A	G	0.273	-6.110365e-01	1.570817e+00	-7.633196e+01	1.000000e-05	1.000000e+05	7.010211e-01	5.597424e-01	5.670371e-01
7	7_36839	36839	0	G	A	0.125	3.221731e+00	1.912638e+00	-7.506954e+01	1.000000e-05	1.000000e+05	1.062320e-01	9.052632e-02	1.145279e-01
7	7_37788	37788	0	C	T	0.333	-5.169487e-01	1.421521e+00	-7.650194e+01	1.000000e-05	1.000000e+05	7.195840e-01	9.893188e-01	9.894395e-01
7	7_49744	49744	0	G	A	0.083	-1.911783e+00	2.397337e+00	-7.632633e+01	1.000000e-05	1.000000e+05	4.337066e-01	5.533198e-01	5.607877e-01
7	7_164473	164473	2	G	A	0.364	-8.658056e-01	1.447563e+00	-7.645007e+01	1.000000e-05	1.000000e+05	5.558728e-01	7.471612e-01	7.504655e-01
7	7_164511	164511	0	T	C	0.542	5.549684e-01	1.343687e+00	-7.643160e+01	1.000000e-05	1.000000e+05	6.835903e-01	7.074182e-01	7.114158e-01
7	7_164589	164589	1	C	T	0.391	-1.315905e+00	1.378489e+00	-7.584397e+01	1.000000e-05	1.000000e+05	3.501525e-01	2.512883e-01	2.699559e-01
7	7_164636	164636	1	A	G	0.391	5.818840e-01	1.401268e+00	-7.643994e+01	1.000000e-05	1.000000e+05	6.819769e-01	7.245478e-01	7.282379e-01
7	7_164887	164887	1	G	A	0.348	-2.245070e+00	1.359699e+00	-7.461753e+01	1.000000e-05	1.000000e+05	1.129118e-01	5.221051e-02	7.519646e-02
7	7_164926	164926	2	G	A	0.273	-9.378285e-01	1.563477e+00	-7.596851e+01	1.000000e-05	1.000000e+05	5.547445e-01	3.016127e-01	3.180712e-01
7	7_165027	165027	3	T	C	0.190	-1.321789e+00	1.807923e+00	-7.572646e+01	1.000000e-05	1.000000e+05	4.724282e-01	2.129660e-01	2.333098e-01
7	7_165292	165292	0	C	A	0.583	-6.806646e-02	1.363185e+00	-7.630124e+01	1.000000e-05	1.000000e+05	9.606272e-01	5.262735e-01	5.345013e-01
7	7_165637	165637	0	A	G	0.458	-2.164350e+00	1.267504e+00	-7.539602e+01	1.000000e-05	1.000000e+05	1.017918e-01	1.369383e-01	1.601558e-01
7	7_165657	165657	2	A	G	0.409	-1.918188e+00	1.367941e+00	-7.567363e+01	1.000000e-05	1.000000e+05	1.747955e-01	1.980350e-01	2.190115e-01
7	7_165680	165680	0	T	C	0.417	-1.910305e+00	1.301003e+00	-7.556689e+01	1.000000e-05	1.000000e+05	1.561676e-01	1.714434e-01	1.934861e-01
7	7_165704	165704	1	A	G	0.478	2.421888e+00	1.273725e+00	-7.526942e+01	1.000000e-05	1.000000e+05	7.042437e-02	1.163903e-01	1.401127e-01
7	7_165798	165798	2	C	T	0.409	-1.605456e+00	1.386134e+00	-7.585700e+01	1.000000e-05	1.000000e+05	2.591914e-01	2.560371e-01	2.744949e-01
7	7_165854	165854	2	T	C	0.545	1.117229e+00	1.389539e+00	-7.581700e+01	1.000000e-05	1.000000e+05	4.299832e-01	2.417997e-01	2.608860e-01
7	7_165873	165873	1	A	G	0.391	-1.239367e+00	1.381712e+00	-7.556377e+01	1.000000e-05	1.000000e+05	3.794413e-01	1.707295e-01	1.927993e-01
7	7_165955	165955	2	T	C	0.409	6.401419e-01	1.421227e+00	-7.623420e+01	1.000000e-05	1.000000e+05	6.568186e-01	4.642326e-01	4.743933e-01
7	7_166056	166056	1	C	A	0.522	1.179247e+00	1.351214e+00	-7.634078e+01	1.000000e-05	1.000000e+05	3.922352e-01	5.701050e-01	5.771259e-01
7	7_166309	166309	1	G	A	0.478	2.579280e+00	1.259600e+00	-7.448604e+01	1.000000e-05	1.000000e+05	5.271269e-02	4.464525e-02	6.705503e-02
7	7_166838	166838	0	T	A	0.125	-1.488991e+00	2.007287e+00	-7.636285e+01	1.000000e-05	1.000000e+05	4.660589e-01	5.977735e-01	6.040969e-01
7	7_166992	166992	2	A	G	0.318	-2.172855e+00	1.434180e+00	-7.563916e+01	1.000000e-05	1.000000e+05	1.439962e-01	1.889555e-01	2.103065e-01
7	7_167034	167034	2	T	C	0.318	-1.784566e+00	1.458328e+00	-7.587471e+01	1.000000e-05	1.000000e+05	2.340077e-01	2.626654e-01	2.808303e-01
7	7_167035	167035	1	C	A	0.348	-1.645660e+00	1.398137e+00	-7.584289e+01	1.000000e-05	1.000000e+05	2.517582e-01	2.509011e-01	2.695858e-01
7	7_167135	167135	2	A	G	0.591	-1.449143e+00	1.393937e+00	-7.548755e+01	1.000000e-05	1.000000e+05	3.098151e-01	1.543260e-01	1.769905e-01
7	7_167192	167192	2	C	T	0.500	-1.321823e+00	1.375393e+00	-7.539539e+01	1.000000e-05	1.000000e+05	3.469711e-01	1.368262e-01	1.600469e-01
7	7_167224	167224	4	T	A	0.400	-1.482526e+00	1.469243e+00	-7.559816e+01	1.000000e-05	1.000000e+05	3.239252e-01	1.787777e-01	2.005364e-01
7	7_167292	167292	3	A	G	0.429	2.447797e-01	1.450957e+00	-7.649886e+01	1.000000e-05	1.000000e+05	8.675723e-01	9.364838e-01	9.372084e-01
7	7_167370	167370	1	A	G	0.391	3.109531e-01	1.405184e+00	-7.650200e+01	1.000000e-05	1.000000e+05	8.269078e-01	9.937289e-01	9.937997e-01
7	7_167655	167655	2	G	A	0.364	-1.029843e+00	1.442675e+00	-7.615606e+01	1.000000e-05	1.000000e+05	4.828294e-01	4.055011e-01	4.177406e-01
7	7_167687	167687	1	A	C	0.130	-1.585931e+00	2.010341e+00	-7.550879e+01	1.000000e-05	1.000000e+05	4.385977e-01	1.587084e-01	1.812199e-01
7	7_226969	226969	0	G	A	0.333	-5.169487e-01	1.421521e+00	-7.650194e+01	1.000000e-05	1.000000e+05	7.195840e-01	9.893188e-01	9.894395e-01
7	7_230511	230511	0	A	G	0.333	-5.169487e-01	1.421521e+00	-7.650194e+01	1.000000e-05	1.000000e+05	7.195840e-01	9.893188e-01	9.894395e-01
7	7_347542	347542	0	C	T	0.292	-2.025831e-01	1.478083e+00	-7.649765e+01	1.000000e-05	1.000000e+05	8.922315e-01	9.254330e-01	9.262869e-01
7	7_453828	453828	2	T	C	0.182	-1.602182e+00	1.787705e+00	-7.601412e+01	1.000000e-05	1.000000e+05	3.798359e-01	3.232338e-01	3.387662e-01
7	7_479542	479542	1	A	G	0.130	3.193783e-01	2.037435e+00	-7.628963e+01	1.000000e-05	1.000000e+05	8.768675e-01	5.145525e-01	5.231249e-01
7	7_508893	508893	0	G	C	0.333	-5.169487e-01	1.421521e+00	-7.650194e+01	1.000000e-05	1.000000e+05	7.195840e-01	9.893188e-01	9.894395e-01
7	7_672119	672119	0	G	A	0.292	-1.318149e+00	1.451713e+00	-7.562630e+01	1.000000e-05	1.000000e+05	3.737200e-01	1.856917e-01	2.071750e-01
7	7_752860	752860	2	A	T	0.273	2.471133e+00	1.485551e+00	-7.510389e+01	1.000000e-05	1.000000e+05	1.104051e-01	9.448291e-02	1.184761e-01
7	7_752861	752861	0	A	T	0.125	-1.488994e+00	2.007287e+00	-7.598380e+01	1.000000e-05	1.000000e+05	4.660580e-01	3.086456e-01	3.248007e-01
7	7_813688	813688	1	C	T	0.348	-5.436551e-01	1.436874e+00	-7.643541e+01	1.000000e-05	1.000000e+05	7.087899e-01	7.150928e-01	7.189509e-01
7	7_819348	819348	0	A	C	0.333	-5.169487e-01	1.421521e+00	-7.650194e+01	1.000000e-05	1.000000e+05	7.195840e-01	9.893188e-01	9.894395e-01
7	7_831960	831960	0	T	G	0.250	-2.033793e-01	1.551580e+00	-7.650133e+01	1.000000e-05	1.000000e+05	8.969042e-01	9.700798e-01	9.704185e-01
7	7_908360	908360	3	C	A	0.143	2.911965e-01	2.052352e+00	-7.649826e+01	1.000000e-05	1.000000e+05	8.884627e-01	9.307774e-01	9.315685e-01
7	7_911043	911043	0	C	T	0.333	-5.169487e-01	1.421521e+00	-7.650194e+01	1.000000e-05	1.000000e+05	7.195840e-01	9.893188e-01	9.894395e-01
7	7_1008288	1008288	0	G	A	0.333	-5.169487e-01	1.421521e+00	-7.650194e+01	1.000000e-05	1.000000e+05	7.195840e-01	9.893188e-01	9.894395e-01
7	7_1024334	1024334	0	G	A	0.333	-5.169487e-01	1.421521e+00	-7.650194e+01	1.000000e-05	1.000000e+05	7.195840e-01	9.893188e-01	9.894395e-01
7	7_1024356	1024356	0	T	C	0.333	-5.169487e-01	1.421521e+00	-7.650194e+01	1.000000e-05	1.000000e+05	7.195840e-01	9.893188e-01	9.894395e-01
7	7_1171945	1171945	0	A	G	0.083	5.456799e-01	2.428980e+00	-7.650138e+01	1.000000e-05	1.000000e+05	8.243220e-01	9.711110e-01	9.714380e-01
7	7_1191543	1191543	0	C	T	0.333	-5.169487e-01	1.421521e+00	-7.650194e+01	1.000000e-05	1.000000e+05	7.195840e-01	9.893188e-01	9.894395e-01
7	7_1192832	1192832	0	T	C	0.083	5.456799e-01	2.428980e+00	-7.650138e+01	1.000000e-05	1.000000e+05	8.243220e-01	9.711110e-01	9.714380e-01
7	7_1193976	1193976	0	C	T	0.333	-5.169487e-01	1.421521e+00	-7.650194e+01	1.000000e-05	1.000000e+05	7.195840e-01	9.893188e-01	9.894395e-01
7	7_1196178	1196178	0	C	T	0.583	2.860759e-01	1.361898e+00	-7.637862e+01	1.000000e-05	1.000000e+05	8.355566e-01	6.193234e-01	6.251363e-01
7	7_1205599	1205599	3	G	T	0.381	8.612508e-01	1.468118e+00	-7.649924e+01	1.000000e-05	1.000000e+05	5.634202e-01	9.403918e-01	9.410710e-01
7	7_1205600	1205600	2	G	A	0.364	9.655524e-01	1.444696e+00	-7.648542e+01	1.000000e-05	1.000000e+05	5.108667e-01	8.553776e-01	8.570955e-01
7	7_1205735	1205735	2	T	A	0.364	-1.411928e+00	1.427906e+00	-7.601583e+01	1.000000e-05	1.000000e+05	3.335072e-01	3.240820e-01	3.395785e-01
7	7_1227094	1227094	0	A	G	0.333	-5.169487e-01	1.421521e+00	-7.650194e+01	1.000000e-05	1.000000e+05	7.195840e-01	9.893188e-01	9.894395e-01
7	7_1240469	1240469	0	C	T	0.083	5.456799e-01	2.428980e+00	-7.650138e+01	1.000000e-05	1.000000e+05	8.243220e-01	9.711110e-01	9.714380e-01
7	7_1263585	1263585	0	T	C	0.292	-1.495171e-01	1.478325e+00	-7.634566e+01	1.000000e-05	1.000000e+05	9.203558e-01	5.760060e-01	5.828741e-01
7	7_1263610	1263610	0	G	A	0.375	-1.785034e+00	1.335100e+00	-7.601390e+01	1.000000e-05	1.000000e+05	1.948828e-01	3.231218e-01	3.386590e-01
7	7_1266484	1266484	1	A	T	0.435	-3.480163e-01	1.382959e+00	-7.631961e+01	1.000000e-05	1.000000e+05	8.036504e-01	5.458259e-01	5.534995e-01
7	7_1276916	1276916	0	A	G	0.208	-1.408403e+00	1.627469e+00	-7.607715e+01	1.000000e-05	1.000000e+05	3.961612e-01	3.566213e-01	3.707685e-01
7	7_1276919	1276919	0	G	A	0.167	-1.146736e+00	1.786779e+00	-7.630177e+01	1.000000e-05	1.000000e+05	5.276410e-01	5.268180e-01	5.350300e-01
7	7_1341024	1341024	0	A	C	0.333	-1.420623e+00	1.393191e+00	-7.642898e+01	1.000000e-05	1.000000e+05	3.189588e-01	7.022910e-01	7.063833e-01
8	8_144493	144493	0	A	G	0.333	-5.169487e-01	1.421521e+00	-7.650194e+01	1.000000e-05	1.000000e+05	7.195840e-01	9.893188e-01	9.894395e-01
8	8_174475	174475	0	G	T	0.333	-5.169487e-01	1.421521e+00	-7.650194e+01	1.000000e-05	1.000000e+05	7.195840e-01	9.893188e-01	9.894395e-01
8	8_208859	208859	0	G	A	0.208	2.115361e-01	1.654362e+00	-7.642092e+01	1.000000e-05	1.000000e+05	8.994169e-01	6.871109e-01	6.914910e-01
8	8_294928	294928	0	T	A	0.333	-5.169487e-01	1.421521e+00	-7.650194e+01	1.000000e-05	1.000000e+05	7.195840e-01	9.893188e-01	9.894395e-01
8	8_553155	553155	0	T	C	0.083	5.456799e-01	2.428980e+00	-7.650138e+01	1.000000e-05	1.000000e+05	8.243220e-01	9.711110e-01	9.714380e-01
8	8_725537	725537	0	A	C	0.333	-5.169487e-01	1.421521e+00	-7.650194e+01	1.000000e-05	1.000000e+05	7.195840e-01	9.893188e-01	9.894395e-01
8	8_817562	817562	3	T	C	0.095	2.602414e+00	2.383971e+00	-7.528420e+01	1.000000e-05	1.000000e+05	2.868070e-01	1.186034e-01	1.422812e-01
8	8_817567	817567	3	C	T	0.095	2.602414e+00	2.383971e+00	-7.528420e+01	1.000000e-05	1.000000e+05	2.868070e-01	1.186034e-01	1.422812e-01
8	8_817674	817674	3	A	G	0.143	1.720293e+00	2.020269e+00	-7.567600e+01	1.000000e-05	1.000000e+05	4.036563e-01	1.986772e-01	2.196269e-01
8	8_818838	818838	3	G	A	0.429	1.750243e+00	1.403124e+00	-7.530350e+01	1.000000e-05	1.000000e+05	2.253703e-01	1.215626e-01	1.451767e-01
8	8_847517	847517	0	A	G	0.167	1.554104e+00	1.772728e+00	-7.576699e+01	1.000000e-05	1.000000e+05	3.901365e-01	2.253310e-01	2.451396e-01
8	8_874822	874822	1	G	A	0.087	-1.930264e+00	2.401557e+00	-7.584692e+01	1.000000e-05	1.000000e+05	4.301378e-01	2.523546e-01	2.709750e-01
8	8_874895	874895	3	T	C	0.143	3.296183e-01	2.052087e+00	-7.649848e+01	1.000000e-05	1.000000e+05	8.738539e-01	9.327974e-01	9.335650e-01
8	8_874992	874992	0	C	T	0.083	-1.911800e+00	2.397340e+00	-7.649593e+01	1.000000e-05	1.000000e+05	4.337030e-01	9.120476e-01	9.130601e-01
8	8_1083181	1083181	0	T	C	0.333	-5.169487e-01	1.421521e+00	-7.650194e+01	1.000000e-05	1.000000e+05	7.195840e-01	9.893188e-01	9.894395e-01
8	8_1161462	1161462	0	C	T	0.625	8.017110e-01	1.377760e+00	-7.630388e+01	1.000000e-05	1.000000e+05	5.665535e-01	5.290055e-01	5.371542e-01
8	8_1252135	1252135	1	T	C	0.435	-1.433195e+00	1.350812e+00	-7.624308e+01	1.000000e-05	1.000000e+05	3.002048e-01	4.717388e-01	4.816513e-01
8	8_1256218	1256218	0	G	A	0.333	-5.169487e-01	1.421521e+00	-7.650194e+01	1.000000e-05	1.000000e+05	7.195840e-01	9.893188e-01	9.894395e-01
8	8_1326133	1326133	0	A	G	0.208	1.435939e+00	1.626374e+00	-7.565790e+01	1.000000e-05	1.000000e+05	3.868321e-01	1.938289e-01	2.149800e-01
8	8_1326140	1326140	0	G	A	0.167	2.230928e+00	1.739575e+00	-7.418050e+01	1.000000e-05	1.000000e+05	2.130315e-01	3.117927e-02	5.198053e-02
8	8_1383765	1383765	0	A	G	0.417	-1.058416e+00	1.344456e+00	-7.617702e+01	1.000000e-05	1.000000e+05	4.395382e-01	4.201059e-01	4.318061e-01
9	9_5213	5213	3	G	C	0.238	-5.732860e-01	1.682535e+00	-7.648448e+01	1.000000e-05	1.000000e+05	7.365410e-01	8.513694e-01	8.531398e-01
9	9_6619	6619	1	C	T	0.304	3.051985e+00	1.342729e+00	-7.236083e+01	1.000000e-05	1.000000e+05	3.314540e-02	4.003096e-03	1.473814e-02
9	9_7470	7470	0	A	G	0.292	6.272880e-01	1.472609e+00	-7.649265e+01	1.000000e-05	1.000000e+05	6.742678e-01	8.910188e-01	8.922859e-01
9	9_7729	7729	1	C	T	0.435	2.745686e-01	1.383700e+00	-7.637185e+01	1.000000e-05	1.000000e+05	8.445302e-01	6.098631e-01	6.158967e-01
9	9_8171	8171	2	G	A	0.364	5.995087e-01	1.453692e+00	-7.650109e+01	1.000000e-05	1.000000e+05	6.840344e-01	9.653260e-01	9.657188e-01
9	9_10033	10033	1	C	T	0.174	-1.824180e+00	1.769078e+00	-7.565301e+01	1.000000e-05	1.000000e+05	3.136751e-01	1.925434e-01	2.137476e-01
9	9_49163	49163	0	A	G	0.250	-2.033793e-01	1.551580e+00	-7.650133e+01	1.000000e-05	1.000000e+05	8.969042e-01	9.700798e-01	9.704185e-01
9	9_220237	220237	2	A	G	0.091	-7.515977e-01	2.436590e+00	-7.644481e+01	1.000000e-05	1.000000e+05	7.606320e-01	7.351336e-01	7.386404e-01
9	9_220963	220963	1	C	T	0.174	-1.824154e+00	1.769074e+00	-7.639025e+01	1.000000e-05	1.000000e+05	3.136807e-01	6.363293e-01	6.417587e-01
9	9_272607	272607	0	A	G	0.333	-5.169487e-01	1.421521e+00	-7.650194e+01	1.000000e-05	1.000000e+05	7.195840e-01	9.893188e-01	9.894395e-01
9	9_338278	338278	1	A	G	0.348	-5.436551e-01	1.436874e+00	-7.643541e+01	1.000000e-05	1.000000e+05	7.087899e-01	7.150928e-01	7.189509e-01
9	9_491535	491535	0	A	G	0.333	-5.169487e-01	1.421521e+00	-7.650194e+01	1.000000e-05	1.000000e+05	7.195840e-01	9.893188e-01	9.894395e-01
9	9_534468	534468	0	C	T	0.333	-5.169487e-01	1.421521e+00	-7.650194e+01	1.000000e-05	1.000000e+05	7.195840e-01	9.893188e-01	9.894395e-01
9	9_705343	705343	1	G	A	0.261	5.069244e-01	1.559775e+00	-7.634115e+01	1.000000e-05	1.000000e+05	7.482527e-01	5.705471e-01	5.775565e-01
9	9_705571	705571	0	T	C	0.500	3.993886e-01	1.341495e+00	-7.649997e+01	1.000000e-05	1.000000e+05	7.687110e-01	9.487415e-01	9.493242e-01
9	9_706175	706175	2	G	A	0.318	-7.314419e-01	1.499057e+00	-7.640377e+01	1.000000e-05	1.000000e+05	6.304236e-01	6.575394e-01	6.625137e-01
9	9_741562	741562	0	T	C	0.250	-2.033793e-01	1.551580e+00	-7.650133e+01	1.000000e-05	1.000000e+05	8.969042e-01	9.700798e-01	9.704185e-01
9	9_942229	942229	0	A	G	0.292	-2.025831e-01	1.478083e+00	-7.649765e+01	1.000000e-05	1.000000e+05	8.922315e-01	9.254330e-01	9.262869e-01
9	9_981209	981209	0	G	A	0.083	5.456799e-01	2.428980e+00	-7.650138e+01	1.000000e-05	1.000000e+05	8.243220e-01	9.711110e-01	9.714380e-01
9	9_1115286	1115286	0	G	A	0.500	1.848853e-01	1.343617e+00	-7.649967e+01	1.000000e-05	1.000000e+05	8.918060e-01	9.451806e-01	9.458044e-01
10	10_13558	13558	0	C	T	0.333	-5.169487e-01	1.421521e+00	-7.650194e+01	1.000000e-05	1.000000e+05	7.195840e-01	9.893188e-01	9.894395e-01
10	10_15220	15220	1	T	A	0.130	9.274704e-01	2.028960e+00	-7.647160e+01	1.000000e-05	1.000000e+05	6.520694e-01	8.051351e-01	8.075421e-01
10	10_15251	15251	2	G	A	0.091	8.394411e-01	2.435284e+00	-7.601164e+01	1.000000e-05	1.000000e+05	7.335938e-01	3.220047e-01	3.375892e-01
10	10_15279	15279	1	A	G	0.261	3.073209e+00	1.419603e+00	-7.417958e+01	1.000000e-05	1.000000e+05	4.151994e-02	3.114594e-02	5.194197e-02
10	10_15288	15288	2	C	T	0.227	3.064311e+00	1.542442e+00	-7.365769e+01	1.000000e-05	1.000000e+05	5.955483e-02	1.707463e-02	3.474695e-02
10	10_15302	15302	2	T	C	0.318	2.514891e+00	1.408543e+00	-7.537078e+01	1.000000e-05	1.000000e+05	8.798205e-02	1.325399e-01	1.558810e-01
10	10_15428	15428	1	C	G	0.130	3.431864e-01	2.037259e+00	-7.630491e+01	1.000000e-05	1.000000e+05	8.677645e-01	5.300741e-01	5.381921e-01
10	10_15438	15438	0	G	A	0.125	4.281354e-01	2.030180e+00	-7.620437e+01	1.000000e-05	1.000000e+05	8.349178e-01	4.403670e-01	4.513433e-01
10	10_15441	15441	1	A	G	0.130	3.431864e-01	2.037259e+00	-7.630491e+01	1.000000e-05	1.000000e+05	8.677645e-01	5.300741e-01	5.381921e-01
10	10_15449	15449	1	C	T	0.087	1.491684e+00	2.415717e+00	-7.626706e+01	1.000000e-05	1.000000e+05	5.432501e-01	4.930111e-01	5.022418e-01
10	10_15455	15455	0	C	T	0.083	1.568911e+00	2.408627e+00	-7.617697e+01	1.000000e-05	1.000000e+05	5.215534e-01	4.200674e-01	4.317689e-01
10	10_15458	15458	0	G	A	0.083	1.568911e+00	2.408627e+00	-7.617697e+01	1.000000e-05	1.000000e+05	5.215534e-01	4.200674e-01	4.317689e-01
10	10_15461	15461	0	T	C	0.083	1.568911e+00	2.408627e+00	-7.617697e+01	1.000000e-05	1.000000e+05	5.215534e-01	4.200674e-01	4.317689e-01
10	10_15463	15463	0	A	T	0.083	1.568911e+00	2.408627e+00	-7.617697e+01	1.000000e-05	1.000000e+05	5.215534e-01	4.200674e-01	4.317689e-01
10	10_15473	15473	0	C	T	0.083	1.568911e+00	2.408627e+00	-7.617697e+01	1.000000e-05	1.000000e+05	5.215534e-01	4.200674e-01	4.317689e-01
10	10_17879	17879	0	T	C	0.333	-1.242196e+00	1.400923e+00	-7.646167e+01	1.000000e-05	1.000000e+05	3.848322e-01	7.763068e-01	7.791445e-01
10	10_17897	17897	0	A	G	0.333	-1.242196e+00	1.400923e+00	-7.646167e+01	1.000000e-05	1.000000e+05	3.848322e-01	7.763068e-01	7.791445e-01
10	10_18092	18092	1	A	G	0.522	-4.023051e-01	1.371728e+00	-7.650069e+01	1.000000e-05	1.000000e+05	7.720542e-01	9.586214e-01	9.590908e-01
10	10_18647	18647	3	C	T	0.381	-4.423798e-01	1.476567e+00	-7.633474e+01	1.000000e-05	1.000000e+05	7.672943e-01	5.629738e-01	5.701824e-01
10	10_18785	18785	0	G	A	0.375	-1.091881e+00	1.368649e+00	-7.606958e+01	1.000000e-05	1.000000e+05	4.335252e-01	3.523703e-01	3.666905e-01
10	10_18869	18869	0	A	G	0.500	1.148997e+00	1.321710e+00	-7.578487e+01	1.000000e-05	1.000000e+05	3.940547e-01	2.310604e-01	2.506187e-01
10	10_18908	18908	0	G	A	0.292	9.710613e-01	1.464112e+00	-7.573054e+01	1.000000e-05	1.000000e+05	5.140654e-01	2.141746e-01	2.344665e-01
10	10_18915	18915	0	T	C	0.292	9.710613e-01	1.464112e+00	-7.573054e+01	1.000000e-05	1.000000e+05	5.140654e-01	2.141746e-01	2.344665e-01
10	10_18933	18933	0	A	G	0.292	-1.848928e-01	1.478151e+00	-7.641245e+01	1.000000e-05	1.000000e+05	9.015931e-01	6.720862e-01	6.767624e-01
10	10_18941	18941	2	T	C	0.318	-4.257528e-01	1.504422e+00	-7.633798e+01	1.000000e-05	1.000000e+05	7.798219e-01	5.667768e-01	5.738849e-01
10	10_18943	18943	1	G	A	0.348	-2.463397e-01	1.440546e+00	-7.643516e+01	1.000000e-05	1.000000e+05	8.657834e-01	7.145781e-01	7.184455e-01
10	10_18983	18983	2	C	T	0.227	4.410361e-01	1.672494e+00	-7.612679e+01	1.000000e-05	1.000000e+05	7.944656e-01	3.863209e-01	3.992906e-01
10	10_19002	19002	0	C	T	0.583	-4.004099e+00	2.029634e+00	-7.360799e+01	7.577447e-01	1.000000e+05	6.121239e-02	1.613506e-02	3.350631e-02
10	10_19004	19004	0	A	G	0.583	-4.004099e+00	2.029634e+00	-7.360799e+01	7.577447e-01	1.000000e+05	6.121239e-02	1.613506e-02	3.350631e-02
10	10_19008	19008	0	T	C	0.292	-2.025819e-01	1.478079e+00	-7.643296e+01	1.000000e-05	1.000000e+05	8.922319e-01	7.101367e-01	7.140845e-01
10	10_19015	19015	0	G	A	0.583	-4.004099e+00	2.029634e+00	-7.360799e+01	7.577447e-01	1.000000e+05	6.121239e-02	1.613506e-02	3.350631e-02
10	10_19031	19031	0	A	G	0.625	-7.494270e+00	2.381598e+00	-7.131768e+01	4.110711e+00	1.000000e+05	4.683323e-03	1.281693e-03	8.274457e-03
10	10_19062	19062	1	A	G	0.304	-3.158115e-01	1.490612e+00	-7.644985e+01	1.000000e-05	1.000000e+05	8.341614e-01	7.466603e-01	7.499729e-01
10	10_19067	19067	1	T	A	0.565	-4.677332e+00	1.989687e+00	-7.223534e+01	1.083952e+00	1.000000e+05	2.810766e-02	3.486922e-03	1.368497e-02
10	10_19151	19151	1	G	A	0.261	5.782533e-01	1.558686e+00	-7.601392e+01	1.000000e-05	1.000000e+05	7.141952e-01	3.231314e-01	3.386681e-01
10	10_318276	318276	0	G	A	0.333	-1.003946e+00	1.409580e+00	-7.584896e+01	1.000000e-05	1.000000e+05	4.838074e-01	2.530933e-01	2.716811e-01
10	10_381155	381155	0	G	A	0.292	-2.025831e-01	1.478083e+00	-7.649765e+01	1.000000e-05	1.000000e+05	8.922315e-01	9.254330e-01	9.262869e-01
10	10_387430	387430	1	A	G	0.565	8.977668e-01	1.371686e+00	-7.597405e+01	1.000000e-05	1.000000e+05	5.195749e-01	3.041372e-01	3.204866e-01
10	10_474627	474627	0	A	G	0.333	-5.169487e-01	1.421521e+00	-7.650194e+01	1.000000e-05	1.000000e+05	7.195840e-01	9.893188e-01	9.894395e-01
10	10_583208	583208	1	A	G	0.348	-1.446939e+00	1.408108e+00	-7.521963e+01	1.000000e-05	1.000000e+05	3.153153e-01	1.092658e-01	1.331127e-01
10	10_584652	584652	0	G	T	0.333	9.729282e-01	1.410568e+00	-7.641711e+01	1.000000e-05	1.000000e+05	4.975681e-01	6.802529e-01	6.847667e-01
10	10_612064	612064	0	A	G	0.208	2.115361e-01	1.654362e+00	-7.642092e+01	1.000000e-05	1.000000e+05	8.994169e-01	6.871109e-01	6.914910e-01
10	10_724149	724149	0	G	A	0.208	-5.065050e-01	1.651411e+00	-7.636322e+01	1.000000e-05	1.000000e+05	7.619478e-01	5.982574e-01	6.045690e-01
10	10_724150	724150	0	A	G	0.208	-5.065050e-01	1.651411e+00	-7.636322e+01	1.000000e-05	1.000000e+05	7.619478e-01	5.982574e-01	6.045690e-01
10	10_969715	969715	0	T	C	0.292	-2.025831e-01	1.478083e+00	-7.649765e+01	1.000000e-05	1.000000e+05	8.922315e-01	9.254330e-01	9.262869e-01
10	10_989095	989095	0	G	A	0.333	-5.169487e-01	1.421521e+00	-7.650194e+01	1.000000e-05	1.000000e+05	7.195840e-01	9.893188e-01	9.894395e-01
11	11_9749	9749	1	A	G	0.174	-4.607089e-01	1.808657e+00	-7.632997e+01	1.000000e-05	1.000000e+05	8.013020e-01	5.574556e-01	5.648117e-01
11	11_10019	10019	1	G	C	0.304	-7.971603e-01	1.482375e+00	-7.626353e+01	1.000000e-05	1.000000e+05	5.961421e-01	4.897832e-01	4.991153e-01
11	11_10896	10896	0	C	G	0.125	-2.002826e+00	1.986871e+00	-7.546037e+01	1.000000e-05	1.000000e+05	3.243989e-01	1.489161e-01	1.717624e-01
11	11_10931	10931	0	T	A	0.167	1.554115e+00	1.772728e+00	-7.595973e+01	1.000000e-05	1.000000e+05	3.901334e-01	2.976686e-01	3.142980e-01
11	11_10934	10934	0	G	T	0.208	8.659911e-01	1.644606e+00	-7.644093e+01	1.000000e-05	1.000000e+05	6.037651e-01	7.266636e-01	7.303167e-01
11	11_104630	104630	0	A	G	0.125	1.830938e+00	1.994395e+00	-7.555537e+01	1.000000e-05	1.000000e+05	3.685528e-01	1.688270e-01	1.909686e-01
11	11_104688	104688	1	G	A	0.130	-1.585928e+00	2.010342e+00	-7.605635e+01	1.000000e-05	1.000000e+05	4.385987e-01	3.451061e-01	3.597242e-01
11	11_152800	152800	0	C	T	0.333	-5.169487e-01	1.421521e+00	-7.650194e+01	1.000000e-05	1.000000e+05	7.195840e-01	9.893188e-01	9.894395e-01
11	11_153063	153063	0	A	G	0.333	-5.169487e-01	1.421521e+00	-7.650194e+01	1.000000e-05	1.000000e+05	7.195840e-01	9.893188e-01	9.894395e-01
11	11_159356	159356	0	A	C	0.208	2.115361e-01	1.654362e+00	-7.642092e+01	1.000000e-05	1.000000e+05	8.994169e-01	6.871109e-01	6.914910e-01
11	11_165295	165295	0	A	G	0.625	5.307226e-01	1.383705e+00	-7.631589e+01	1.000000e-05	1.000000e+05	7.049922e-01	5.417565e-01	5.495433e-01
11	11_236388	236388	0	A	G	0.333	-5.169487e-01	1.421521e+00	-7.650194e+01	1.000000e-05	1.000000e+05	7.195840e-01	9.893188e-01	9.894395e-01
11	11_384025	384025	0	T	C	0.167	-3.467262e-01	1.801911e+00	-7.641757e+01	1.000000e-05	1.000000e+05	8.491773e-01	6.810734e-01	6.855711e-01
11	11_393213	393213	0	G	A	0.333	-5.169487e-01	1.421521e+00	-7.650194e+01	1.000000e-05	1.000000e+05	7.195840e-01	9.893188e-01	9.894395e-01
11	11_433361	433361	0	G	A	0.333	-5.169487e-01	1.421521e+00	-7.650194e+01	1.000000e-05	1.000000e+05	7.195840e-01	9.893188e-01	9.894395e-01
11	11_547884	547884	0	T	C	0.583	8.528715e-01	1.351120e+00	-7.619416e+01	1.000000e-05	1.000000e+05	5.343922e-01	4.326337e-01	4.438829e-01
11	11_548586	548586	0	C	T	0.333	-5.169487e-01	1.421521e+00	-7.650194e+01	1.000000e-05	1.000000e+05	7.195840e-01	9.893188e-01	9.894395e-01
11	11_621705	621705	0	A	C	0.333	-5.169487e-01	1.421521e+00	-7.650194e+01	1.000000e-05	1.000000e+05	7.195840e-01	9.893188e-01	9.894395e-01
11	11_674162	674162	0	C	A	0.333	-5.169487e-01	1.421521e+00	-7.650194e+01	1.000000e-05	1.000000e+05	7.195840e-01	9.893188e-01	9.894395e-01
11	11_804706	804706	2	A	G	0.364	-1.124674e+00	1.439455e+00	-7.604938e+01	1.000000e-05	1.000000e+05	4.429420e-01	3.413614e-01	3.561342e-01
11	11_804710	804710	6	C	T	0.333	-9.177741e-01	1.634631e+00	-7.635165e+01	1.000000e-05	1.000000e+05	5.801614e-01	5.833980e-01	5.900777e-01
11	11_804742	804742	1	G	A	0.304	6.963075e-01	1.484683e+00	-7.637781e+01	1.000000e-05	1.000000e+05	6.436882e-01	6.181727e-01	6.240121e-01
11	11_804763	804763	2	C	T	0.182	-2.261694e+00	1.755010e+00	-7.592343e+01	1.000000e-05	1.000000e+05	2.108877e-01	2.820461e-01	2.993574e-01
11	11_966513	966513	1	T	A	0.087	-1.587852e+00	2.412932e+00	-7.643295e+01	1.000000e-05	1.000000e+05	5.173275e-01	7.101051e-01	7.140536e-01
11	11_966516	966516	0	C	T	0.083	-1.911804e+00	2.397340e+00	-7.634446e+01	1.000000e-05	1.000000e+05	4.337022e-01	5.745353e-01	5.814413e-01
11	11_966519	966519	0	C	T	0.083	-1.911804e+00	2.397340e+00	-7.634446e+01	1.000000e-05	1.000000e+05	4.337022e-01	5.745353e-01	5.814413e-01
11	11_966569	966569	1	C	G	0.087	-1.587852e+00	2.412932e+00	-7.643295e+01	1.000000e-05	1.000000e+05	5.173275e-01	7.101051e-01	7.140536e-01
11	11_966644	966644	2	C	A	0.182	1.469183e+00	1.792892e+00	-7.585147e+01	1.000000e-05	1.000000e+05	4.213198e-01	2.540084e-01	2.725558e-01
11	11_966669	966669	2	C	T	0.364	-3.103275e-01	1.457784e+00	-7.649117e+01	1.000000e-05	1.000000e+05	8.333837e-01	8.827930e-01	8.841618e-01
11	11_966684	966684	2	C	T	0.500	5.043040e-01	1.399844e+00	-7.574124e+01	1.000000e-05	1.000000e+05	7.220904e-01	2.173798e-01	2.375335e-01
11	11_966699	966699	1	T	C	0.304	-1.253576e-01	1.491842e+00	-7.645731e+01	1.000000e-05	1.000000e+05	9.337935e-01	7.648836e-01	7.679002e-01
11	11_966700	966700	1	G	A	0.304	-1.253576e-01	1.491842e+00	-7.645731e+01	1.000000e-05	1.000000e+05	9.337935e-01	7.648836e-01	7.679002e-01
11	11_966735	966735	1	A	C	0.174	1.475502e+00	1.783799e+00	-7.561766e+01	1.000000e-05	1.000000e+05	4.170240e-01	1.835381e-01	2.051079e-01
11	11_966738	966738	2	T	A	0.227	6.810380e-01	1.668792e+00	-7.622773e+01	1.000000e-05	1.000000e+05	6.871431e-01	4.588914e-01	4.692311e-01
11	11_966756	966756	0	A	G	0.167	1.554102e+00	1.772728e+00	-7.571843e+01	1.000000e-05	1.000000e+05	3.901371e-01	2.106134e-01	2.310581e-01
11	11_966757	966757	0	T	C	0.167	1.554102e+00	1.772728e+00	-7.571843e+01	1.000000e-05	1.000000e+05	3.901371e-01	2.106134e-01	2.310581e-01
11	11_966771	966771	0	T	C	0.208	8.659854e-01	1.644607e+00	-7.619017e+01	1.000000e-05	1.000000e+05	6.037678e-01	4.296644e-01	4.410195e-01
11	11_1272894	1272894	0	A	G	0.250	-2.033793e-01	1.551580e+00	-7.650133e+01	1.000000e-05	1.000000e+05	8.969042e-01	9.700798e-01	9.704185e-01
11	11_1301130	1301130	0	T	C	0.083	5.456799e-01	2.428980e+00	-7.650138e+01	1.000000e-05	1.000000e+05	8.243220e-01	9.711110e-01	9.714380e-01
11	11_1314578	1314578	0	G	C	0.333	-5.169487e-01	1.421521e+00	-7.650194e+01	1.000000e-05	1.000000e+05	7.195840e-01	9.893188e-01	9.894395e-01
11	11_1478119	1478119	0	A	G	0.417	2.887053e-01	1.361876e+00	-7.616067e+01	1.000000e-05	1.000000e+05	8.340659e-01	4.086510e-01	4.207729e-01
11	11_1501898	1501898	0	G	T	0.250	-2.033793e-01	1.551580e+00	-7.650133e+01	1.000000e-05	1.000000e+05	8.969042e-01	9.700798e-01	9.704185e-01
11	11_1538971	1538971	0	T	C	0.292	-2.025831e-01	1.478083e+00	-7.649765e+01	1.000000e-05	1.000000e+05	8.922315e-01	9.254330e-01	9.262869e-01
12	12_11092	11092	0	A	G	0.458	4.995769e-01	1.344701e+00	-7.636896e+01	1.000000e-05	1.000000e+05	7.138078e-01	6.059270e-01	6.120539e-01
12	12_11094	11094	0	A	G	0.333	1.543908e+00	1.387234e+00	-7.607240e+01	1.000000e-05	1.000000e+05	2.777477e-01	3.539466e-01	3.682025e-01
12	12_11122	11122	0	C	G	0.458	1.461543e+00	1.312428e+00	-7.568446e+01	1.000000e-05	1.000000e+05	2.774630e-01	2.009935e-01	2.218461e-01
12	12_11170	11170	0	T	C	0.417	1.793289e+00	1.308575e+00	-7.544292e+01	1.000000e-05	1.000000e+05	1.843803e-01	1.455547e-01	1.685099e-01
12	12_11223	11223	0	G	C	0.208	3.408404e+00	1.486875e+00	-7.486975e+01	1.000000e-05	1.000000e+05	3.182038e-02	7.079177e-02	9.457175e-02
12	12_11400	11400	0	A	C	0.292	2.014117e+00	1.414957e+00	-7.587761e+01	1.000000e-05	1.000000e+05	1.686346e-01	2.637739e-01	2.818899e-01
12	12_11406	11406	0	A	G	0.292	2.014117e+00	1.414957e+00	-7.587761e+01	1.000000e-05	1.000000e+05	1.686346e-01	2.637739e-01	2.818899e-01
12	12_11407	11407	0	C	A	0.292	2.014117e+00	1.414957e+00	-7.587761e+01	1.000000e-05	1.000000e+05	1.686346e-01	2.637739e-01	2.818899e-01
12	12_11410	11410	0	C	T	0.292	2.014117e+00	1.414957e+00	-7.587761e+01	1.000000e-05	1.000000e+05	1.686346e-01	2.637739e-01	2.818899e-01
12	12_11413	11413	1	T	G	0.304	1.941304e+00	1.433547e+00	-7.587496e+01	1.000000e-05	1.000000e+05	1.894211e-01	2.627636e-01	2.809242e-01
12	12_13625	13625	0	G	A	0.625	5.307226e-01	1.383705e+00	-7.631589e+01	1.000000e-05	1.000000e+05	7.049922e-01	5.417565e-01	5.495433e-01
12	12_13643	13643	0	G	A	0.625	5.307226e-01	1.383705e+00	-7.631589e+01	1.000000e-05	1.000000e+05	7.049922e-01	5.417565e-01	5.495433e-01
12	12_13645	13645	0	A	G	0.625	5.307226e-01	1.383705e+00	-7.631589e+01	1.000000e-05	1.000000e+05	7.049922e-01	5.417565e-01	5.495433e-01
12	12_13857	13857	1	A	G	0.174	-5.485389e-01	1.807552e+00	-7.643989e+01	1.000000e-05	1.000000e+05	7.643826e-01	7.244268e-01	7.281190e-01
12	12_13936	13936	0	C	T	0.208	3.725031e-01	1.653038e+00	-7.644421e+01	1.000000e-05	1.000000e+05	8.237913e-01	7.338048e-01	7.373343e-01
12	12_13979	13979	3	T	C	0.238	5.846329e-02	1.686912e+00	-7.646823e+01	1.000000e-05	1.000000e+05	9.726658e-01	7.948617e-01	7.974189e-01
12	12_14009	14009	1	C	T	0.348	-8.418975e-01	1.430276e+00	-7.649825e+01	1.000000e-05	1.000000e+05	5.621075e-01	9.306436e-01	9.314363e-01
12	12_14035	14035	1	C	T	0.435	-1.154536e+00	1.362889e+00	-7.626544e+01	1.000000e-05	1.000000e+05	4.060478e-01	4.915224e-01	5.007997e-01
12	12_14096	14096	2	C	T	0.318	2.476455e-02	1.507136e+00	-7.647628e+01	1.000000e-05	1.000000e+05	9.870382e-01	8.204552e-01	8.226444e-01
12	12_14104	14104	2	C	T	0.318	7.265684e-01	1.499165e+00	-7.626247e+01	1.000000e-05	1.000000e+05	6.327159e-01	4.888194e-01	4.981819e-01
12	12_14114	14114	3	T	C	0.286	2.950208e-01	1.589229e+00	-7.638672e+01	1.000000e-05	1.000000e+05	8.544298e-01	6.310583e-01	6.366048e-01
12	12_14125	14125	1	A	G	0.174	1.221408e+00	1.792509e+00	-7.626938e+01	1.000000e-05	1.000000e+05	5.027317e-01	4.951589e-01	5.043225e-01
12	12_14197	14197	0	G	A	0.083	-4.740531e-01	2.429641e+00	-7.639496e+01	1.000000e-05	1.000000e+05	8.470956e-01	6.435342e-01	6.488062e-01
12	12_14202	14202	0	A	G	0.083	-4.740531e-01	2.429641e+00	-7.639496e+01	1.000000e-05	1.000000e+05	8.470956e-01	6.435342e-01	6.488062e-01
12	12_14301	14301	2	G	A	0.500	1.476828e+00	1.368205e+00	-7.513185e+01	1.000000e-05	1.000000e+05	2.921059e-01	9.784281e-02	1.218179e-01
12	12_14318	14318	0	A	G	0.250	1.173396e+00	1.531851e+00	-7.602365e+01	1.000000e-05	1.000000e+05	4.518178e-01	3.280039e-01	3.433348e-01
12	12_14635	14635	0	G	A	0.250	-1.628337e+00	1.512842e+00	-7.587024e+01	1.000000e-05	1.000000e+05	2.934360e-01	2.609718e-01	2.792116e-01
12	12_14741	14741	1	C	G	0.304	1.064128e+00	1.474737e+00	-7.640427e+01	1.000000e-05	1.000000e+05	4.781572e-01	6.583598e-01	6.633169e-01
12	12_14783	14783	2	A	G	0.091	3.749416e-01	2.440542e+00	-7.623729e+01	1.000000e-05	1.000000e+05	8.793017e-01	4.668192e-01	4.768939e-01
12	12_15014	15014	1	A	G	0.391	1.044491e+00	1.389011e+00	-7.571276e+01	1.000000e-05	1.000000e+05	4.600407e-01	2.089701e-01	2.294850e-01
12	12_19728	19728	0	A	G	0.167	3.362978e+00	1.654776e+00	-7.463905e+01	1.000000e-05	1.000000e+05	5.437082e-02	5.357249e-02	7.664365e-02
12	12_19741	19741	0	C	T	0.250	3.144027e+00	1.399944e+00	-7.430876e+01	1.000000e-05	1.000000e+05	3.508900e-02	3.622384e-02	5.773605e-02
12	12_22806	22806	0	T	C	0.250	-2.033793e-01	1.551580e+00	-7.650133e+01	1.000000e-05	1.000000e+05	8.969042e-01	9.700798e-01	9.704185e-01
12	12_259454	259454	0	A	G	0.167	-1.217900e+00	1.784647e+00	-7.631225e+01	1.000000e-05	1.000000e+05	5.020891e-01	5.378364e-01	5.457333e-01
12	12_315987	315987	0	T	C	0.333	-5.169487e-01	1.421521e+00	-7.650194e+01	1.000000e-05	1.000000e+05	7.195840e-01	9.893188e-01	9.894395e-01
12	12_495113	495113	0	T	C	0.083	5.456799e-01	2.428980e+00	-7.650138e+01	1.000000e-05	1.000000e+05	8.243220e-01	9.711110e-01	9.714380e-01
12	12_502808	502808	2	A	G	0.455	2.857687e+00	1.271360e+00	-7.241874e+01	1.000000e-05	1.000000e+05	3.494840e-02	4.266929e-03	1.525838e-02
12	12_502864	502864	2	T	C	0.409	-2.948747e+00	1.281906e+00	-7.355990e+01	1.000000e-05	1.000000e+05	3.128995e-02	1.527672e-02	3.235783e-02
12	12_502865	502865	2	G	T	0.409	-2.948747e+00	1.281906e+00	-7.355990e+01	1.000000e-05	1.000000e+05	3.128995e-02	1.527672e-02	3.235783e-02
12	12_502882	502882	3	G	A	0.381	-2.927564e+00	1.341457e+00	-7.429282e+01	1.000000e-05	1.000000e+05	4.004276e-02	3.555286e-02	5.697905e-02
12	12_502888	502888	0	G	A	0.458	-2.979526e+00	1.189945e+00	-7.312619e+01	1.000000e-05	1.000000e+05	2.019352e-02	9.365885e-03	2.392158e-02
12	12_502890	502890	3	G	A	0.381	-2.257203e+00	1.399105e+00	-7.523616e+01	1.000000e-05	1.000000e+05	1.209286e-01	1.115773e-01	1.353872e-01
12	12_502909	502909	0	C	T	0.458	5.274903e+00	1.116470e+00	-6.809674e+01	1.000000e+05	1.000000e+05	1.028394e-04	4.130236e-05	2.140570e-03
12	12_502926	502926	3	G	C	0.429	1.420805e+00	1.419945e+00	-7.585330e+01	1.000000e-05	1.000000e+05	3.278968e-01	2.546778e-01	2.731957e-01
12	12_502937	502937	2	C	T	0.455	2.193921e+00	1.329951e+00	-7.480913e+01	1.000000e-05	1.000000e+05	1.132264e-01	6.575964e-02	8.939387e-02
12	12_502942	502942	2	T	C	0.409	2.309555e+00	1.340169e+00	-7.508774e+01	1.000000e-05	1.000000e+05	9.885673e-02	9.259980e-02	1.165988e-01
12	12_502956	502956	1	A	G	0.348	2.807558e+00	1.311334e+00	-7.472550e+01	1.000000e-05	1.000000e+05	4.360700e-02	5.943562e-02	8.281909e-02
12	12_503049	503049	2	C	G	0.182	3.356885e+00	1.673427e+00	-7.482340e+01	1.000000e-05	1.000000e+05	5.730690e-02	6.690946e-02	9.058090e-02
12	12_503112	503112	4	G	A	0.250	3.152373e+00	1.561816e+00	-7.498895e+01	1.000000e-05	1.000000e+05	5.590413e-02	8.193138e-02	1.058959e-01
12	12_503171	503171	3	G	A	0.286	2.474412e+00	1.500432e+00	-7.455882e+01	1.000000e-05	1.000000e+05	1.133280e-01	4.867803e-02	7.141792e-02
12	12_503254	503254	1	G	C	0.609	1.492508e+00	1.370290e+00	-7.505430e+01	1.000000e-05	1.000000e+05	2.878574e-01	8.882956e-02	1.128301e-01
12	12_503293	503293	2	A	C	0.455	-1.375248e+00	1.378979e+00	-7.475593e+01	1.000000e-05	1.000000e+05	3.294650e-01	6.165818e-02	8.513914e-02
12	12_503311	503311	2	C	A	0.545	2.094617e+00	1.337207e+00	-7.449973e+01	1.000000e-05	1.000000e+05	1.315240e-01	4.537622e-02	6.785007e-02
12	12_503313	503313	2	T	A	0.545	2.094616e+00	1.337205e+00	-7.423188e+01	1.000000e-05	1.000000e+05	1.315239e-01	3.310581e-02	5.419679e-02
12	12_503321	503321	2	C	T	0.500	2.302280e+00	1.315366e+00	-7.390776e+01	1.000000e-05	1.000000e+05	9.400279e-02	2.273611e-02	4.192740e-02
12	12_503327	503327	1	A	C	0.435	2.378574e+00	1.288754e+00	-7.353743e+01	1.000000e-05	1.000000e+05	7.844661e-02	1.489203e-02	3.183806e-02
12	12_503356	503356	0	A	C	0.333	1.320933e+00	1.397643e+00	-7.601922e+01	1.000000e-05	1.000000e+05	3.548656e-01	3.257730e-01	3.411981e-01
12	12_503357	503357	0	T	G	0.375	9.408959e-01	1.373711e+00	-7.607423e+01	1.000000e-05	1.000000e+05	5.005413e-01	3.549742e-01	3.691883e-01
12	12_503364	503364	0	T	C	0.333	1.320934e+00	1.397643e+00	-7.586466e+01	1.000000e-05	1.000000e+05	3.548651e-01	2.588764e-01	2.772088e-01
12	12_503366	503366	1	C	T	0.348	1.233459e+00	1.417298e+00	-7.591747e+01	1.000000e-05	1.000000e+05	3.935399e-01	2.795795e-01	2.969991e-01
12	12_503401	503401	0	A	G	0.292	6.183318e-01	1.472780e+00	-7.647168e+01	1.000000e-05	1.000000e+05	6.786741e-01	8.053965e-01	8.077997e-01
12	12_503416	503416	0	G	A	0.167	1.602021e+00	1.770788e+00	-7.622283e+01	1.000000e-05	1.000000e+05	3.754285e-01	4.549072e-01	4.653818e-01
12	12_503422	503422	0	T	G	0.125	2.121271e+00	1.981270e+00	-7.569736e+01	1.000000e-05	1.000000e+05	2.959272e-01	2.045845e-01	2.252858e-01
12	12_503453	503453	0	T	C	0.125	2.121297e+00	1.981274e+00	-7.537999e+01	1.000000e-05	1.000000e+05	2.959226e-01	1.341265e-01	1.574238e-01
12	12_537923	537923	0	G	A	0.417	1.353616e-01	1.362958e+00	-7.643114e+01	1.000000e-05	1.000000e+05	9.217879e-01	7.065188e-01	7.105329e-01
12	12_704606	704606	0	A	G	0.250	-2.033793e-01	1.551580e+00	-7.650133e+01	1.000000e-05	1.000000e+05	8.969042e-01	9.700798e-01	9.704185e-01
13	13_11108	11108	0	C	T	0.125	-2.002826e+00	1.986864e+00	-7.593824e+01	1.000000e-05	1.000000e+05	3.243973e-01	2.882918e-01	3.053297e-01
13	13_11118	11118	0	T	C	0.208	-1.888520e+00	1.605212e+00	-7.489730e+01	1.000000e-05	1.000000e+05	2.519718e-01	7.321330e-02	9.704851e-02
13	13_11130	11130	0	A	G	0.208	-1.888518e+00	1.605212e+00	-7.527817e+01	1.000000e-05	1.000000e+05	2.519722e-01	1.176956e-01	1.413921e-01
13	13_52884	52884	0	A	G	0.167	-2.102965e+00	1.746806e+00	-7.566166e+01	1.000000e-05	1.000000e+05	2.414255e-01	1.948263e-01	2.159362e-01
13	13_111766	111766	0	G	A	0.333	-5.169487e-01	1.421521e+00	-7.650194e+01	1.000000e-05	1.000000e+05	7.195840e-01	9.893188e-01	9.894395e-01
13	13_128625	128625	6	A	G	0.444	9.349897e-01	1.549042e+00	-7.593354e+01	1.000000e-05	1.000000e+05	5.522881e-01	2.862923e-01	3.034176e-01
13	13_128715	128715	3	G	A	0.333	1.850370e-01	1.523661e+00	-7.634496e+01	1.000000e-05	1.000000e+05	9.044431e-01	5.751505e-01	5.820405e-01
13	13_128729	128729	3	G	A	0.286	6.688042e-01	1.584066e+00	-7.620346e+01	1.000000e-05	1.000000e+05	6.769714e-01	4.396668e-01	4.506677e-01
13	13_162462	162462	0	A	G	0.167	-2.102967e+00	1.746805e+00	-7.635552e+01	1.000000e-05	1.000000e+05	2.414247e-01	5.882822e-01	5.948394e-01
13	13_219021	219021	3	C	T	0.190	-1.487074e-01	1.829485e+00	-7.649204e+01	1.000000e-05	1.000000e+05	9.359512e-01	8.875615e-01	8.888712e-01
13	13_219311	219311	0	A	T	0.208	1.266615e+00	1.632762e+00	-7.566112e+01	1.000000e-05	1.000000e+05	4.461563e-01	1.946816e-01	2.157975e-01
13	13_219312	219312	0	A	G	0.167	5.015577e-01	1.800256e+00	-7.624504e+01	1.000000e-05	1.000000e+05	7.831510e-01	4.734171e-01	4.832746e-01
13	13_365348	365348	0	T	C	0.625	5.307226e-01	1.383705e+00	-7.631589e+01	1.000000e-05	1.000000e+05	7.049922e-01	5.417565e-01	5.495433e-01
13	13_436539	436539	0	G	A	0.333	-5.169487e-01	1.421521e+00	-7.650194e+01	1.000000e-05	1.000000e+05	7.195840e-01	9.893188e-01	9.894395e-01
13	13_436551	436551	0	C	G	0.333	-5.169487e-01	1.421521e+00	-7.650194e+01	1.000000e-05	1.000000e+05	7.195840e-01	9.893188e-01	9.894395e-01
13	13_436554	436554	0	T	C	0.333	-5.169487e-01	1.421521e+00	-7.650194e+01	1.000000e-05	1.000000e+05	7.195840e-01	9.893188e-01	9.894395e-01
13	13_511459	511459	0	T	C	0.333	-5.169487e-01	1.421521e+00	-7.650194e+01	1.000000e-05	1.000000e+05	7.195840e-01	9.893188e-01	9.894395e-01
13	13_548791	548791	0	T	C	0.083	5.456799e-01	2.428980e+00	-7.650138e+01	1.000000e-05	1.000000e+05	8.243220e-01	9.711110e-01	9.714380e-01
13	13_655915	655915	0	A	G	0.417	-1.028354e+00	1.345516e+00	-7.593724e+01	1.000000e-05	1.000000e+05	4.528192e-01	2.878642e-01	3.049208e-01
13	13_723038	723038	0	G	A	0.292	-2.025831e-01	1.478083e+00	-7.649765e+01	1.000000e-05	1.000000e+05	8.922315e-01	9.254330e-01	9.262869e-01
13	13_742766	742766	3	G	A	0.238	-1.519653e+00	1.655546e+00	-7.565753e+01	1.000000e-05	1.000000e+05	3.686168e-01	1.937330e-01	2.148881e-01
13	13_742771	742771	0	C	A	0.292	-8.391921e-01	1.467802e+00	-7.623205e+01	1.000000e-05	1.000000e+05	5.732981e-01	4.624445e-01	4.726649e-01
13	13_746053	746053	0	G	A	0.083	5.456772e-01	2.428969e+00	-7.641711e+01	1.000000e-05	1.000000e+05	8.243220e-01	6.802518e-01	6.847657e-01
13	13_748576	748576	0	C	G	0.333	-5.169487e-01	1.421521e+00	-7.650194e+01	1.000000e-05	1.000000e+05	7.195840e-01	9.893188e-01	9.894395e-01
14	14_23327	23327	0	C	T	0.333	-5.169487e-01	1.421521e+00	-7.650194e+01	1.000000e-05	1.000000e+05	7.195840e-01	9.893188e-01	9.894395e-01
14	14_68046	68046	0	A	G	0.333	-5.169487e-01	1.421521e+00	-7.650194e+01	1.000000e-05	1.000000e+05	7.195840e-01	9.893188e-01	9.894395e-01
14	14_149196	149196	0	A	G	0.083	5.456799e-01	2.428980e+00	-7.650138e+01	1.000000e-05	1.000000e+05	8.243220e-01	9.711110e-01	9.714380e-01
14	14_155590	155590	0	T	C	0.208	-3.301478e-01	1.653445e+00	-7.622879e+01	1.000000e-05	1.000000e+05	8.435706e-01	4.597548e-01	4.700655e-01
14	14_231768	231768	0	A	G	0.083	5.456799e-01	2.428980e+00	-7.650138e+01	1.000000e-05	1.000000e+05	8.243220e-01	9.711110e-01	9.714380e-01
14	14_271762	271762	0	T	C	0.333	-5.169487e-01	1.421521e+00	-7.650194e+01	1.000000e-05	1.000000e+05	7.195840e-01	9.893188e-01	9.894395e-01
14	14_342562	342562	0	T	G	0.625	2.008503e+00	1.320587e+00	-7.487070e+01	1.000000e-05	1.000000e+05	1.425243e-01	7.087406e-02	9.465607e-02
14	14_351837	351837	0	G	T	0.083	8.669325e-01	2.424724e+00	-7.620027e+01	1.000000e-05	1.000000e+05	7.240958e-01	4.372367e-01	4.483229e-01
14	14_383626	383626	0	A	G	0.583	8.528715e-01	1.351120e+00	-7.619416e+01	1.000000e-05	1.000000e+05	5.343922e-01	4.326337e-01	4.438829e-01
14	14_555698	555698	0	G	A	0.333	-5.169487e-01	1.421521e+00	-7.650194e+01	1.000000e-05	1.000000e+05	7.195840e-01	9.893188e-01	9.894395e-01
14	14_558889	558889	0	T	C	0.333	-5.169487e-01	1.421521e+00	-7.650194e+01	1.000000e-05	1.000000e+05	7.195840e-01	9.893188e-01	9.894395e-01
14	14_612687	612687	0	T	C	0.292	-2.025831e-01	1.478083e+00	-7.649765e+01	1.000000e-05	1.000000e+05	8.922315e-01	9.254330e-01	9.262869e-01
14	14_618816	618816	0	G	T	0.333	-5.169487e-01	1.421521e+00	-7.650194e+01	1.000000e-05	1.000000e+05	7.195840e-01	9.893188e-01	9.894395e-01
14	14_716719	716719	0	T	C	0.333	-5.169487e-01	1.421521e+00	-7.650194e+01	1.000000e-05	1.000000e+05	7.195840e-01	9.893188e-01	9.894395e-01
14	14_773166	773166	0	T	C	0.208	2.115361e-01	1.654362e+00	-7.642092e+01	1.000000e-05	1.000000e+05	8.994169e-01	6.871109e-01	6.914910e-01
14	14_852745	852745	0	T	G	0.583	8.528715e-01	1.351120e+00	-7.619416e+01	1.000000e-05	1.000000e+05	5.343922e-01	4.326337e-01	4.438829e-01
14	14_908850	908850	0	A	G	0.583	7.379415e-01	1.354154e+00	-7.610949e+01	1.000000e-05	1.000000e+05	5.912723e-01	3.755913e-01	3.889800e-01
14	14_908994	908994	1	C	T	0.130	-1.501714e-01	2.038320e+00	-7.649679e+01	1.000000e-05	1.000000e+05	9.419355e-01	9.184552e-01	9.193914e-01
14	14_909011	909011	1	T	C	0.130	-1.501714e-01	2.038320e+00	-7.649679e+01	1.000000e-05	1.000000e+05	9.419355e-01	9.184552e-01	9.193914e-01
14	14_909450	909450	0	G	T	0.208	-2.213659e+00	1.586215e+00	-7.512170e+01	1.000000e-05	1.000000e+05	1.767747e-01	9.660798e-02	1.205908e-01
14	14_909472	909472	1	G	T	0.304	-2.247764e+00	1.413029e+00	-7.517871e+01	1.000000e-05	1.000000e+05	1.259363e-01	1.037690e-01	1.276895e-01
14	14_909504	909504	2	T	G	0.273	-2.215664e+00	1.503761e+00	-7.466844e+01	1.000000e-05	1.000000e+05	1.548042e-01	5.549407e-02	7.867698e-02
14	14_909638	909638	1	T	C	0.696	-2.916087e-01	1.490789e+00	-7.650097e+01	1.000000e-05	1.000000e+05	8.467132e-01	9.632781e-01	9.636943e-01
14	14_909661	909661	0	A	G	0.667	-1.139255e+00	1.404896e+00	-7.609179e+01	1.000000e-05	1.000000e+05	4.260992e-01	3.650378e-01	3.788457e-01
14	14_909704	909704	0	A	G	0.583	4.325537e-01	1.360140e+00	-7.645185e+01	1.000000e-05	1.000000e+05	7.534678e-01	7.514007e-01	7.546349e-01
14	14_910040	910040	2	A	G	0.409	-1.176661e+00	1.405552e+00	-7.611756e+01	1.000000e-05	1.000000e+05	4.115090e-01	3.805465e-01	3.937408e-01
14	14_910103	910103	1	A	G	0.435	-2.842741e-01	1.383611e+00	-7.649622e+01	1.000000e-05	1.000000e+05	8.391035e-01	9.141008e-01	9.150888e-01
14	14_910152	910152	1	A	G	0.348	-7.055116e-01	1.433620e+00	-7.648951e+01	1.000000e-05	1.000000e+05	6.275102e-01	8.742527e-01	8.757285e-01
14	14_910181	910181	1	G	A	0.391	-3.832379e-01	1.404375e+00	-7.648089e+01	1.000000e-05	1.000000e+05	7.874841e-01	8.370694e-01	8.390302e-01
14	14_910258	910258	1	G	T	0.435	2.116495e+00	1.309371e+00	-7.523053e+01	1.000000e-05	1.000000e+05	1.202538e-01	1.107842e-01	1.346071e-01
14	14_910323	910323	1	T	C	0.348	9.498186e-01	1.427195e+00	-7.649603e+01	1.000000e-05	1.000000e+05	5.126394e-01	9.127541e-01	9.137582e-01
14	14_910328	910328	1	G	A	0.391	5.707826e-01	1.401477e+00	-7.649811e+01	1.000000e-05	1.000000e+05	6.877438e-01	9.293984e-01	9.302057e-01
14	14_910510	910510	1	A	G	0.391	-1.433563e+00	1.373145e+00	-7.541382e+01	1.000000e-05	1.000000e+05	3.078220e-01	1.401397e-01	1.632626e-01
14	14_910555	910555	1	C	T	0.348	-4.704878e-01	1.437994e+00	-7.644474e+01	1.000000e-05	1.000000e+05	7.466219e-01	7.349729e-01	7.384824e-01
14	14_910742	910742	0	A	G	0.250	-5.661212e-01	1.547444e+00	-7.633485e+01	1.000000e-05	1.000000e+05	7.179766e-01	5.630980e-01	5.703033e-01
14	14_910822	910822	0	G	A	0.208	-5.859134e-01	1.650216e+00	-7.648306e+01	1.000000e-05	1.000000e+05	7.259315e-01	8.455379e-01	8.473854e-01
14	14_910834	910834	1	T	A	0.130	-1.501577e-01	2.038325e+00	-7.648159e+01	1.000000e-05	1.000000e+05	9.419409e-01	8.397585e-01	8.416831e-01
14	14_910926	910926	3	G	A	0.381	-1.459314e+00	1.446471e+00	-7.607658e+01	1.000000e-05	1.000000e+05	3.240010e-01	3.562962e-01	3.704566e-01
14	14_910939	910939	3	C	A	0.524	1.152366e+00	1.417502e+00	-7.633894e+01	1.000000e-05	1.000000e+05	4.249544e-01	5.679110e-01	5.749893e-01
14	14_910964	910964	1	G	A	0.478	-2.047004e+00	1.303277e+00	-7.556132e+01	1.000000e-05	1.000000e+05	1.305340e-01	1.701726e-01	1.922635e-01
14	14_910966	910966	0	T	C	0.458	-1.831026e+00	1.291164e+00	-7.597094e+01	1.000000e-05	1.000000e+05	1.701661e-01	3.027182e-01	3.191288e-01
14	14_910979	910979	1	A	G	0.478	9.226183e-01	1.360259e+00	-7.614112e+01	1.000000e-05	1.000000e+05	5.046751e-01	3.955486e-01	4.081639e-01
14	14_911099	911099	2	A	G	0.455	-1.840336e+00	1.354104e+00	-7.598308e+01	1.000000e-05	1.000000e+05	1.878918e-01	3.083089e-01	3.244785e-01
14	14_911129	911129	0	T	C	0.542	-5.234569e-01	1.344265e+00	-7.648680e+01	1.000000e-05	1.000000e+05	7.007240e-01	8.614235e-01	8.630630e-01
14	14_911206	911206	0	G	A	0.375	-5.332524e-02	1.388237e+00	-7.618494e+01	1.000000e-05	1.000000e+05	9.697055e-01	4.258277e-01	4.373206e-01
14	14_911262	911262	1	A	C	0.348	1.025122e+00	1.424845e+00	-7.561552e+01	1.000000e-05	1.000000e+05	4.794301e-01	1.830080e-01	2.045990e-01
14	14_911292	911292	2	A	G	0.318	-1.087752e+00	1.489200e+00	-7.645859e+01	1.000000e-05	1.000000e+05	4.728365e-01	7.681620e-01	7.711268e-01
14	14_911297	911297	3	A	C	0.333	-6.119147e-01	1.518585e+00	-7.647976e+01	1.000000e-05	1.000000e+05	6.908736e-01	8.328358e-01	8.348541e-01
14	14_911308	911308	0	C	T	0.292	-1.111234e+00	1.459575e+00	-7.625012e+01	1.000000e-05	1.000000e+05	4.545380e-01	4.778245e-01	4.875387e-01
14	14_911314	911314	0	A	G	0.167	-5.746887e-01	1.799261e+00	-7.639013e+01	1.000000e-05	1.000000e+05	7.524344e-01	6.361600e-01	6.415932e-01
14	14_911321	911321	2	G	A	0.273	8.174538e-01	1.566547e+00	-7.622159e+01	1.000000e-05	1.000000e+05	6.070108e-01	4.539043e-01	4.644131e-01
14	14_911352	911352	3	G	A	0.381	-1.162038e+00	1.458663e+00	-7.555065e+01	1.000000e-05	1.000000e+05	4.341702e-01	1.677689e-01	1.899503e-01
14	14_911375	911375	1	G	A	0.391	3.388668e-01	1.404897e+00	-7.621628e+01	1.000000e-05	1.000000e+05	8.116308e-01	4.496647e-01	4.603185e-01
14	14_911385	911385	1	G	A	0.478	-1.751999e-01	1.373907e+00	-7.636786e+01	1.000000e-05	1.000000e+05	8.996877e-01	6.044500e-01	6.106122e-01
14	14_911414	911414	3	G	A	0.238	9.961643e-01	1.673528e+00	-7.609038e+01	1.000000e-05	1.000000e+05	5.577516e-01	3.642128e-01	3.780539e-01
14	14_924025	924025	0	T	C	0.417	8.407745e-01	1.351446e+00	-7.647648e+01	1.000000e-05	1.000000e+05	5.402516e-01	8.211623e-01	8.233416e-01
14	14_924047	924047	0	C	A	0.500	4.580601e-01	1.340660e+00	-7.646786e+01	1.000000e-05	1.000000e+05	7.358431e-01	7.937687e-01	7.963421e-01
14	14_924049	924049	0	T	A	0.500	4.580601e-01	1.340660e+00	-7.646786e+01	1.000000e-05	1.000000e+05	7.358431e-01	7.937687e-01	7.963421e-01
14	14_924050	924050	0	C	G	0.500	4.580601e-01	1.340660e+00	-7.646786e+01	1.000000e-05	1.000000e+05	7.358431e-01	7.937687e-01	7.963421e-01
14	14_924059	924059	0	T	C	0.458	-1.671333e-01	1.348435e+00	-7.630384e+01	1.000000e-05	1.000000e+05	9.024834e-01	5.289598e-01	5.371099e-01
14	14_924128	924128	0	G	A	0.333	-2.756168e-01	1.424547e+00	-7.647705e+01	1.000000e-05	1.000000e+05	8.483607e-01	8.231226e-01	8.252746e-01
14	14_924776	924776	0	A	G	0.375	-5.728867e-01	1.382924e+00	-7.645563e+01	1.000000e-05	1.000000e+05	6.826968e-01	7.606403e-01	7.637246e-01
14	14_924866	924866	0	G	A	0.292	2.898023e+00	1.343405e+00	-7.425015e+01	1.000000e-05	1.000000e+05	4.217649e-02	3.382047e-02	5.501297e-02
14	14_925085	925085	0	G	A	0.125	-2.002819e+00	1.986871e+00	-7.635315e+01	1.000000e-05	1.000000e+05	3.244005e-01	5.852908e-01	5.919228e-01
