chr	rs	ps	n_miss	allele1	allele0	af	beta	se	logl_H1	l_remle	l_mle	p_wald	p_lrt	p_score
1	1_44747	44747	1	C	G	0.265	4.064606e+00	7.280531e+00	-1.740607e+02	1.000000e-05	1.000000e+05	5.804188e-01	1.907417e-01	2.051437e-01
1	1_44753	44753	2	G	A	0.273	5.580015e+00	7.290635e+00	-1.736074e+02	1.000000e-05	1.000000e+05	4.494922e-01	1.056268e-01	1.217398e-01
1	1_44785	44785	2	G	A	0.152	1.757678e+01	8.608228e+00	-1.735284e+02	1.000000e-05	1.000000e-05	4.922527e-02	9.565553e-02	1.262051e-01
1	1_47564	47564	0	G	A	0.400	-8.716700e+00	6.315125e+00	-1.734705e+02	1.161036e-02	1.000000e+05	1.767769e-01	8.900978e-02	1.051578e-01
1	1_47575	47575	1	G	A	0.412	-3.566238e+00	6.527727e+00	-1.747249e+02	1.000000e-05	1.000000e+05	5.885199e-01	5.357922e-01	5.411452e-01
1	1_47671	47671	2	G	A	0.455	5.127823e+00	6.517715e+00	-1.735265e+02	1.000000e-05	1.000000e+05	4.370412e-01	9.543684e-02	1.115918e-01
1	1_47684	47684	3	C	G	0.469	3.513756e+00	6.637803e+00	-1.739771e+02	1.000000e-05	1.000000e+05	6.001023e-01	1.704557e-01	1.853958e-01
1	1_47686	47686	3	A	G	0.469	3.513756e+00	6.637803e+00	-1.739771e+02	1.000000e-05	1.000000e+05	6.001023e-01	1.704557e-01	1.853958e-01
1	1_101060	101060	0	T	C	0.171	-1.410791e+01	8.074468e+00	-1.740620e+02	1.000000e-05	1.000000e-05	8.990013e-02	1.910928e-01	4.828106e-01
1	1_170985	170985	0	A	G	0.143	-1.430841e+01	8.741876e+00	-1.740540e+02	1.000000e-05	1.000000e+05	1.111823e-01	1.890113e-01	2.034608e-01
1	1_291990	291990	1	T	G	0.441	-5.638606e+00	6.425245e+00	-1.749106e+02	1.000000e-05	1.000000e+05	3.865214e-01	9.125256e-01	9.131984e-01
1	1_309593	309593	4	A	G	0.387	-6.436459e+00	6.847489e+00	-1.747138e+02	1.000000e-05	1.000000e+05	3.540610e-01	5.242212e-01	5.297995e-01
1	1_363954	363954	0	A	G	0.286	2.740846e+00	9.004237e+00	-1.748633e+02	1.155373e-01	1.000000e+05	7.627383e-01	7.439202e-01	7.461696e-01
1	1_477160	477160	0	A	C	0.200	-6.330217e+00	7.875035e+00	-1.743651e+02	1.000000e-05	1.000000e+05	4.272458e-01	2.936084e-01	3.049773e-01
1	1_606536	606536	0	A	G	0.143	-1.430841e+01	8.741876e+00	-1.740540e+02	1.000000e-05	1.000000e+05	1.111823e-01	1.890113e-01	2.034608e-01
1	1_743295	743295	0	T	C	0.143	-1.430841e+01	8.741876e+00	-1.740540e+02	1.000000e-05	1.000000e+05	1.111823e-01	1.890113e-01	2.034608e-01
1	1_807596	807596	0	T	C	0.171	-1.410791e+01	8.074468e+00	-1.740620e+02	1.000000e-05	1.000000e-05	8.990013e-02	1.910928e-01	4.828106e-01
1	1_927896	927896	1	C	T	0.265	4.962581e+00	9.543135e+00	-1.749154e+02	1.598960e-01	1.000000e+05	6.065238e-01	9.601218e-01	9.604240e-01
1	1_927901	927901	1	C	A	0.265	4.962581e+00	9.543135e+00	-1.749154e+02	1.598960e-01	1.000000e+05	6.065238e-01	9.601218e-01	9.604240e-01
1	1_944973	944973	0	G	C	0.429	-4.983271e+00	6.368896e+00	-1.749128e+02	1.000000e-05	1.000000e+05	4.395355e-01	9.304898e-01	9.310207e-01
1	1_971811	971811	4	G	T	0.129	1.782872e+01	9.591869e+00	-1.714800e+02	1.000000e-05	1.000000e+05	7.200311e-02	8.749580e-03	1.764621e-02
1	1_975012	975012	0	C	T	0.086	1.059368e+01	1.121132e+01	-1.747116e+02	1.000000e-05	1.000000e+05	3.515727e-01	5.219422e-01	5.275657e-01
1	1_975152	975152	4	T	C	0.290	1.993548e+00	7.437584e+00	-1.747072e+02	1.000000e-05	1.000000e+05	7.903392e-01	5.174748e-01	5.231874e-01
1	1_975212	975212	0	C	T	0.400	5.220212e+00	6.428652e+00	-1.742090e+02	1.000000e-05	1.000000e+05	4.225976e-01	2.341865e-01	2.473329e-01
1	1_975397	975397	2	T	C	0.424	2.021211e-01	6.627738e+00	-1.749059e+02	1.000000e-05	1.000000e+05	9.758550e-01	8.834417e-01	8.843514e-01
1	1_975445	975445	2	T	C	0.303	5.976677e-02	7.127679e+00	-1.749124e+02	1.000000e-05	1.000000e+05	9.933602e-01	9.271329e-01	9.276901e-01
1	1_975457	975457	2	A	G	0.333	4.863529e+00	6.896962e+00	-1.744195e+02	1.000000e-05	1.000000e+05	4.856525e-01	3.187268e-01	3.293592e-01
1	1_975510	975510	2	T	C	0.152	-7.585561e+00	9.039917e+00	-1.747814e+02	1.000000e-05	1.000000e+05	4.074406e-01	6.030863e-01	6.072484e-01
1	1_1065714	1065714	0	G	A	0.286	2.740846e+00	9.004237e+00	-1.748633e+02	1.155373e-01	1.000000e+05	7.627383e-01	7.439202e-01	7.461696e-01
1	1_1317098	1317098	0	T	C	0.543	6.105314e+00	6.296171e+00	-1.748932e+02	1.000000e-05	1.000000e+05	3.392566e-01	8.285179e-01	8.299074e-01
1	1_1354376	1354376	0	A	G	0.429	-4.983271e+00	6.368896e+00	-1.749128e+02	1.000000e-05	1.000000e+05	4.395355e-01	9.304898e-01	9.310207e-01
1	1_1471243	1471243	0	T	C	0.429	-4.983271e+00	6.368896e+00	-1.749128e+02	1.000000e-05	1.000000e+05	4.395355e-01	9.304898e-01	9.310207e-01
1	1_1509932	1509932	0	A	C	0.371	-3.834547e+00	6.549166e+00	-1.742665e+02	1.000000e-05	1.000000e+05	5.621934e-01	2.541668e-01	2.667152e-01
1	1_1509935	1509935	0	G	C	0.371	-3.834547e+00	6.549166e+00	-1.742665e+02	1.000000e-05	1.000000e+05	5.621934e-01	2.541668e-01	2.667152e-01
1	1_1509940	1509940	0	G	C	0.371	-3.834547e+00	6.549166e+00	-1.742665e+02	1.000000e-05	1.000000e+05	5.621934e-01	2.541668e-01	2.667152e-01
1	1_1581524	1581524	1	A	G	0.206	6.289664e+00	7.937867e+00	-1.745835e+02	1.269680e-02	1.000000e+05	4.338091e-01	4.143661e-01	4.224038e-01
1	1_1583615	1583615	0	C	T	0.429	-4.983271e+00	6.368896e+00	-1.749128e+02	1.000000e-05	1.000000e+05	4.395355e-01	9.304898e-01	9.310207e-01
1	1_1943622	1943622	0	G	A	0.429	-4.983271e+00	6.368896e+00	-1.749128e+02	1.000000e-05	1.000000e+05	4.395355e-01	9.304898e-01	9.310207e-01
1	1_2108016	2108016	0	G	C	0.371	-3.834547e+00	6.549166e+00	-1.742665e+02	1.000000e-05	1.000000e+05	5.621934e-01	2.541668e-01	2.667152e-01
1	1_2194658	2194658	0	A	G	0.143	-1.430841e+01	8.741876e+00	-1.740540e+02	1.000000e-05	1.000000e+05	1.111823e-01	1.890113e-01	2.034608e-01
1	1_2205937	2205937	0	G	C	0.429	-4.983271e+00	6.368896e+00	-1.749128e+02	1.000000e-05	1.000000e+05	4.395355e-01	9.304898e-01	9.310207e-01
2	2_71426	71426	0	T	C	0.429	-4.983271e+00	6.368896e+00	-1.749128e+02	1.000000e-05	1.000000e+05	4.395355e-01	9.304898e-01	9.310207e-01
2	2_140257	140257	0	G	A	0.429	-4.983271e+00	6.368896e+00	-1.749128e+02	1.000000e-05	1.000000e+05	4.395355e-01	9.304898e-01	9.310207e-01
2	2_150696	150696	0	T	C	0.429	-4.983271e+00	6.368896e+00	-1.749128e+02	1.000000e-05	1.000000e+05	4.395355e-01	9.304898e-01	9.310207e-01
2	2_270700	270700	2	T	C	0.364	2.496865e+00	6.795581e+00	-1.747870e+02	1.000000e-05	1.000000e+05	7.156481e-01	6.107068e-01	6.147464e-01
2	2_270799	270799	6	A	G	0.138	4.140256e+00	1.010776e+01	-1.734768e+02	1.000000e-05	1.000000e+05	6.847377e-01	8.970732e-02	1.058574e-01
2	2_270855	270855	2	G	A	0.485	-6.027456e+00	6.469818e+00	-1.748702e+02	1.000000e-05	1.000000e+05	3.582955e-01	7.607111e-01	7.627757e-01
2	2_270969	270969	1	T	G	0.412	-1.603587e+00	6.551224e+00	-1.749108e+02	1.000000e-05	1.000000e+05	8.081451e-01	9.143485e-01	9.150068e-01
2	2_270970	270970	1	T	A	0.412	-1.603587e+00	6.551224e+00	-1.749108e+02	1.000000e-05	1.000000e+05	8.081451e-01	9.143485e-01	9.150068e-01
2	2_270971	270971	1	C	A	0.412	-1.603587e+00	6.551224e+00	-1.749108e+02	1.000000e-05	1.000000e+05	8.081451e-01	9.143485e-01	9.150068e-01
2	2_270994	270994	1	A	G	0.500	-7.058742e+00	6.336217e+00	-1.748450e+02	1.000000e-05	1.000000e+05	2.733143e-01	7.050821e-01	7.077907e-01
2	2_294465	294465	1	G	A	0.147	6.179441e+00	9.048231e+00	-1.749006e+02	1.000000e-05	1.000000e+05	4.994087e-01	8.581116e-01	8.592365e-01
2	2_508674	508674	0	G	A	0.429	-4.983271e+00	6.368896e+00	-1.749128e+02	1.000000e-05	1.000000e+05	4.395355e-01	9.304898e-01	9.310207e-01
2	2_595266	595266	0	A	G	0.429	-4.983271e+00	6.368896e+00	-1.749128e+02	1.000000e-05	1.000000e+05	4.395355e-01	9.304898e-01	9.310207e-01
2	2_697983	697983	0	A	G	0.514	2.378018e+00	6.684861e+00	-1.749138e+02	1.105822e-02	1.000000e+05	7.243054e-01	9.403250e-01	9.407793e-01
2	2_746031	746031	0	G	A	0.086	-5.447623e+00	1.132240e+01	-1.749058e+02	1.000000e-05	1.000000e+05	6.335944e-01	8.832108e-01	8.841223e-01
2	2_774357	774357	0	A	C	0.429	-4.983271e+00	6.368896e+00	-1.749128e+02	1.000000e-05	1.000000e+05	4.395355e-01	9.304898e-01	9.310207e-01
2	2_820645	820645	0	T	A	0.429	-4.983271e+00	6.368896e+00	-1.749128e+02	1.000000e-05	1.000000e+05	4.395355e-01	9.304898e-01	9.310207e-01
2	2_963693	963693	0	T	G	0.371	-3.834547e+00	6.549166e+00	-1.742665e+02	1.000000e-05	1.000000e+05	5.621934e-01	2.541668e-01	2.667152e-01
2	2_983795	983795	0	G	C	0.514	2.378018e+00	6.684861e+00	-1.749138e+02	1.105822e-02	1.000000e+05	7.243054e-01	9.403250e-01	9.407793e-01
2	2_1088064	1088064	0	T	C	0.143	-1.430841e+01	8.741876e+00	-1.740540e+02	1.000000e-05	1.000000e+05	1.111823e-01	1.890113e-01	2.034608e-01
2	2_1162362	1162362	0	G	C	0.429	-4.983271e+00	6.368896e+00	-1.749128e+02	1.000000e-05	1.000000e+05	4.395355e-01	9.304898e-01	9.310207e-01
2	2_1225303	1225303	0	A	G	0.514	2.378018e+00	6.684861e+00	-1.749138e+02	1.105822e-02	1.000000e+05	7.243054e-01	9.403250e-01	9.407793e-01
2	2_1406556	1406556	0	G	A	0.429	-4.983271e+00	6.368896e+00	-1.749128e+02	1.000000e-05	1.000000e+05	4.395355e-01	9.304898e-01	9.310207e-01
2	2_1519281	1519281	0	T	C	0.429	-4.983271e+00	6.368896e+00	-1.749128e+02	1.000000e-05	1.000000e+05	4.395355e-01	9.304898e-01	9.310207e-01
3	3_10892	10892	1	C	G	0.088	-3.032274e+00	1.136542e+01	-1.748832e+02	1.000000e-05	1.000000e+05	7.912847e-01	7.960677e-01	7.977672e-01
3	3_61845	61845	0	G	T	0.429	-4.983271e+00	6.368896e+00	-1.749128e+02	1.000000e-05	1.000000e+05	4.395355e-01	9.304898e-01	9.310207e-01
3	3_83036	83036	0	T	C	0.429	-4.983271e+00	6.368896e+00	-1.749128e+02	1.000000e-05	1.000000e+05	4.395355e-01	9.304898e-01	9.310207e-01
3	3_84476	84476	0	T	C	0.400	-5.166604e+00	6.430343e+00	-1.747585e+02	1.000000e-05	1.000000e+05	4.274514e-01	5.738807e-01	5.785350e-01
3	3_97584	97584	0	G	T	0.143	-1.430841e+01	8.741876e+00	-1.740540e+02	1.000000e-05	1.000000e+05	1.111823e-01	1.890113e-01	2.034608e-01
3	3_189938	189938	0	T	C	0.143	-1.430841e+01	8.741876e+00	-1.740540e+02	1.000000e-05	1.000000e+05	1.111823e-01	1.890113e-01	2.034608e-01
3	3_207299	207299	1	A	G	0.147	-7.362075e+00	9.021361e+00	-1.743568e+02	1.000000e-05	1.000000e+05	4.203111e-01	2.899859e-01	3.014623e-01
3	3_288811	288811	0	T	C	0.143	-6.783101e+00	9.012624e+00	-1.745505e+02	1.000000e-05	1.000000e+05	4.570125e-01	3.921448e-01	4.007504e-01
3	3_296203	296203	0	G	A	0.286	2.740846e+00	9.004237e+00	-1.748633e+02	1.155373e-01	1.000000e+05	7.627383e-01	7.439202e-01	7.461696e-01
3	3_354680	354680	0	C	T	0.429	-4.983271e+00	6.368896e+00	-1.749128e+02	1.000000e-05	1.000000e+05	4.395355e-01	9.304898e-01	9.310207e-01
3	3_401715	401715	0	T	C	0.429	-4.983271e+00	6.368896e+00	-1.749128e+02	1.000000e-05	1.000000e+05	4.395355e-01	9.304898e-01	9.310207e-01
3	3_449970	449970	0	T	C	0.371	-3.834547e+00	6.549166e+00	-1.742665e+02	1.000000e-05	1.000000e+05	5.621934e-01	2.541668e-01	2.667152e-01
3	3_485530	485530	0	T	C	0.286	2.740846e+00	9.004237e+00	-1.748633e+02	1.155373e-01	1.000000e+05	7.627383e-01	7.439202e-01	7.461696e-01
3	3_493126	493126	0	C	T	0.457	-6.105314e+00	6.296171e+00	-1.748932e+02	1.000000e-05	1.000000e+05	3.392566e-01	8.285179e-01	8.299074e-01
3	3_741271	741271	0	T	C	0.143	-1.430841e+01	8.741876e+00	-1.740540e+02	1.000000e-05	1.000000e+05	1.111823e-01	1.890113e-01	2.034608e-01
3	3_750294	750294	0	T	G	0.257	6.008507e+00	7.201940e+00	-1.740426e+02	1.000000e-05	1.000000e+05	4.101164e-01	1.861195e-01	2.006479e-01
3	3_860957	860957	0	A	T	0.457	-3.831436e+00	6.349954e+00	-1.746251e+02	1.000000e-05	1.000000e+05	5.503809e-01	4.451302e-01	4.524204e-01
3	3_862065	862065	0	G	A	0.229	1.212949e+00	7.571709e+00	-1.749029e+02	1.000000e-05	1.000000e+05	8.737041e-01	8.683408e-01	8.693776e-01
3	3_862068	862068	0	G	A	0.229	1.212949e+00	7.571709e+00	-1.749029e+02	1.000000e-05	1.000000e+05	8.737041e-01	8.683408e-01	8.693776e-01
3	3_862069	862069	4	A	G	0.258	3.619557e+00	7.697992e+00	-1.746538e+02	1.000000e-05	1.000000e+05	6.413085e-01	4.684539e-01	4.752078e-01
3	3_968415	968415	1	G	C	0.441	-5.638606e+00	6.425245e+00	-1.749106e+02	1.000000e-05	1.000000e+05	3.865214e-01	9.125256e-01	9.131984e-01
3	3_1070130	1070130	0	G	A	0.400	-5.166604e+00	6.430343e+00	-1.747585e+02	1.000000e-05	1.000000e+05	4.274514e-01	5.738807e-01	5.785350e-01
3	3_1071924	1071924	0	G	A	0.343	-5.899382e+00	6.621773e+00	-1.746960e+02	1.000000e-05	1.000000e+05	3.794289e-01	5.064845e-01	5.124205e-01
3	3_1071929	1071929	0	C	T	0.343	-5.899382e+00	6.621773e+00	-1.746960e+02	1.000000e-05	1.000000e+05	3.794289e-01	5.064845e-01	5.124205e-01
3	3_1180025	1180025	0	C	T	0.429	-4.983271e+00	6.368896e+00	-1.749128e+02	1.000000e-05	1.000000e+05	4.395355e-01	9.304898e-01	9.310207e-01
3	3_1234218	1234218	0	G	A	0.314	-3.441317e+00	6.825289e+00	-1.749165e+02	1.000000e-05	1.000000e+05	6.174702e-01	9.875744e-01	9.876682e-01
3	3_1318833	1318833	0	T	C	0.429	-4.983271e+00	6.368896e+00	-1.749128e+02	1.000000e-05	1.000000e+05	4.395355e-01	9.304898e-01	9.310207e-01
3	3_1330004	1330004	0	T	C	0.143	-1.430841e+01	8.741876e+00	-1.740540e+02	1.000000e-05	1.000000e+05	1.111823e-01	1.890113e-01	2.034608e-01
3	3_1334793	1334793	0	C	T	0.143	-1.430841e+01	8.741876e+00	-1.740540e+02	1.000000e-05	1.000000e+05	1.111823e-01	1.890113e-01	2.034608e-01
4	4_53256	53256	0	T	C	0.143	-1.430841e+01	8.741876e+00	-1.740540e+02	1.000000e-05	1.000000e+05	1.111823e-01	1.890113e-01	2.034608e-01
4	4_106294	106294	0	C	T	0.343	-3.109271e+00	6.679371e+00	-1.748245e+02	1.000000e-05	1.000000e+05	6.446285e-01	6.677847e-01	6.709803e-01
4	4_577501	577501	0	G	A	0.429	-4.983271e+00	6.368896e+00	-1.749128e+02	1.000000e-05	1.000000e+05	4.395355e-01	9.304898e-01	9.310207e-01
4	4_666976	666976	0	T	G	0.114	7.605696e+00	9.916484e+00	-1.746080e+02	4.865352e-03	1.000000e+05	4.485490e-01	4.320614e-01	4.396637e-01
4	4_667433	667433	0	G	T	0.343	-3.299730e+00	6.676287e+00	-1.741988e+02	1.000000e-05	1.000000e+05	6.244064e-01	2.308473e-01	2.440930e-01
4	4_667446	667446	0	G	A	0.371	-5.027860e+00	6.524327e+00	-1.739328e+02	1.000000e-05	1.000000e+05	4.464072e-01	1.606917e-01	1.758721e-01
4	4_667490	667490	1	G	A	0.382	5.500535e-02	6.640701e+00	-1.748629e+02	1.000000e-05	1.000000e+05	9.934410e-01	7.430275e-01	7.452870e-01
4	4_679331	679331	0	T	A	0.429	-4.983271e+00	6.368896e+00	-1.749128e+02	1.000000e-05	1.000000e+05	4.395355e-01	9.304898e-01	9.310207e-01
4	4_901105	901105	1	G	A	0.441	-5.638606e+00	6.425245e+00	-1.749106e+02	1.000000e-05	1.000000e+05	3.865214e-01	9.125256e-01	9.131984e-01
4	4_995956	995956	3	A	G	0.250	-1.093740e+01	7.442430e+00	-1.727531e+02	1.000000e-05	1.000000e+05	1.511399e-01	3.751130e-02	5.183758e-02
4	4_1076446	1076446	0	G	A	0.286	-8.952226e-01	7.039072e+00	-1.749162e+02	1.000000e-05	1.000000e+05	8.995705e-01	9.780432e-01	9.782091e-01
4	4_1076465	1076465	0	G	A	0.371	-5.731773e+00	6.506693e+00	-1.742960e+02	1.000000e-05	1.000000e+05	3.847407e-01	2.652360e-01	2.774520e-01
5	5_7093	7093	0	G	A	0.400	-1.019637e+01	6.245239e+00	-1.734360e+02	1.000000e-05	1.000000e+05	1.120472e-01	8.527953e-02	1.014096e-01
5	5_168988	168988	0	G	A	0.171	-1.410791e+01	8.074468e+00	-1.740620e+02	1.000000e-05	1.000000e-05	8.990013e-02	1.910928e-01	4.828106e-01
5	5_276722	276722	0	A	G	0.514	2.378018e+00	6.684861e+00	-1.749138e+02	1.105822e-02	1.000000e+05	7.243054e-01	9.403250e-01	9.407793e-01
5	5_475470	475470	2	T	C	0.364	1.079695e+01	6.544546e+00	-1.742272e+02	3.266079e-03	8.414131e-03	1.084795e-01	2.403103e-01	8.798381e-01
5	5_476407	476407	0	T	A	0.486	-3.184712e+00	6.339791e+00	-1.749015e+02	1.000000e-05	1.000000e+05	6.187662e-01	8.619676e-01	8.630591e-01
5	5_500266	500266	1	G	A	0.412	-2.225025e+00	6.545716e+00	-1.749153e+02	1.000000e-05	1.000000e+05	7.360703e-01	9.591059e-01	9.594158e-01
5	5_676974	676974	0	A	C	0.457	-5.270552e+00	6.318615e+00	-1.749002e+02	1.000000e-05	1.000000e+05	4.102049e-01	8.560414e-01	8.571843e-01
5	5_773775	773775	0	C	T	0.171	-1.410791e+01	8.074468e+00	-1.740620e+02	1.000000e-05	1.000000e-05	8.990013e-02	1.910928e-01	4.828106e-01
5	5_835130	835130	1	A	G	0.324	-2.195661e+00	6.887584e+00	-1.748675e+02	1.000000e-05	1.000000e+05	7.518983e-01	7.539228e-01	7.560612e-01
5	5_835251	835251	2	G	C	0.303	2.875936e+00	7.110099e+00	-1.748920e+02	1.000000e-05	1.000000e+05	6.884652e-01	8.244278e-01	8.258552e-01
5	5_835261	835261	2	A	G	0.303	-2.923996e+00	7.109490e+00	-1.749157e+02	1.000000e-05	1.000000e+05	6.835256e-01	9.654929e-01	9.657540e-01
5	5_836479	836479	1	G	A	0.382	-6.677504e+00	6.538225e+00	-1.745468e+02	1.000000e-05	1.000000e+05	3.145404e-01	3.897639e-01	3.984317e-01
5	5_836568	836568	0	A	G	0.400	-1.222018e+01	6.134181e+00	-1.725498e+02	1.000000e-05	1.000000e+05	5.468206e-02	2.957672e-02	4.306388e-02
5	5_836697	836697	0	A	G	0.514	6.530305e+00	6.261630e+00	-1.733413e+02	1.000000e-05	1.000000e+05	3.045711e-01	7.589926e-02	9.193192e-02
5	5_836899	836899	1	G	A	0.206	-4.020973e+00	7.950401e+00	-1.748048e+02	1.000000e-05	1.000000e+05	6.163890e-01	6.362602e-01	6.399063e-01
5	5_975686	975686	0	C	G	0.457	-6.105314e+00	6.296171e+00	-1.748932e+02	1.000000e-05	1.000000e+05	3.392566e-01	8.285179e-01	8.299074e-01
5	5_1037902	1037902	0	A	G	0.429	-4.983271e+00	6.368896e+00	-1.749128e+02	1.000000e-05	1.000000e+05	4.395355e-01	9.304898e-01	9.310207e-01
5	5_1099536	1099536	0	A	G	0.171	-1.410791e+01	8.074468e+00	-1.740620e+02	1.000000e-05	1.000000e-05	8.990013e-02	1.910928e-01	4.828106e-01
5	5_1166880	1166880	0	A	G	0.143	-1.430841e+01	8.741876e+00	-1.740540e+02	1.000000e-05	1.000000e+05	1.111823e-01	1.890113e-01	2.034608e-01
5	5_1210544	1210544	0	A	G	0.514	2.378018e+00	6.684861e+00	-1.749138e+02	1.105822e-02	1.000000e+05	7.243054e-01	9.403250e-01	9.407793e-01
5	5_1245074	1245074	0	G	A	0.457	5.753225e+00	6.306115e+00	-1.745639e+02	1.000000e-05	1.000000e+05	3.682149e-01	4.009774e-01	4.093546e-01
5	5_1405166	1405166	0	G	A	0.343	-3.109271e+00	6.679371e+00	-1.748245e+02	1.000000e-05	1.000000e+05	6.446285e-01	6.677847e-01	6.709803e-01
5	5_1597105	1597105	0	C	T	0.543	6.105314e+00	6.296171e+00	-1.748932e+02	1.000000e-05	1.000000e+05	3.392566e-01	8.285179e-01	8.299074e-01
5	5_1661241	1661241	0	G	A	0.143	-1.430841e+01	8.741876e+00	-1.740540e+02	1.000000e-05	1.000000e+05	1.111823e-01	1.890113e-01	2.034608e-01
5	5_1688982	1688982	0	A	G	0.314	9.519967e-01	8.570457e+00	-1.748944e+02	8.154518e-02	1.000000e+05	9.122267e-01	8.329100e-01	8.342593e-01
5	5_1695239	1695239	0	C	T	0.143	-1.430841e+01	8.741876e+00	-1.740540e+02	1.000000e-05	1.000000e+05	1.111823e-01	1.890113e-01	2.034608e-01
5	5_1770892	1770892	0	G	A	0.429	1.237078e+01	6.055814e+00	-1.735266e+02	1.000000e-05	1.000000e-05	4.912743e-02	9.544105e-02	1.137657e-01
5	5_1773044	1773044	0	G	A	0.114	2.750083e+00	9.985736e+00	-1.744891e+02	1.000000e-05	1.000000e+05	7.847252e-01	3.551471e-01	3.647471e-01
5	5_1773047	1773047	0	G	A	0.343	-1.143841e+00	6.697995e+00	-1.749020e+02	1.000000e-05	1.000000e+05	8.654445e-01	8.644649e-01	8.655349e-01
5	5_1781499	1781499	0	C	A	0.429	-4.983271e+00	6.368896e+00	-1.749128e+02	1.000000e-05	1.000000e+05	4.395355e-01	9.304898e-01	9.310207e-01
6	6_191358	191358	0	C	T	0.143	-3.399840e+00	9.070305e+00	-1.749113e+02	1.000000e-05	1.000000e+05	7.101837e-01	9.179711e-01	9.186006e-01
6	6_211494	211494	1	G	A	0.118	-1.447070e+01	9.694425e+00	-1.739088e+02	1.000000e-05	1.000000e+05	1.450199e-01	1.556855e-01	1.709830e-01
6	6_211509	211509	0	T	C	0.143	-1.290818e+01	8.807529e+00	-1.740544e+02	1.000000e-05	1.000000e+05	1.522254e-01	1.891228e-01	2.035693e-01
6	6_220264	220264	1	G	A	0.324	8.410971e+00	6.741064e+00	-1.733594e+02	1.000000e-05	1.000000e+05	2.209147e-01	7.760037e-02	9.365682e-02
6	6_220267	220267	2	G	A	0.303	1.035645e+01	6.896006e+00	-1.735032e+02	1.000000e-05	1.000000e+05	1.426568e-01	9.270393e-02	1.088594e-01
6	6_221273	221273	3	A	G	0.406	3.151741e+00	6.750758e+00	-1.749116e+02	1.000000e-05	1.000000e+05	6.436592e-01	9.202770e-01	9.208882e-01
6	6_221275	221275	2	A	G	0.424	5.617395e+00	6.555306e+00	-1.748745e+02	1.000000e-05	1.000000e+05	3.976676e-01	7.716892e-01	7.736371e-01
6	6_221282	221282	1	A	C	0.471	9.154423e+00	6.265999e+00	-1.741825e+02	1.000000e-05	1.000000e+05	1.534812e-01	2.256168e-01	2.390174e-01
6	6_239210	239210	0	G	A	0.429	-4.983271e+00	6.368896e+00	-1.749128e+02	1.000000e-05	1.000000e+05	4.395355e-01	9.304898e-01	9.310207e-01
6	6_276397	276397	0	A	G	0.143	-1.430841e+01	8.741876e+00	-1.740540e+02	1.000000e-05	1.000000e+05	1.111823e-01	1.890113e-01	2.034608e-01
6	6_406899	406899	0	C	T	0.400	-5.166604e+00	6.430343e+00	-1.747585e+02	1.000000e-05	1.000000e+05	4.274514e-01	5.738807e-01	5.785350e-01
6	6_465434	465434	0	A	G	0.143	-1.430841e+01	8.741876e+00	-1.740540e+02	1.000000e-05	1.000000e+05	1.111823e-01	1.890113e-01	2.034608e-01
6	6_484890	484890	0	T	C	0.429	-4.983271e+00	6.368896e+00	-1.749128e+02	1.000000e-05	1.000000e+05	4.395355e-01	9.304898e-01	9.310207e-01
6	6_499210	499210	0	G	C	0.429	-4.983271e+00	6.368896e+00	-1.749128e+02	1.000000e-05	1.000000e+05	4.395355e-01	9.304898e-01	9.310207e-01
6	6_544412	544412	0	G	A	0.143	-1.430841e+01	8.741876e+00	-1.740540e+02	1.000000e-05	1.000000e+05	1.111823e-01	1.890113e-01	2.034608e-01
6	6_554477	554477	0	G	T	0.143	-1.430841e+01	8.741876e+00	-1.740540e+02	1.000000e-05	1.000000e+05	1.111823e-01	1.890113e-01	2.034608e-01
6	6_602467	602467	0	C	G	0.429	-4.983271e+00	6.368896e+00	-1.749128e+02	1.000000e-05	1.000000e+05	4.395355e-01	9.304898e-01	9.310207e-01
6	6_659075	659075	0	T	C	0.429	-4.983271e+00	6.368896e+00	-1.749128e+02	1.000000e-05	1.000000e+05	4.395355e-01	9.304898e-01	9.310207e-01
6	6_739933	739933	0	G	T	0.343	-9.222326e-01	6.699018e+00	-1.748310e+02	1.000000e-05	1.000000e+05	8.913403e-01	6.790456e-01	6.820890e-01
6	6_761983	761983	0	T	C	0.171	-1.410791e+01	8.074468e+00	-1.740620e+02	1.000000e-05	1.000000e-05	8.990013e-02	1.910928e-01	4.828106e-01
6	6_936535	936535	0	T	A	0.086	-7.179321e+00	1.129315e+01	-1.749100e+02	1.000000e-05	1.000000e+05	5.293412e-01	9.081870e-01	9.088945e-01
6	6_960726	960726	0	A	G	0.143	-1.430841e+01	8.741876e+00	-1.740540e+02	1.000000e-05	1.000000e+05	1.111823e-01	1.890113e-01	2.034608e-01
6	6_988043	988043	2	T	C	0.273	-1.421632e-01	7.355025e+00	-1.732600e+02	1.000000e-05	1.000000e+05	9.846953e-01	6.872275e-02	8.462072e-02
6	6_988098	988098	2	A	G	0.364	2.985128e+00	6.799009e+00	-1.741799e+02	3.257285e-03	1.000000e+05	6.634844e-01	2.247992e-01	2.382240e-01
6	6_988261	988261	4	A	G	0.226	9.630221e-01	8.081470e+00	-1.745814e+02	1.000000e-05	1.000000e+05	9.058677e-01	4.129188e-01	4.209928e-01
6	6_988405	988405	2	T	C	0.242	4.737343e-01	7.643146e+00	-1.747552e+02	1.000000e-05	1.000000e+05	9.509514e-01	5.699210e-01	5.746449e-01
6	6_988465	988465	1	T	C	0.471	8.299440e+00	6.302370e+00	-1.747161e+02	2.108706e-03	7.350158e-03	1.969523e-01	5.265963e-01	7.314185e-01
6	6_988478	988478	3	A	G	0.500	3.468612e+00	6.625465e+00	-1.735573e+02	1.000000e-05	1.000000e+05	6.041056e-01	9.918331e-02	1.153298e-01
6	6_988549	988549	2	A	G	0.273	-2.475651e+00	7.342421e+00	-1.744887e+02	1.000000e-05	1.000000e+05	7.381232e-01	3.548934e-01	3.645005e-01
6	6_988553	988553	3	T	G	0.281	-1.016843e+00	7.396421e+00	-1.747136e+02	1.000000e-05	1.000000e+05	8.914887e-01	5.240232e-01	5.296054e-01
6	6_988631	988631	3	G	A	0.312	5.259114e+00	7.117971e+00	-1.746508e+02	1.000000e-05	1.000000e+05	4.652210e-01	4.659027e-01	4.727140e-01
6	6_988733	988733	1	A	G	0.441	-5.158263e-01	6.498768e+00	-1.746507e+02	1.000000e-05	1.000000e+05	9.372154e-01	4.658085e-01	4.726220e-01
6	6_988843	988843	3	A	G	0.406	-1.026106e+01	6.533238e+00	-1.738081e+02	1.000000e-05	1.000000e+05	1.258173e-01	1.365007e-01	1.521999e-01
6	6_988922	988922	5	A	G	0.300	-1.912698e+00	7.489559e+00	-1.748695e+02	1.000000e-05	1.000000e+05	8.000131e-01	7.589615e-01	7.610450e-01
6	6_988930	988930	2	G	A	0.242	1.038169e-01	7.643570e+00	-1.749133e+02	1.000000e-05	1.000000e+05	9.892450e-01	9.351010e-01	9.355959e-01
6	6_988960	988960	4	T	G	0.290	-1.362359e-01	7.445643e+00	-1.748159e+02	1.000000e-05	1.000000e+05	9.855118e-01	6.535940e-01	6.569877e-01
6	6_989188	989188	0	T	C	0.429	1.057839e+01	6.258992e+00	-1.730687e+02	8.703073e-02	1.000000e+05	1.004337e-01	5.455130e-02	6.998040e-02
6	6_989334	989334	3	G	C	0.406	-6.891605e-02	6.773006e+00	-1.745344e+02	1.000000e-05	1.000000e+05	9.919428e-01	3.819232e-01	3.907975e-01
6	6_989453	989453	3	A	G	0.531	-5.123566e+00	6.605986e+00	-1.748333e+02	1.000000e-05	1.000000e+05	4.435115e-01	6.830854e-01	6.860754e-01
6	6_989490	989490	2	T	C	0.394	-7.850815e+00	6.563128e+00	-1.748676e+02	1.000000e-05	1.000000e-05	2.401427e-01	7.540969e-01	9.907280e-01
6	6_989528	989528	1	T	C	0.471	-1.116819e+01	6.173303e+00	-1.738277e+02	2.574845e-02	1.000000e+05	7.955208e-02	1.400134e-01	1.556455e-01
6	6_989732	989732	5	T	C	0.367	-1.288196e+00	7.125716e+00	-1.749132e+02	1.000000e-05	1.000000e+05	8.576449e-01	9.343012e-01	9.348024e-01
6	6_989861	989861	3	A	G	0.375	-7.375071e+00	6.750074e+00	-1.746695e+02	1.000000e-05	1.000000e+05	2.824857e-01	4.820262e-01	4.884803e-01
6	6_989960	989960	0	A	G	0.371	-3.406480e+00	6.555973e+00	-1.748243e+02	1.000000e-05	1.000000e+05	6.068108e-01	6.674924e-01	6.706920e-01
6	6_990258	990258	2	G	T	0.485	3.564396e+00	6.524889e+00	-1.746394e+02	1.000000e-05	1.000000e+05	5.885502e-01	4.564899e-01	4.635156e-01
6	6_990671	990671	6	G	A	0.483	-8.441966e-01	6.991170e+00	-1.749124e+02	1.000000e-05	1.000000e+05	9.046198e-01	9.269367e-01	9.274954e-01
6	6_990699	990699	2	G	A	0.455	4.452671e+00	6.532753e+00	-1.743284e+02	1.000000e-05	1.000000e+05	5.002529e-01	2.780866e-01	2.899176e-01
6	6_990701	990701	1	A	G	0.471	2.893968e+00	6.445818e+00	-1.747286e+02	1.000000e-05	1.000000e+05	6.563892e-01	5.397130e-01	5.449910e-01
6	6_990771	990771	4	T	C	0.419	-5.153723e+00	6.790030e+00	-1.746082e+02	1.000000e-05	1.000000e+05	4.532324e-01	4.322008e-01	4.397996e-01
6	6_990777	990777	2	A	G	0.424	-7.834494e+00	6.486021e+00	-1.738011e+02	1.000000e-05	1.000000e+05	2.356696e-01	1.352643e-01	1.509864e-01
6	6_990851	990851	1	T	C	0.265	-5.177663e+00	7.259096e+00	-1.746165e+02	1.000000e-05	1.000000e+05	4.806955e-01	4.385233e-01	4.459702e-01
6	6_990862	990862	2	G	T	0.212	-5.435380e+00	7.956605e+00	-1.746213e+02	1.000000e-05	1.000000e+05	4.992943e-01	4.421453e-01	4.495060e-01
6	6_990885	990885	4	A	G	0.226	-4.309320e+00	8.048322e+00	-1.749116e+02	1.000000e-05	1.000000e+05	5.959422e-01	9.200310e-01	9.206442e-01
6	6_990992	990992	1	T	C	0.206	-5.133243e-01	7.980632e+00	-1.749001e+02	1.000000e-05	1.000000e+05	9.491025e-01	8.555726e-01	8.567196e-01
6	6_991027	991027	1	T	C	0.265	-1.530991e+00	7.309981e+00	-1.749046e+02	1.000000e-05	1.000000e+05	8.353936e-01	8.769303e-01	8.778944e-01
6	6_1031241	1031241	1	A	G	0.441	6.582442e+00	6.397848e+00	-1.743033e+02	1.000000e-05	1.000000e+05	3.110314e-01	2.680538e-01	2.801853e-01
6	6_1116760	1116760	0	G	A	0.429	-4.983271e+00	6.368896e+00	-1.749128e+02	1.000000e-05	1.000000e+05	4.395355e-01	9.304898e-01	9.310207e-01
6	6_1160524	1160524	0	A	G	0.400	-9.154680e+00	6.293962e+00	-1.741010e+02	1.000000e-05	1.000000e+05	1.552491e-01	2.015386e-01	2.156384e-01
6	6_1160528	1160528	0	A	G	0.400	-9.154680e+00	6.293962e+00	-1.741010e+02	1.000000e-05	1.000000e+05	1.552491e-01	2.015386e-01	2.156384e-01
6	6_1160532	1160532	0	A	G	0.400	-9.154680e+00	6.293962e+00	-1.741010e+02	1.000000e-05	1.000000e+05	1.552491e-01	2.015386e-01	2.156384e-01
6	6_1167676	1167676	0	C	G	0.429	-4.983271e+00	6.368896e+00	-1.749128e+02	1.000000e-05	1.000000e+05	4.395355e-01	9.304898e-01	9.310207e-01
6	6_1174733	1174733	0	G	C	0.143	-1.430841e+01	8.741876e+00	-1.740540e+02	1.000000e-05	1.000000e+05	1.111823e-01	1.890113e-01	2.034608e-01
6	6_1249810	1249810	0	G	A	0.286	2.740846e+00	9.004237e+00	-1.748633e+02	1.155373e-01	1.000000e+05	7.627383e-01	7.439202e-01	7.461696e-01
6	6_1279254	1279254	0	C	T	0.429	-4.983271e+00	6.368896e+00	-1.749128e+02	1.000000e-05	1.000000e+05	4.395355e-01	9.304898e-01	9.310207e-01
7	7_11056	11056	1	A	C	0.265	-3.613508e+00	7.287748e+00	-1.746351e+02	1.000000e-05	1.000000e+05	6.232983e-01	4.530075e-01	4.601136e-01
7	7_14006	14006	2	A	G	0.212	3.353007e+00	7.991369e+00	-1.749117e+02	1.000000e-05	1.000000e+05	6.775124e-01	9.206356e-01	9.212440e-01
7	7_36839	36839	0	G	A	0.114	-8.117136e+00	9.896862e+00	-1.746358e+02	1.000000e-05	1.000000e+05	4.180027e-01	4.536187e-01	4.607107e-01
7	7_37788	37788	0	C	T	0.429	-4.983271e+00	6.368896e+00	-1.749128e+02	1.000000e-05	1.000000e+05	4.395355e-01	9.304898e-01	9.310207e-01
7	7_49744	49744	0	G	A	0.229	1.618260e+00	7.569429e+00	-1.739622e+02	1.000000e-05	1.000000e+05	8.320271e-01	1.670924e-01	1.821169e-01
7	7_164473	164473	2	G	A	0.364	2.205300e+00	6.798620e+00	-1.744843e+02	1.000000e-05	1.000000e+05	7.477017e-01	3.524341e-01	3.621094e-01
7	7_164511	164511	2	T	C	0.515	5.136844e+00	6.493047e+00	-1.748325e+02	1.000000e-05	1.000000e+05	4.345177e-01	6.816185e-01	6.846278e-01
7	7_164589	164589	2	C	T	0.394	-7.420089e+00	6.578281e+00	-1.738365e+02	1.000000e-05	1.000000e+05	2.674679e-01	1.416249e-01	1.572252e-01
7	7_164636	164636	2	A	G	0.485	1.103839e+00	6.551510e+00	-1.743816e+02	1.000000e-05	1.000000e+05	8.672292e-01	3.009427e-01	3.120948e-01
7	7_164887	164887	1	G	A	0.382	7.354929e-01	6.639475e+00	-1.748896e+02	1.000000e-05	1.000000e+05	9.124652e-01	8.161886e-01	8.176933e-01
7	7_164926	164926	3	G	A	0.312	-6.918015e+00	7.074889e+00	-1.748730e+02	1.000000e-05	1.000000e+05	3.352744e-01	7.678340e-01	7.698226e-01
7	7_165027	165027	5	T	C	0.233	-1.055425e+01	7.912249e+00	-1.745531e+02	1.000000e-05	1.000000e+05	1.913660e-01	3.938282e-01	4.023900e-01
7	7_165292	165292	1	C	A	0.500	5.529399e+00	6.382076e+00	-1.746240e+02	1.000000e-05	1.000000e+05	3.925295e-01	4.442499e-01	4.515608e-01
7	7_165637	165637	1	A	G	0.500	6.852877e+00	6.343058e+00	-1.749163e+02	1.000000e-05	1.000000e+05	2.878083e-01	9.802868e-01	9.804357e-01
7	7_165657	165657	3	A	G	0.438	8.357214e+00	6.545775e+00	-1.745375e+02	1.000000e-05	1.000000e+05	2.106076e-01	3.839014e-01	3.927234e-01
7	7_165680	165680	0	T	C	0.429	7.412539e+00	6.296447e+00	-1.748808e+02	1.000000e-05	1.000000e+05	2.475142e-01	7.889390e-01	7.907096e-01
7	7_165704	165704	2	A	G	0.394	-4.735619e+00	6.652998e+00	-1.748632e+02	1.000000e-05	1.000000e+05	4.815893e-01	7.438048e-01	7.460556e-01
7	7_165798	165798	3	C	T	0.469	5.784386e+00	6.589440e+00	-1.749127e+02	1.000000e-05	1.000000e+05	3.863844e-01	9.297173e-01	9.302542e-01
7	7_165854	165854	3	T	C	0.469	-4.653135e+00	6.621223e+00	-1.749100e+02	2.801055e-03	1.000000e+05	4.871332e-01	9.081223e-01	9.088304e-01
7	7_165873	165873	1	A	G	0.412	1.104387e+01	6.271535e+00	-1.740641e+02	1.583049e-02	2.209287e-02	8.751161e-02	1.916364e-01	3.702275e-01
7	7_165955	165955	3	T	C	0.500	-1.109316e+00	6.650085e+00	-1.744303e+02	1.000000e-05	1.000000e+05	8.685357e-01	3.240236e-01	3.345030e-01
7	7_166056	166056	2	C	A	0.485	-3.781403e+00	6.521197e+00	-1.737387e+02	1.000000e-05	1.000000e+05	5.659451e-01	1.248230e-01	1.407197e-01
7	7_166309	166309	2	G	A	0.455	-4.477778e+00	6.532207e+00	-1.747588e+02	1.000000e-05	1.000000e+05	4.978209e-01	5.742703e-01	5.789178e-01
7	7_166838	166838	0	T	A	0.143	3.483160e+00	9.069352e+00	-1.749157e+02	1.000000e-05	1.000000e+05	7.033989e-01	9.659933e-01	9.662507e-01
7	7_166992	166992	2	A	G	0.394	-5.730759e+00	6.629227e+00	-1.749166e+02	1.000000e-05	1.000000e+05	3.935711e-01	9.923083e-01	9.923664e-01
7	7_167034	167034	2	T	C	0.364	-3.720177e+00	6.778587e+00	-1.748992e+02	1.000000e-05	1.000000e+05	5.868281e-01	8.520756e-01	8.532533e-01
7	7_167035	167035	1	C	A	0.382	-4.313155e+00	6.598111e+00	-1.748404e+02	1.000000e-05	1.000000e+05	5.178376e-01	6.961341e-01	6.989552e-01
7	7_167135	167135	3	A	G	0.500	9.437501e+00	6.446861e+00	-1.745093e+02	1.000000e-05	1.000000e-05	1.526853e-01	3.667671e-01	5.767150e-01
7	7_167192	167192	2	C	T	0.455	1.350105e+00	6.574365e+00	-1.746810e+02	1.000000e-05	1.000000e+05	8.385531e-01	4.924094e-01	4.986400e-01
7	7_167224	167224	5	T	A	0.467	9.547853e+00	6.689841e+00	-1.742288e+02	1.590837e-02	1.000000e+05	1.629119e-01	2.408566e-01	2.538039e-01
7	7_167292	167292	3	A	G	0.438	7.944419e+00	6.561323e+00	-1.737547e+02	1.000000e-05	1.000000e+05	2.345744e-01	1.274060e-01	1.432627e-01
7	7_167370	167370	1	A	G	0.353	-2.197010e+00	6.742099e+00	-1.749065e+02	1.000000e-05	1.000000e+05	7.465844e-01	8.871559e-01	8.880347e-01
7	7_167655	167655	2	G	A	0.364	-1.042289e-01	6.809427e+00	-1.748328e+02	1.000000e-05	1.000000e+05	9.878798e-01	6.821923e-01	6.851941e-01
7	7_167687	167687	1	A	C	0.176	1.237485e+01	8.186614e+00	-1.744371e+02	1.000000e-05	1.000000e+05	1.401547e-01	3.274329e-01	3.378143e-01
7	7_226969	226969	0	G	A	0.429	-4.983271e+00	6.368896e+00	-1.749128e+02	1.000000e-05	1.000000e+05	4.395355e-01	9.304898e-01	9.310207e-01
7	7_230511	230511	0	A	G	0.429	-4.983271e+00	6.368896e+00	-1.749128e+02	1.000000e-05	1.000000e+05	4.395355e-01	9.304898e-01	9.310207e-01
7	7_347542	347542	0	C	T	0.371	-3.834547e+00	6.549166e+00	-1.742665e+02	1.000000e-05	1.000000e+05	5.621934e-01	2.541668e-01	2.667152e-01
7	7_453828	453828	2	T	C	0.152	-4.301867e+00	9.105089e+00	-1.744333e+02	1.000000e-05	1.000000e+05	6.397023e-01	3.255208e-01	3.359571e-01
7	7_479542	479542	1	A	G	0.235	1.405266e+01	7.281256e+00	-1.714411e+02	7.998783e-02	1.000000e+05	6.224244e-02	8.376805e-03	1.712180e-02
7	7_508893	508893	0	G	C	0.429	-4.983271e+00	6.368896e+00	-1.749128e+02	1.000000e-05	1.000000e+05	4.395355e-01	9.304898e-01	9.310207e-01
7	7_672119	672119	0	G	A	0.343	3.896887e+00	6.666514e+00	-1.740959e+02	1.000000e-05	1.000000e+05	5.628281e-01	2.001212e-01	2.142611e-01
7	7_752860	752860	3	A	T	0.250	-2.979283e+00	7.664572e+00	-1.736460e+02	1.000000e-05	1.000000e+05	6.999887e-01	1.109074e-01	1.269768e-01
7	7_752861	752861	0	A	T	0.114	-1.241028e+01	9.758332e+00	-1.727428e+02	3.894812e-03	1.000000e+05	2.123477e-01	3.706219e-02	5.134793e-02
7	7_813688	813688	1	C	T	0.441	-5.638606e+00	6.425245e+00	-1.749106e+02	1.000000e-05	1.000000e+05	3.865214e-01	9.125256e-01	9.131984e-01
7	7_819348	819348	0	A	C	0.429	-4.983271e+00	6.368896e+00	-1.749128e+02	1.000000e-05	1.000000e+05	4.395355e-01	9.304898e-01	9.310207e-01
7	7_831960	831960	0	T	G	0.343	-3.109271e+00	6.679371e+00	-1.748245e+02	1.000000e-05	1.000000e+05	6.446285e-01	6.677847e-01	6.709803e-01
7	7_908360	908360	4	C	A	0.194	4.861757e+00	8.512455e+00	-1.744831e+02	1.000000e-05	1.000000e+05	5.717779e-01	3.517987e-01	3.614916e-01
7	7_911043	911043	0	C	T	0.429	-4.983271e+00	6.368896e+00	-1.749128e+02	1.000000e-05	1.000000e+05	4.395355e-01	9.304898e-01	9.310207e-01
7	7_1008288	1008288	0	G	A	0.429	-4.983271e+00	6.368896e+00	-1.749128e+02	1.000000e-05	1.000000e+05	4.395355e-01	9.304898e-01	9.310207e-01
7	7_1024334	1024334	0	G	A	0.429	-4.983271e+00	6.368896e+00	-1.749128e+02	1.000000e-05	1.000000e+05	4.395355e-01	9.304898e-01	9.310207e-01
7	7_1024356	1024356	0	T	C	0.429	-4.983271e+00	6.368896e+00	-1.749128e+02	1.000000e-05	1.000000e+05	4.395355e-01	9.304898e-01	9.310207e-01
7	7_1171945	1171945	0	A	G	0.143	-1.430841e+01	8.741876e+00	-1.740540e+02	1.000000e-05	1.000000e+05	1.111823e-01	1.890113e-01	2.034608e-01
7	7_1191543	1191543	0	C	T	0.429	-4.983271e+00	6.368896e+00	-1.749128e+02	1.000000e-05	1.000000e+05	4.395355e-01	9.304898e-01	9.310207e-01
7	7_1192832	1192832	0	T	C	0.171	-1.410791e+01	8.074468e+00	-1.740620e+02	1.000000e-05	1.000000e-05	8.990013e-02	1.910928e-01	4.828106e-01
7	7_1193976	1193976	0	C	T	0.429	-4.983271e+00	6.368896e+00	-1.749128e+02	1.000000e-05	1.000000e+05	4.395355e-01	9.304898e-01	9.310207e-01
7	7_1196178	1196178	0	C	T	0.486	-3.985341e+00	6.326051e+00	-1.736600e+02	1.000000e-05	1.000000e+05	5.330401e-01	1.128884e-01	1.289381e-01
7	7_1205599	1205599	4	G	T	0.452	5.660579e+00	6.720521e+00	-1.744013e+02	3.048778e-03	1.000000e+05	4.056929e-01	3.100224e-01	3.209081e-01
7	7_1205600	1205600	3	G	A	0.438	6.135858e+00	6.626835e+00	-1.741214e+02	9.936772e-03	1.000000e+05	3.612146e-01	2.072675e-01	2.212036e-01
7	7_1205735	1205735	3	T	A	0.438	-1.506344e+01	6.171553e+00	-1.727060e+02	1.000000e-05	1.000000e-05	2.018808e-02	3.549583e-02	1.841427e-01
7	7_1227094	1227094	0	A	G	0.429	-4.983271e+00	6.368896e+00	-1.749128e+02	1.000000e-05	1.000000e+05	4.395355e-01	9.304898e-01	9.310207e-01
7	7_1240469	1240469	0	C	T	0.143	-1.430841e+01	8.741876e+00	-1.740540e+02	1.000000e-05	1.000000e+05	1.111823e-01	1.890113e-01	2.034608e-01
7	7_1263585	1263585	0	T	C	0.286	1.467993e+01	6.560675e+00	-1.730304e+02	1.000000e-05	1.000000e+05	3.211865e-02	5.210152e-02	6.741512e-02
7	7_1263610	1263610	0	G	A	0.400	-3.351196e+00	6.466297e+00	-1.748854e+02	1.000000e-05	1.000000e+05	6.077375e-01	8.026736e-01	8.043081e-01
7	7_1266484	1266484	1	A	T	0.412	1.914140e+00	6.548713e+00	-1.749162e+02	1.000000e-05	1.000000e+05	7.718928e-01	9.757277e-01	9.759111e-01
7	7_1276916	1276916	0	A	G	0.343	-2.316965e+00	6.688785e+00	-1.749064e+02	1.000000e-05	1.000000e+05	7.312445e-01	8.861312e-01	8.870185e-01
7	7_1276919	1276919	0	G	A	0.314	-1.930701e-01	6.851459e+00	-1.745112e+02	1.000000e-05	1.000000e+05	9.776888e-01	3.678994e-01	3.771500e-01
7	7_1341024	1341024	0	A	C	0.371	1.611247e+00	6.576795e+00	-1.746414e+02	1.000000e-05	1.000000e+05	8.079816e-01	4.581786e-01	4.651656e-01
8	8_144493	144493	0	A	G	0.400	-5.166604e+00	6.430343e+00	-1.747585e+02	1.000000e-05	1.000000e+05	4.274514e-01	5.738807e-01	5.785350e-01
8	8_174475	174475	0	G	T	0.429	-4.983271e+00	6.368896e+00	-1.749128e+02	1.000000e-05	1.000000e+05	4.395355e-01	9.304898e-01	9.310207e-01
8	8_208859	208859	0	G	A	0.286	2.740846e+00	9.004237e+00	-1.748633e+02	1.155373e-01	1.000000e+05	7.627383e-01	7.439202e-01	7.461696e-01
8	8_294928	294928	0	T	A	0.429	-4.983271e+00	6.368896e+00	-1.749128e+02	1.000000e-05	1.000000e+05	4.395355e-01	9.304898e-01	9.310207e-01
8	8_553155	553155	0	T	C	0.171	-1.410791e+01	8.074468e+00	-1.740620e+02	1.000000e-05	1.000000e-05	8.990013e-02	1.910928e-01	4.828106e-01
8	8_725537	725537	0	A	C	0.429	-4.983271e+00	6.368896e+00	-1.749128e+02	1.000000e-05	1.000000e+05	4.395355e-01	9.304898e-01	9.310207e-01
8	8_817562	817562	5	T	C	0.167	3.370141e+00	9.199841e+00	-1.748781e+02	1.000000e-05	1.000000e+05	7.164600e-01	7.813191e-01	7.831671e-01
8	8_817567	817567	4	C	T	0.161	3.948197e+00	9.163191e+00	-1.748528e+02	1.000000e-05	1.000000e+05	6.693602e-01	7.208814e-01	7.233976e-01
8	8_817674	817674	4	A	G	0.226	1.305956e+01	7.756889e+00	-1.741512e+02	1.000000e-05	1.000000e+05	1.016955e-01	2.159831e-01	2.296667e-01
8	8_818838	818838	5	G	A	0.433	9.118034e-01	6.931160e+00	-1.749165e+02	1.000000e-05	1.000000e+05	8.961379e-01	9.888928e-01	9.889767e-01
8	8_847517	847517	0	A	G	0.143	-3.983579e+00	9.063109e+00	-1.739267e+02	1.000000e-05	1.000000e+05	6.631369e-01	1.594037e-01	1.746146e-01
8	8_874822	874822	2	G	A	0.091	7.266392e+00	1.132401e+01	-1.746110e+02	1.000000e-05	1.000000e+05	5.255132e-01	4.343191e-01	4.418668e-01
8	8_874895	874895	4	T	C	0.161	-2.727138e+00	9.176670e+00	-1.748609e+02	1.000000e-05	1.000000e+05	7.681905e-01	7.384639e-01	7.407751e-01
8	8_874992	874992	1	C	T	0.118	5.224894e+00	9.974855e+00	-1.741502e+02	1.000000e-05	1.000000e+05	6.039135e-01	2.156876e-01	2.293798e-01
8	8_1083181	1083181	0	T	C	0.429	-4.983271e+00	6.368896e+00	-1.749128e+02	1.000000e-05	1.000000e+05	4.395355e-01	9.304898e-01	9.310207e-01
8	8_1161462	1161462	0	C	T	0.543	6.853751e+00	6.272782e+00	-1.735906e+02	1.000000e-05	1.000000e+05	2.824743e-01	1.034164e-01	1.195434e-01
8	8_1252135	1252135	1	T	C	0.353	5.884442e+00	6.674801e+00	-1.747702e+02	1.000000e-05	1.000000e+05	3.843746e-01	5.884240e-01	5.928286e-01
8	8_1256218	1256218	0	G	A	0.429	-4.983271e+00	6.368896e+00	-1.749128e+02	1.000000e-05	1.000000e+05	4.395355e-01	9.304898e-01	9.310207e-01
8	8_1326133	1326133	0	A	G	0.257	-1.175308e+01	6.984013e+00	-1.741695e+02	1.000000e-05	1.000000e-05	1.018427e-01	2.215707e-01	4.751449e-01
8	8_1326140	1326140	0	G	A	0.229	-1.187141e+01	7.287360e+00	-1.742568e+02	1.000000e-05	1.000000e-05	1.128150e-01	2.506555e-01	4.548910e-01
8	8_1383765	1383765	0	A	G	0.400	7.214272e+00	6.369949e+00	-1.726938e+02	1.000000e-05	1.000000e+05	2.655663e-01	3.498953e-02	4.907827e-02
9	9_5213	5213	3	G	C	0.281	-1.081756e+01	7.154948e+00	-1.741285e+02	1.000000e-05	1.000000e+05	1.400778e-01	2.093126e-01	2.231898e-01
9	9_6619	6619	1	C	T	0.324	-1.668373e+01	6.257023e+00	-1.717728e+02	1.000000e-05	1.000000e+05	1.178170e-02	1.215900e-02	2.224846e-02
9	9_7470	7470	1	A	G	0.353	-1.014991e+01	6.519416e+00	-1.743826e+02	8.628075e-03	1.461036e-02	1.290399e-01	3.013958e-01	6.389260e-01
9	9_7729	7729	3	C	T	0.469	-6.468827e-02	6.665910e+00	-1.748829e+02	1.000000e-05	1.000000e+05	9.923156e-01	7.949985e-01	7.967085e-01
9	9_8171	8171	2	G	A	0.333	8.283993e+00	6.797467e+00	-1.737751e+02	1.000000e-05	1.000000e+05	2.316032e-01	1.307956e-01	1.465965e-01
9	9_10033	10033	1	C	T	0.206	-3.563589e+00	7.956984e+00	-1.749163e+02	1.000000e-05	1.000000e+05	6.571830e-01	9.807038e-01	9.808496e-01
9	9_49163	49163	0	A	G	0.314	9.519967e-01	8.570457e+00	-1.748944e+02	8.154518e-02	1.000000e+05	9.122267e-01	8.329100e-01	8.342593e-01
9	9_220237	220237	2	A	G	0.091	4.416628e+00	1.136842e+01	-1.748085e+02	1.000000e-05	1.000000e+05	7.001415e-01	6.419895e-01	6.455509e-01
9	9_220963	220963	4	C	T	0.194	1.432660e+01	8.182815e+00	-1.731184e+02	1.000000e-05	1.000000e+05	8.926995e-02	5.790251e-02	7.347132e-02
9	9_272607	272607	0	A	G	0.429	-4.983271e+00	6.368896e+00	-1.749128e+02	1.000000e-05	1.000000e+05	4.395355e-01	9.304898e-01	9.310207e-01
9	9_338278	338278	1	A	G	0.441	-5.638606e+00	6.425245e+00	-1.749106e+02	1.000000e-05	1.000000e+05	3.865214e-01	9.125256e-01	9.131984e-01
9	9_491535	491535	0	A	G	0.429	-4.983271e+00	6.368896e+00	-1.749128e+02	1.000000e-05	1.000000e+05	4.395355e-01	9.304898e-01	9.310207e-01
9	9_534468	534468	0	C	T	0.429	-4.983271e+00	6.368896e+00	-1.749128e+02	1.000000e-05	1.000000e+05	4.395355e-01	9.304898e-01	9.310207e-01
9	9_705343	705343	1	G	A	0.382	-1.599627e+01	6.028703e+00	-1.722263e+02	1.000000e-05	1.000000e-05	1.216206e-02	2.036046e-02	3.022319e-01
9	9_705571	705571	2	T	C	0.515	4.936574e+00	6.497748e+00	-1.727381e+02	1.000000e-05	1.000000e+05	4.528059e-01	3.685661e-02	5.112353e-02
9	9_706175	706175	2	G	A	0.364	-4.413709e+00	6.765965e+00	-1.748144e+02	1.000000e-05	1.000000e+05	5.187004e-01	6.512207e-01	6.546483e-01
9	9_741562	741562	0	T	C	0.314	9.519967e-01	8.570457e+00	-1.748944e+02	8.154518e-02	1.000000e+05	9.122267e-01	8.329100e-01	8.342593e-01
9	9_942229	942229	0	A	G	0.371	-3.834547e+00	6.549166e+00	-1.742665e+02	1.000000e-05	1.000000e+05	5.621934e-01	2.541668e-01	2.667152e-01
9	9_981209	981209	0	G	A	0.143	-1.430841e+01	8.741876e+00	-1.740540e+02	1.000000e-05	1.000000e+05	1.111823e-01	1.890113e-01	2.034608e-01
9	9_1115286	1115286	0	G	A	0.457	3.767278e+00	6.351113e+00	-1.743416e+02	1.000000e-05	1.000000e+05	5.571125e-01	2.835268e-01	2.951954e-01
10	10_13558	13558	0	C	T	0.429	-4.983271e+00	6.368896e+00	-1.749128e+02	1.000000e-05	1.000000e+05	4.395355e-01	9.304898e-01	9.310207e-01
10	10_15220	15220	1	T	A	0.147	-1.839477e+00	9.106335e+00	-1.748917e+02	1.000000e-05	1.000000e+05	8.411571e-01	8.235269e-01	8.249627e-01
10	10_15251	15251	2	G	A	0.121	2.082170e+00	1.003001e+01	-1.747747e+02	1.000000e-05	1.000000e+05	8.368218e-01	5.941405e-01	5.984495e-01
10	10_15279	15279	1	A	G	0.265	6.963069e+00	7.217271e+00	-1.739950e+02	6.596838e-03	1.000000e+05	3.416730e-01	1.745793e-01	1.894138e-01
10	10_15288	15288	4	C	T	0.194	4.276615e+00	8.521967e+00	-1.747022e+02	1.000000e-05	1.000000e+05	6.191160e-01	5.125976e-01	5.184086e-01
10	10_15302	15302	2	T	C	0.273	1.231591e+01	7.035651e+00	-1.719673e+02	1.000000e-05	1.000000e+05	8.932529e-02	1.515260e-02	2.607676e-02
10	10_15428	15428	2	C	G	0.121	1.628870e+01	9.627668e+00	-1.736497e+02	1.000000e-05	1.000000e+05	1.000956e-01	1.114295e-01	1.274939e-01
10	10_15438	15438	1	G	A	0.118	1.500824e+01	9.669506e+00	-1.739309e+02	1.000000e-05	1.000000e+05	1.301721e-01	1.603051e-01	1.754946e-01
10	10_15441	15441	2	A	G	0.121	1.628870e+01	9.627668e+00	-1.736497e+02	1.000000e-05	1.000000e+05	1.000956e-01	1.114295e-01	1.274939e-01
10	10_15449	15449	2	C	T	0.091	7.633268e+00	1.131665e+01	-1.747551e+02	1.000000e-05	1.000000e+05	5.046813e-01	5.697605e-01	5.744872e-01
10	10_15455	15455	1	C	T	0.088	6.435426e+00	1.132239e+01	-1.748332e+02	1.000000e-05	1.000000e+05	5.736244e-01	6.828650e-01	6.858579e-01
10	10_15458	15458	1	G	A	0.088	6.435426e+00	1.132239e+01	-1.748332e+02	1.000000e-05	1.000000e+05	5.736244e-01	6.828650e-01	6.858579e-01
10	10_15461	15461	1	T	C	0.088	6.435426e+00	1.132239e+01	-1.748332e+02	1.000000e-05	1.000000e+05	5.736244e-01	6.828650e-01	6.858579e-01
10	10_15463	15463	1	A	T	0.088	6.435426e+00	1.132239e+01	-1.748332e+02	1.000000e-05	1.000000e+05	5.736244e-01	6.828650e-01	6.858579e-01
10	10_15473	15473	1	C	T	0.088	6.435426e+00	1.132239e+01	-1.748332e+02	1.000000e-05	1.000000e+05	5.736244e-01	6.828650e-01	6.858579e-01
10	10_17879	17879	0	T	C	0.314	-7.186601e+00	6.736356e+00	-1.739058e+02	1.000000e-05	1.000000e+05	2.937880e-01	1.550786e-01	1.703901e-01
10	10_17897	17897	0	A	G	0.371	-3.528874e+00	6.554017e+00	-1.747653e+02	1.000000e-05	1.000000e+05	5.938944e-01	5.822238e-01	5.867337e-01
10	10_18004	18004	1	A	G	0.088	-1.247821e+01	1.116853e+01	-1.747774e+02	1.000000e-05	1.000000e+05	2.719496e-01	5.977150e-01	6.019649e-01
10	10_18092	18092	3	A	G	0.438	-5.377696e-01	6.704827e+00	-1.735610e+02	1.000000e-05	1.000000e+05	9.365576e-01	9.964767e-02	1.157925e-01
10	10_18647	18647	3	C	T	0.406	3.911995e+00	7.437693e+00	-1.745227e+02	6.642962e-02	1.000000e+05	6.024269e-01	3.747477e-01	3.838135e-01
10	10_18785	18785	1	G	A	0.412	-3.140815e+00	6.534514e+00	-1.748337e+02	1.000000e-05	1.000000e+05	6.339365e-01	6.838337e-01	6.868139e-01
10	10_18869	18869	0	A	G	0.514	2.154935e+00	6.353076e+00	-1.749055e+02	1.000000e-05	1.000000e+05	7.366116e-01	8.813927e-01	8.823194e-01
10	10_18908	18908	0	G	A	0.200	4.517600e+00	7.912837e+00	-1.745701e+02	1.000000e-05	1.000000e+05	5.719214e-01	4.051427e-01	4.134134e-01
10	10_18915	18915	0	T	C	0.200	4.517600e+00	7.912837e+00	-1.745701e+02	1.000000e-05	1.000000e+05	5.719214e-01	4.051427e-01	4.134134e-01
10	10_18933	18933	0	A	G	0.200	1.005344e+01	7.756845e+00	-1.741587e+02	1.000000e-05	1.000000e+05	2.039417e-01	2.182427e-01	2.318603e-01
10	10_18941	18941	2	T	C	0.212	9.433927e+00	7.842672e+00	-1.743417e+02	1.000000e-05	1.000000e+05	2.375757e-01	2.835765e-01	2.952436e-01
10	10_18943	18943	1	G	A	0.235	6.418066e+00	7.525505e+00	-1.748075e+02	1.000000e-05	1.000000e+05	3.998948e-01	6.403706e-01	6.439557e-01
10	10_18983	18983	2	C	T	0.333	-7.250014e+00	6.833462e+00	-1.749157e+02	1.000000e-05	1.000000e+05	2.964126e-01	9.659139e-01	9.661719e-01
10	10_18988	18988	4	A	G	0.097	-1.113102e+01	1.135158e+01	-1.744498e+02	2.637870e-02	1.000000e+05	3.339392e-01	3.339390e-01	3.441344e-01
10	10_18997	18997	2	G	A	0.091	-1.369597e+01	1.122559e+01	-1.742218e+02	3.415702e-02	1.000000e+05	2.310873e-01	2.384583e-01	2.514773e-01
10	10_19002	19002	0	C	T	0.486	8.596612e+00	6.185828e+00	-1.743324e+02	1.000000e-05	1.000000e+05	1.739169e-01	2.797412e-01	2.915228e-01
10	10_19004	19004	0	A	G	0.486	8.596612e+00	6.185828e+00	-1.743324e+02	1.000000e-05	1.000000e+05	1.739169e-01	2.797412e-01	2.915228e-01
10	10_19008	19008	0	T	C	0.400	-6.119069e+00	6.404942e+00	-1.749007e+02	1.000000e-05	1.000000e+05	3.463389e-01	8.582723e-01	8.593958e-01
10	10_19015	19015	0	G	A	0.486	8.596612e+00	6.185828e+00	-1.743324e+02	1.000000e-05	1.000000e+05	1.739169e-01	2.797412e-01	2.915228e-01
10	10_19031	19031	0	A	G	0.514	7.416795e+00	6.231956e+00	-1.745336e+02	1.000000e-05	1.000000e+05	2.424897e-01	3.814395e-01	3.903267e-01
10	10_19062	19062	1	A	G	0.412	-5.807151e+00	6.479163e+00	-1.749020e+02	1.000000e-05	1.000000e+05	3.765946e-01	8.643675e-01	8.654383e-01
10	10_19067	19067	1	T	A	0.500	8.941449e+00	6.264084e+00	-1.738020e+02	1.000000e-05	1.000000e+05	1.628552e-01	1.354139e-01	1.511332e-01
10	10_19151	19151	2	G	A	0.364	-7.008921e+00	6.699554e+00	-1.748473e+02	1.000000e-05	1.000000e+05	3.030820e-01	7.096478e-01	7.123000e-01
10	10_318276	318276	0	G	A	0.286	5.895104e+00	6.965578e+00	-1.748977e+02	1.000000e-05	1.000000e+05	4.034701e-01	8.457464e-01	8.469800e-01
10	10_381155	381155	0	G	A	0.371	-3.834547e+00	6.549166e+00	-1.742665e+02	1.000000e-05	1.000000e+05	5.621934e-01	2.541668e-01	2.667152e-01
10	10_387430	387430	1	A	G	0.500	3.411500e+00	6.427202e+00	-1.749162e+02	1.000000e-05	1.000000e+05	5.991180e-01	9.759405e-01	9.761224e-01
10	10_474627	474627	0	A	G	0.429	-4.983271e+00	6.368896e+00	-1.749128e+02	1.000000e-05	1.000000e+05	4.395355e-01	9.304898e-01	9.310207e-01
10	10_583208	583208	1	A	G	0.265	7.237628e+00	7.205633e+00	-1.739179e+02	1.000000e-05	1.000000e+05	3.224751e-01	1.575764e-01	1.728302e-01
10	10_584652	584652	0	G	T	0.314	5.374847e+00	6.787384e+00	-1.748194e+02	1.000000e-05	1.000000e+05	4.340817e-01	6.592553e-01	6.625691e-01
10	10_612064	612064	0	A	G	0.286	2.740846e+00	9.004237e+00	-1.748633e+02	1.155373e-01	1.000000e+05	7.627383e-01	7.439202e-01	7.461696e-01
10	10_724149	724149	0	G	A	0.171	-1.485619e+00	8.435503e+00	-1.748178e+02	1.000000e-05	1.000000e+05	8.612799e-01	6.565847e-01	6.599360e-01
10	10_724150	724150	0	A	G	0.171	-1.485619e+00	8.435503e+00	-1.748178e+02	1.000000e-05	1.000000e+05	8.612799e-01	6.565847e-01	6.599360e-01
10	10_969715	969715	0	T	C	0.371	-3.834547e+00	6.549166e+00	-1.742665e+02	1.000000e-05	1.000000e+05	5.621934e-01	2.541668e-01	2.667152e-01
10	10_989095	989095	0	G	A	0.429	-4.983271e+00	6.368896e+00	-1.749128e+02	1.000000e-05	1.000000e+05	4.395355e-01	9.304898e-01	9.310207e-01
11	11_9749	9749	1	A	G	0.118	4.345919e+00	9.987621e+00	-1.748657e+02	1.000000e-05	1.000000e+05	6.663004e-01	7.496526e-01	7.518380e-01
11	11_10019	10019	4	G	C	0.355	-2.431809e+00	7.050881e+00	-1.740159e+02	1.000000e-05	1.000000e+05	7.323624e-01	1.795373e-01	1.942421e-01
11	11_10896	10896	0	C	G	0.143	-3.664688e-01	9.089374e+00	-1.748577e+02	1.000000e-05	1.000000e+05	9.680822e-01	7.313096e-01	7.337032e-01
11	11_10931	10931	1	T	A	0.176	4.696571e+00	8.425692e+00	-1.744614e+02	1.000000e-05	1.000000e+05	5.810084e-01	3.399815e-01	3.500056e-01
11	11_10934	10934	1	G	T	0.206	3.161442e+00	7.962125e+00	-1.744939e+02	1.000000e-05	1.000000e+05	6.938796e-01	3.578604e-01	3.673856e-01
11	11_104630	104630	0	A	G	0.200	-8.250114e+00	7.820966e+00	-1.746911e+02	1.000000e-05	1.000000e+05	2.991464e-01	5.018358e-01	5.078681e-01
11	11_104688	104688	1	G	A	0.147	-1.182409e+01	8.895265e+00	-1.739077e+02	1.741166e-02	1.000000e+05	1.928805e-01	1.554652e-01	1.707678e-01
11	11_152800	152800	0	C	T	0.429	-4.983271e+00	6.368896e+00	-1.749128e+02	1.000000e-05	1.000000e+05	4.395355e-01	9.304898e-01	9.310207e-01
11	11_153063	153063	0	A	G	0.429	-4.983271e+00	6.368896e+00	-1.749128e+02	1.000000e-05	1.000000e+05	4.395355e-01	9.304898e-01	9.310207e-01
11	11_159356	159356	0	A	C	0.286	2.740846e+00	9.004237e+00	-1.748633e+02	1.155373e-01	1.000000e+05	7.627383e-01	7.439202e-01	7.461696e-01
11	11_165295	165295	0	A	G	0.543	6.105314e+00	6.296171e+00	-1.748932e+02	1.000000e-05	1.000000e+05	3.392566e-01	8.285179e-01	8.299074e-01
11	11_236388	236388	0	A	G	0.429	-4.983271e+00	6.368896e+00	-1.749128e+02	1.000000e-05	1.000000e+05	4.395355e-01	9.304898e-01	9.310207e-01
11	11_384025	384025	0	T	C	0.171	-4.854944e+00	8.397045e+00	-1.742611e+02	1.000000e-05	1.000000e+05	5.670723e-01	2.522248e-01	2.648315e-01
11	11_393213	393213	0	G	A	0.429	-4.983271e+00	6.368896e+00	-1.749128e+02	1.000000e-05	1.000000e+05	4.395355e-01	9.304898e-01	9.310207e-01
11	11_433361	433361	0	G	A	0.429	-4.983271e+00	6.368896e+00	-1.749128e+02	1.000000e-05	1.000000e+05	4.395355e-01	9.304898e-01	9.310207e-01
11	11_547884	547884	0	T	C	0.514	2.378018e+00	6.684861e+00	-1.749138e+02	1.105822e-02	1.000000e+05	7.243054e-01	9.403250e-01	9.407793e-01
11	11_548586	548586	0	C	T	0.429	-4.983271e+00	6.368896e+00	-1.749128e+02	1.000000e-05	1.000000e+05	4.395355e-01	9.304898e-01	9.310207e-01
11	11_621705	621705	0	A	C	0.429	-4.983271e+00	6.368896e+00	-1.749128e+02	1.000000e-05	1.000000e+05	4.395355e-01	9.304898e-01	9.310207e-01
11	11_674162	674162	0	C	A	0.429	-4.983271e+00	6.368896e+00	-1.749128e+02	1.000000e-05	1.000000e+05	4.395355e-01	9.304898e-01	9.310207e-01
11	11_804706	804706	2	A	G	0.394	1.065338e+01	6.451460e+00	-1.708115e+02	3.391593e-02	1.000000e+05	1.081608e-01	4.165366e-03	1.071376e-02
11	11_804710	804710	6	C	T	0.379	1.276888e+01	6.858192e+00	-1.712711e+02	4.139954e-02	1.000000e+05	7.155108e-02	6.929609e-03	1.503317e-02
11	11_804742	804742	3	G	A	0.312	-8.844382e+00	7.033226e+00	-1.717717e+02	3.028352e-02	1.000000e+05	2.173942e-01	1.214347e-02	2.222816e-02
11	11_804763	804763	4	C	T	0.161	-5.532753e+00	9.138307e+00	-1.739223e+02	1.000000e-05	1.000000e+05	5.490242e-01	1.584936e-01	1.737260e-01
11	11_966513	966513	1	T	A	0.147	-1.265508e+00	9.109284e+00	-1.749157e+02	1.000000e-05	1.000000e+05	8.903538e-01	9.664901e-01	9.667436e-01
11	11_966516	966516	2	C	T	0.121	1.581813e+00	1.003275e+01	-1.748845e+02	1.000000e-05	1.000000e+05	8.756817e-01	7.998639e-01	8.015259e-01
11	11_966519	966519	0	C	T	0.143	-6.000037e-01	9.088979e+00	-1.747568e+02	1.000000e-05	1.000000e+05	9.477647e-01	5.718251e-01	5.765154e-01
11	11_966569	966569	2	C	G	0.152	-1.312485e+01	8.845552e+00	-1.744802e+02	1.000000e-05	1.000000e-05	1.473567e-01	3.501464e-01	6.249442e-01
11	11_966644	966644	4	C	A	0.226	-7.910590e+00	7.965017e+00	-1.744886e+02	1.000000e-05	1.000000e+05	3.278557e-01	3.548693e-01	3.644770e-01
11	11_966669	966669	3	C	T	0.344	-4.693645e+00	6.955826e+00	-1.740045e+02	1.000000e-05	1.000000e+05	5.045167e-01	1.768066e-01	1.915832e-01
11	11_966684	966684	3	C	T	0.500	3.374937e+00	6.626903e+00	-1.749163e+02	1.000000e-05	1.000000e+05	6.139460e-01	9.796977e-01	9.798511e-01
11	11_966699	966699	2	T	C	0.242	-2.186346e+00	7.634109e+00	-1.737664e+02	1.000000e-05	1.000000e+05	7.763684e-01	1.293443e-01	1.451695e-01
11	11_966700	966700	3	G	A	0.250	-1.562610e+00	7.677282e+00	-1.737709e+02	1.000000e-05	1.000000e+05	8.399654e-01	1.300821e-01	1.458950e-01
11	11_966735	966735	2	A	C	0.152	-1.648392e+00	9.131348e+00	-1.748768e+02	1.000000e-05	1.000000e+05	8.578484e-01	7.778110e-01	7.796951e-01
11	11_966738	966738	3	T	A	0.188	2.996709e+00	8.506544e+00	-1.748770e+02	1.000000e-05	1.000000e+05	7.268661e-01	7.784440e-01	7.803216e-01
11	11_966756	966756	0	A	G	0.171	3.241448e+00	8.420581e+00	-1.748495e+02	1.000000e-05	1.000000e+05	7.027492e-01	7.141238e-01	7.167213e-01
11	11_966757	966757	0	T	C	0.171	3.241448e+00	8.420581e+00	-1.748495e+02	1.000000e-05	1.000000e+05	7.027492e-01	7.141238e-01	7.167213e-01
11	11_966771	966771	1	T	C	0.176	3.779683e+00	8.439653e+00	-1.749155e+02	1.000000e-05	1.000000e+05	6.571891e-01	9.620364e-01	9.623239e-01
11	11_966787	966787	1	T	C	0.088	-3.167809e-01	1.137763e+01	-1.748678e+02	1.000000e-05	1.000000e+05	9.779555e-01	7.546632e-01	7.567935e-01
11	11_966792	966792	1	T	C	0.088	-3.167809e-01	1.137763e+01	-1.748678e+02	1.000000e-05	1.000000e+05	9.779555e-01	7.546632e-01	7.567935e-01
11	11_1272894	1272894	0	A	G	0.343	-3.109271e+00	6.679371e+00	-1.748245e+02	1.000000e-05	1.000000e+05	6.446285e-01	6.677847e-01	6.709803e-01
11	11_1301130	1301130	0	T	C	0.171	-1.410791e+01	8.074468e+00	-1.740620e+02	1.000000e-05	1.000000e-05	8.990013e-02	1.910928e-01	4.828106e-01
11	11_1314578	1314578	0	G	C	0.429	-4.983271e+00	6.368896e+00	-1.749128e+02	1.000000e-05	1.000000e+05	4.395355e-01	9.304898e-01	9.310207e-01
11	11_1478119	1478119	0	A	G	0.429	-5.187358e+00	6.363596e+00	-1.741896e+02	1.000000e-05	1.000000e+05	4.208245e-01	2.278766e-01	2.412103e-01
11	11_1501898	1501898	0	G	T	0.343	-3.109271e+00	6.679371e+00	-1.748245e+02	1.000000e-05	1.000000e+05	6.446285e-01	6.677847e-01	6.709803e-01
11	11_1538971	1538971	0	T	C	0.400	1.474907e+00	8.464167e+00	-1.744587e+02	1.026755e-01	1.000000e+05	8.627312e-01	3.385959e-01	3.486591e-01
12	12_11092	11092	0	A	G	0.314	2.192842e+00	6.841056e+00	-1.748527e+02	1.000000e-05	1.000000e+05	7.505790e-01	7.206197e-01	7.231390e-01
12	12_11094	11094	0	A	G	0.229	-1.235922e+01	8.233293e+00	-1.717352e+02	2.115640e-01	1.000000e+05	1.428312e-01	1.165336e-02	2.158467e-02
12	12_11122	11122	1	C	G	0.382	-1.343030e+01	8.118388e+00	-1.741032e+02	3.251684e-01	1.000000e+05	1.075475e-01	2.021417e-01	2.162243e-01
12	12_11170	11170	0	T	C	0.343	-5.449798e+00	7.242417e+00	-1.748897e+02	7.740752e-02	1.000000e+05	4.570948e-01	8.165540e-01	8.180553e-01
12	12_11223	11223	0	G	C	0.143	-2.117064e+00	9.082191e+00	-1.748221e+02	1.000000e-05	1.000000e+05	8.171232e-01	6.636476e-01	6.669002e-01
12	12_11400	11400	0	A	C	0.229	-9.626448e+00	8.088060e+00	-1.738275e+02	1.209471e-01	1.000000e+05	2.424580e-01	1.399739e-01	1.556068e-01
12	12_11406	11406	0	A	G	0.229	-9.626448e+00	8.088060e+00	-1.738275e+02	1.209471e-01	1.000000e+05	2.424580e-01	1.399739e-01	1.556068e-01
12	12_11407	11407	0	C	A	0.229	-9.626448e+00	8.088060e+00	-1.738275e+02	1.209471e-01	1.000000e+05	2.424580e-01	1.399739e-01	1.556068e-01
12	12_11410	11410	0	C	T	0.229	-9.626448e+00	8.088060e+00	-1.738275e+02	1.209471e-01	1.000000e+05	2.424580e-01	1.399739e-01	1.556068e-01
12	12_11413	11413	1	T	G	0.235	-1.119850e+01	8.253418e+00	-1.733209e+02	1.631794e-01	1.000000e+05	1.840442e-01	7.402606e-02	9.002909e-02
12	12_13625	13625	0	G	A	0.543	6.105314e+00	6.296171e+00	-1.748932e+02	1.000000e-05	1.000000e+05	3.392566e-01	8.285179e-01	8.299074e-01
12	12_13643	13643	0	G	A	0.543	6.105314e+00	6.296171e+00	-1.748932e+02	1.000000e-05	1.000000e+05	3.392566e-01	8.285179e-01	8.299074e-01
12	12_13645	13645	0	A	G	0.543	6.105314e+00	6.296171e+00	-1.748932e+02	1.000000e-05	1.000000e+05	3.392566e-01	8.285179e-01	8.299074e-01
12	12_13857	13857	3	A	G	0.219	-9.439881e+00	7.877146e+00	-1.740404e+02	1.000000e-05	1.000000e+05	2.393017e-01	1.855665e-01	2.001099e-01
12	12_13936	13936	1	C	T	0.294	-1.035201e+01	6.849556e+00	-1.744392e+02	1.000000e-05	1.000000e-05	1.402197e-01	3.284742e-01	4.826089e-01
12	12_13979	13979	3	T	C	0.312	-9.481712e+00	6.984313e+00	-1.744835e+02	1.000000e-05	1.000000e+05	1.838111e-01	3.519896e-01	3.616773e-01
12	12_14009	14009	1	C	T	0.412	-8.644538e+00	6.382243e+00	-1.746636e+02	1.000000e-05	1.000000e-05	1.847894e-01	4.768353e-01	5.353495e-01
12	12_14035	14035	1	C	T	0.441	-1.092625e+01	6.214887e+00	-1.733802e+02	1.000000e-05	1.000000e+05	8.800756e-02	7.960968e-02	9.569056e-02
12	12_14096	14096	4	C	T	0.323	2.391445e+00	7.217854e+00	-1.749165e+02	1.000000e-05	1.000000e+05	7.424950e-01	9.892269e-01	9.893082e-01
12	12_14104	14104	4	C	T	0.258	-3.828437e+00	7.756317e+00	-1.737757e+02	1.411113e-02	1.000000e+05	6.248653e-01	1.308988e-01	1.466979e-01
12	12_14114	14114	4	T	C	0.226	1.289944e+00	8.080080e+00	-1.747698e+02	1.000000e-05	1.000000e+05	8.741339e-01	5.879329e-01	5.923458e-01
12	12_14125	14125	1	A	G	0.147	-2.766437e+00	9.116490e+00	-1.743455e+02	2.749542e-03	1.000000e+05	7.634487e-01	2.851624e-01	2.967823e-01
12	12_14197	14197	0	G	A	0.143	-6.001759e-01	9.088999e+00	-1.747354e+02	1.000000e-05	1.000000e+05	9.477498e-01	5.471248e-01	5.522630e-01
12	12_14202	14202	0	A	G	0.143	-6.001759e-01	9.088999e+00	-1.747354e+02	1.000000e-05	1.000000e+05	9.477498e-01	5.471248e-01	5.522630e-01
12	12_14301	14301	2	G	A	0.455	-5.501221e-01	6.577868e+00	-1.742073e+02	1.000000e-05	1.000000e+05	9.338541e-01	2.336125e-01	2.467760e-01
12	12_14318	14318	0	A	G	0.229	-1.473322e+01	7.178549e+00	-1.718906e+02	7.403121e-02	1.000000e+05	4.813212e-02	1.388976e-02	2.448122e-02
12	12_14599	14599	1	G	A	0.118	-1.334150e+01	9.743415e+00	-1.746433e+02	1.000000e-05	1.000000e-05	1.801583e-01	4.597036e-01	7.925859e-01
12	12_14635	14635	0	G	A	0.286	-5.444783e+00	6.976820e+00	-1.749161e+02	1.000000e-05	1.000000e+05	4.407116e-01	9.755812e-01	9.757657e-01
12	12_14741	14741	1	C	G	0.324	3.272540e+00	6.874664e+00	-1.748604e+02	1.000000e-05	1.000000e+05	6.371902e-01	7.372876e-01	7.396123e-01
12	12_14783	14783	2	A	G	0.182	-2.546860e-01	8.492763e+00	-1.749133e+02	1.000000e-05	1.000000e+05	9.762568e-01	9.349233e-01	9.354196e-01
12	12_15014	15014	2	A	G	0.394	-6.533698e+00	6.606688e+00	-1.737010e+02	1.000000e-05	1.000000e+05	3.298828e-01	1.189367e-01	1.349158e-01
12	12_19728	19728	0	A	G	0.200	-1.062256e+00	7.949619e+00	-1.749128e+02	1.000000e-05	1.000000e+05	8.945118e-01	9.304892e-01	9.310201e-01
12	12_19741	19741	0	C	T	0.343	-9.703704e+00	6.484546e+00	-1.735856e+02	1.000000e-05	1.000000e+05	1.440440e-01	1.027657e-01	1.188963e-01
12	12_22806	22806	0	T	C	0.314	9.519967e-01	8.570457e+00	-1.748944e+02	8.154518e-02	1.000000e+05	9.122267e-01	8.329100e-01	8.342593e-01
12	12_259454	259454	0	A	G	0.143	4.709366e+00	9.089234e+00	-1.741321e+02	8.672649e-03	1.000000e+05	6.078272e-01	2.103566e-01	2.242036e-01
12	12_315987	315987	0	T	C	0.429	-4.983271e+00	6.368896e+00	-1.749128e+02	1.000000e-05	1.000000e+05	4.395355e-01	9.304898e-01	9.310207e-01
12	12_495113	495113	0	T	C	0.143	-1.430841e+01	8.741876e+00	-1.740540e+02	1.000000e-05	1.000000e+05	1.111823e-01	1.890113e-01	2.034608e-01
12	12_502808	502808	2	A	G	0.424	4.229015e-01	6.627424e+00	-1.746659e+02	1.000000e-05	1.000000e+05	9.495058e-01	4.788553e-01	4.853786e-01
12	12_502864	502864	4	T	C	0.419	-1.331230e+00	6.845101e+00	-1.749040e+02	1.000000e-05	1.000000e+05	8.469930e-01	8.737049e-01	8.746961e-01
12	12_502865	502865	3	G	T	0.438	1.396824e+00	6.701077e+00	-1.748302e+02	1.000000e-05	1.000000e+05	8.361606e-01	6.776923e-01	6.807537e-01
12	12_502882	502882	4	G	A	0.419	4.985117e+00	6.793825e+00	-1.744435e+02	1.000000e-05	1.000000e+05	4.682693e-01	3.306575e-01	3.409465e-01
12	12_502888	502888	1	G	A	0.471	7.888939e+00	6.317923e+00	-1.741617e+02	1.000000e-05	1.000000e+05	2.205753e-01	2.191615e-01	2.327521e-01
12	12_502890	502890	4	G	A	0.419	6.185940e+00	6.763839e+00	-1.732951e+02	1.000000e-05	1.000000e+05	3.670569e-01	7.172545e-02	8.768689e-02
12	12_502909	502909	1	C	T	0.412	-6.257064e+00	6.466075e+00	-1.746697e+02	1.000000e-05	1.000000e+05	3.402453e-01	4.822279e-01	4.886776e-01
12	12_502926	502926	3	G	C	0.406	-7.508159e+00	6.645714e+00	-1.746151e+02	1.000000e-05	1.000000e+05	2.667166e-01	4.374469e-01	4.449196e-01
12	12_502937	502937	5	C	T	0.433	-2.413911e+00	6.920250e+00	-1.748951e+02	1.000000e-05	1.000000e+05	7.294414e-01	8.357896e-01	8.371127e-01
12	12_502942	502942	3	T	C	0.406	-2.619459e+00	6.757649e+00	-1.746684e+02	1.000000e-05	1.000000e+05	7.007798e-01	4.810981e-01	4.875724e-01
12	12_502956	502956	2	A	G	0.333	-3.840897e+00	6.916477e+00	-1.748998e+02	1.000000e-05	1.000000e+05	5.824172e-01	8.546874e-01	8.558422e-01
12	12_503049	503049	2	C	G	0.152	-1.284470e+01	8.857988e+00	-1.727705e+02	1.000000e-05	1.000000e+05	1.564776e-01	3.828648e-02	5.268103e-02
12	12_503112	503112	6	G	A	0.172	-1.742818e+01	8.737950e+00	-1.707334e+02	6.696702e-02	1.000000e+05	5.440773e-02	3.822309e-03	1.013290e-02
12	12_503171	503171	4	G	A	0.194	3.093191e+00	8.537467e+00	-1.746390e+02	1.000000e-05	1.000000e+05	7.194320e-01	4.561763e-01	4.632092e-01
12	12_503254	503254	1	G	C	0.500	1.940942e+00	6.445459e+00	-1.747356e+02	1.000000e-05	1.000000e+05	7.652022e-01	5.474198e-01	5.525525e-01
12	12_503293	503293	2	A	C	0.455	6.286225e+00	6.486910e+00	-1.741290e+02	1.000000e-05	1.000000e+05	3.395630e-01	2.094366e-01	2.233102e-01
12	12_503311	503311	3	C	A	0.469	-6.795519e+00	6.564364e+00	-1.741368e+02	8.120053e-03	1.000000e+05	3.080961e-01	2.117186e-01	2.255262e-01
12	12_503313	503313	3	T	A	0.469	-3.947156e+00	6.630422e+00	-1.744414e+02	1.000000e-05	1.000000e+05	5.556971e-01	3.296173e-01	3.399361e-01
12	12_503321	503321	3	C	T	0.438	-7.809615e+00	6.566232e+00	-1.729224e+02	1.000000e-05	1.000000e+05	2.427855e-01	4.581186e-02	6.076956e-02
12	12_503327	503327	3	A	C	0.406	-1.021459e+01	6.535439e+00	-1.724798e+02	1.000000e-05	1.000000e+05	1.276037e-01	2.727143e-02	4.045720e-02
12	12_503356	503356	4	A	C	0.355	-7.197649e+00	6.951576e+00	-1.745536e+02	1.000000e-05	1.000000e+05	3.080112e-01	3.941770e-01	4.027297e-01
12	12_503357	503357	3	T	G	0.375	-1.012493e+01	6.641186e+00	-1.731634e+02	1.000000e-05	1.000000e+05	1.368944e-01	6.112790e-02	7.681302e-02
12	12_503364	503364	4	T	C	0.355	-1.230563e+01	6.730938e+00	-1.739156e+02	1.000000e-05	1.000000e+05	7.656898e-02	1.570878e-01	1.723530e-01
12	12_503366	503366	4	C	T	0.355	-1.040564e+01	6.827382e+00	-1.739961e+02	1.000000e-05	1.000000e+05	1.370100e-01	1.748316e-01	1.896596e-01
12	12_503401	503401	1	A	G	0.324	-1.506088e+01	6.436119e+00	-1.726725e+02	6.805488e-02	1.000000e+05	2.547824e-02	3.413017e-02	4.813221e-02
12	12_503416	503416	0	G	A	0.200	-1.307139e+01	7.619210e+00	-1.741153e+02	1.000000e-05	1.000000e-05	9.561480e-02	2.055291e-01	6.034457e-01
12	12_503422	503422	0	T	G	0.171	-1.264935e+01	8.147147e+00	-1.743766e+02	1.000000e-05	1.000000e-05	1.300550e-01	2.986719e-01	6.502057e-01
12	12_503453	503453	0	T	C	0.171	-7.519941e+00	8.337355e+00	-1.748188e+02	1.000000e-05	1.000000e+05	3.736157e-01	6.582166e-01	6.615450e-01
12	12_537923	537923	0	G	A	0.429	5.312561e+00	6.360424e+00	-1.748168e+02	1.000000e-05	1.000000e+05	4.095821e-01	6.549795e-01	6.583535e-01
12	12_704606	704606	0	A	G	0.343	-3.109271e+00	6.679371e+00	-1.748245e+02	1.000000e-05	1.000000e+05	6.446285e-01	6.677847e-01	6.709803e-01
13	13_11108	11108	0	C	T	0.171	-3.094817e+00	8.422251e+00	-1.743443e+02	1.000000e-05	1.000000e+05	7.156242e-01	2.846949e-01	2.963287e-01
13	13_11118	11118	0	T	C	0.257	7.878219e+00	7.147099e+00	-1.742769e+02	1.000000e-05	1.000000e+05	2.783075e-01	2.580003e-01	2.704336e-01
13	13_11130	11130	1	A	G	0.294	7.629237e+00	6.956914e+00	-1.731696e+02	1.000000e-05	1.000000e+05	2.807368e-01	6.158820e-02	7.728857e-02
13	13_52884	52884	0	A	G	0.143	1.513113e+01	8.737239e+00	-1.729465e+02	5.266724e-02	1.000000e+05	9.264944e-02	4.714380e-02	6.218464e-02
13	13_111766	111766	0	G	A	0.429	-4.983271e+00	6.368896e+00	-1.749128e+02	1.000000e-05	1.000000e+05	4.395355e-01	9.304898e-01	9.310207e-01
13	13_128625	128625	6	A	G	0.448	4.375869e-01	7.025824e+00	-1.748804e+02	1.000000e-05	1.000000e+05	9.507135e-01	7.876886e-01	7.894718e-01
13	13_128715	128715	3	G	A	0.375	2.100027e+00	6.861341e+00	-1.747272e+02	1.000000e-05	1.000000e+05	7.614766e-01	5.382103e-01	5.435169e-01
13	13_128729	128729	3	G	A	0.312	2.327302e+00	7.165156e+00	-1.745786e+02	1.000000e-05	1.000000e+05	7.473764e-01	4.109287e-01	4.190528e-01
13	13_162462	162462	0	A	G	0.171	-4.653876e+00	8.400498e+00	-1.741721e+02	1.000000e-05	1.000000e+05	5.833138e-01	2.223559e-01	2.358527e-01
13	13_219021	219021	3	C	T	0.156	4.129470e-01	9.161153e+00	-1.747235e+02	1.000000e-05	1.000000e+05	9.643185e-01	5.343367e-01	5.397176e-01
13	13_219311	219311	0	A	T	0.229	-4.498703e+00	7.534083e+00	-1.749165e+02	1.000000e-05	1.000000e+05	5.545067e-01	9.855038e-01	9.856133e-01
13	13_219312	219312	0	A	G	0.200	-3.740957e+00	7.925029e+00	-1.748362e+02	1.000000e-05	1.000000e+05	6.400025e-01	6.883362e-01	6.912575e-01
13	13_365348	365348	0	T	C	0.543	6.105314e+00	6.296171e+00	-1.748932e+02	1.000000e-05	1.000000e+05	3.392566e-01	8.285179e-01	8.299074e-01
13	13_436539	436539	0	G	A	0.429	-4.983271e+00	6.368896e+00	-1.749128e+02	1.000000e-05	1.000000e+05	4.395355e-01	9.304898e-01	9.310207e-01
13	13_436551	436551	0	C	G	0.429	-4.983271e+00	6.368896e+00	-1.749128e+02	1.000000e-05	1.000000e+05	4.395355e-01	9.304898e-01	9.310207e-01
13	13_436554	436554	0	T	C	0.429	-4.983271e+00	6.368896e+00	-1.749128e+02	1.000000e-05	1.000000e+05	4.395355e-01	9.304898e-01	9.310207e-01
13	13_511459	511459	0	T	C	0.429	-4.983271e+00	6.368896e+00	-1.749128e+02	1.000000e-05	1.000000e+05	4.395355e-01	9.304898e-01	9.310207e-01
13	13_548791	548791	0	T	C	0.143	-1.430841e+01	8.741876e+00	-1.740540e+02	1.000000e-05	1.000000e+05	1.111823e-01	1.890113e-01	2.034608e-01
13	13_655915	655915	0	A	G	0.429	-1.833307e+00	6.419377e+00	-1.744285e+02	1.000000e-05	1.000000e+05	7.769776e-01	3.231410e-01	3.336458e-01
13	13_723038	723038	0	G	A	0.371	-3.834547e+00	6.549166e+00	-1.742665e+02	1.000000e-05	1.000000e+05	5.621934e-01	2.541668e-01	2.667152e-01
13	13_742766	742766	5	G	A	0.200	-6.145811e+00	8.521956e+00	-1.749074e+02	1.000000e-05	1.000000e+05	4.758812e-01	8.918107e-01	8.926511e-01
13	13_742771	742771	1	C	A	0.235	-8.692281e+00	7.455886e+00	-1.744342e+02	1.000000e-05	1.000000e+05	2.520412e-01	3.259707e-01	3.363941e-01
13	13_746053	746053	0	G	A	0.114	-1.065705e+01	9.823659e+00	-1.741243e+02	1.000000e-05	1.000000e+05	2.858565e-01	2.080977e-01	2.220099e-01
13	13_747478	747478	0	G	A	0.086	-5.812089e+00	1.131696e+01	-1.749095e+02	1.000000e-05	1.000000e+05	6.109720e-01	9.052582e-01	9.059892e-01
13	13_748576	748576	0	C	G	0.429	-4.983271e+00	6.368896e+00	-1.749128e+02	1.000000e-05	1.000000e+05	4.395355e-01	9.304898e-01	9.310207e-01
14	14_23327	23327	0	C	T	0.429	-4.983271e+00	6.368896e+00	-1.749128e+02	1.000000e-05	1.000000e+05	4.395355e-01	9.304898e-01	9.310207e-01
14	14_68046	68046	0	A	G	0.429	-4.983271e+00	6.368896e+00	-1.749128e+02	1.000000e-05	1.000000e+05	4.395355e-01	9.304898e-01	9.310207e-01
14	14_149196	149196	0	A	G	0.171	-1.410791e+01	8.074468e+00	-1.740620e+02	1.000000e-05	1.000000e-05	8.990013e-02	1.910928e-01	4.828106e-01
14	14_155590	155590	0	T	C	0.200	2.241964e+01	6.928086e+00	-1.702725e+02	1.000000e-05	1.000000e+05	2.757209e-03	2.306271e-03	7.362009e-03
14	14_231768	231768	0	A	G	0.143	-1.430841e+01	8.741876e+00	-1.740540e+02	1.000000e-05	1.000000e+05	1.111823e-01	1.890113e-01	2.034608e-01
14	14_271762	271762	0	T	C	0.429	-4.983271e+00	6.368896e+00	-1.749128e+02	1.000000e-05	1.000000e+05	4.395355e-01	9.304898e-01	9.310207e-01
14	14_342562	342562	0	T	G	0.486	-2.784440e+00	6.345507e+00	-1.748957e+02	1.000000e-05	1.000000e+05	6.636625e-01	8.381330e-01	8.394348e-01
14	14_351837	351837	0	G	T	0.200	-7.892678e+00	7.832297e+00	-1.748802e+02	1.000000e-05	1.000000e+05	3.209263e-01	7.872150e-01	7.890030e-01
14	14_383626	383626	0	A	G	0.514	2.378018e+00	6.684861e+00	-1.749138e+02	1.105822e-02	1.000000e+05	7.243054e-01	9.403250e-01	9.407793e-01
14	14_555698	555698	0	G	A	0.429	-4.983271e+00	6.368896e+00	-1.749128e+02	1.000000e-05	1.000000e+05	4.395355e-01	9.304898e-01	9.310207e-01
14	14_558889	558889	0	T	C	0.400	-5.166604e+00	6.430343e+00	-1.747585e+02	1.000000e-05	1.000000e+05	4.274514e-01	5.738807e-01	5.785350e-01
14	14_612687	612687	0	T	C	0.371	-3.834547e+00	6.549166e+00	-1.742665e+02	1.000000e-05	1.000000e+05	5.621934e-01	2.541668e-01	2.667152e-01
14	14_618816	618816	0	G	T	0.429	-4.983271e+00	6.368896e+00	-1.749128e+02	1.000000e-05	1.000000e+05	4.395355e-01	9.304898e-01	9.310207e-01
14	14_716719	716719	0	T	C	0.429	-4.983271e+00	6.368896e+00	-1.749128e+02	1.000000e-05	1.000000e+05	4.395355e-01	9.304898e-01	9.310207e-01
14	14_773166	773166	0	T	C	0.286	2.740846e+00	9.004237e+00	-1.748633e+02	1.155373e-01	1.000000e+05	7.627383e-01	7.439202e-01	7.461696e-01
14	14_852745	852745	0	T	G	0.514	2.378018e+00	6.684861e+00	-1.749138e+02	1.105822e-02	1.000000e+05	7.243054e-01	9.403250e-01	9.407793e-01
14	14_908850	908850	0	A	G	0.543	-5.580596e+00	6.310544e+00	-1.745619e+02	1.000000e-05	1.000000e+05	3.829167e-01	3.996411e-01	4.080526e-01
14	14_908994	908994	1	C	T	0.147	-7.472361e+00	9.018625e+00	-1.746585e+02	1.000000e-05	1.000000e+05	4.133130e-01	4.724276e-01	4.790928e-01
14	14_909011	909011	1	T	C	0.176	-9.196295e+00	8.312528e+00	-1.748367e+02	1.000000e-05	1.000000e+05	2.765891e-01	6.892881e-01	6.921970e-01
14	14_909450	909450	0	G	T	0.171	2.064076e+01	7.636407e+00	-1.694167e+02	1.000000e-05	1.000000e+05	1.077465e-02	9.112368e-04	4.237162e-03
14	14_909472	909472	1	G	T	0.235	4.761869e+00	7.562603e+00	-1.747721e+02	1.000000e-05	1.000000e+05	5.332526e-01	5.908236e-01	5.951879e-01
14	14_909504	909504	2	T	G	0.212	7.293800e+00	7.911473e+00	-1.739379e+02	1.000000e-05	1.000000e+05	3.632582e-01	1.617989e-01	1.769528e-01
14	14_909638	909638	2	T	C	0.515	2.304927e+00	6.542086e+00	-1.747872e+02	1.000000e-05	1.000000e+05	7.268363e-01	6.109243e-01	6.149604e-01
14	14_909661	909661	1	A	G	0.529	-3.277072e+00	6.498806e+00	-1.745956e+02	1.374312e-02	1.000000e+05	6.174308e-01	4.229741e-01	4.307981e-01
14	14_909704	909704	0	A	G	0.486	-2.012435e+00	6.354359e+00	-1.749130e+02	1.000000e-05	1.000000e+05	7.534650e-01	9.318070e-01	9.323276e-01
14	14_910040	910040	2	A	G	0.364	3.354180e+00	6.784375e+00	-1.748881e+02	1.000000e-05	1.000000e+05	6.243006e-01	8.112681e-01	8.128197e-01
14	14_910103	910103	1	A	G	0.412	-3.991022e+00	6.520259e+00	-1.745067e+02	1.000000e-05	1.000000e+05	5.446692e-01	3.652515e-01	3.745742e-01
14	14_910152	910152	1	A	G	0.353	6.320173e+00	6.662724e+00	-1.737417e+02	1.000000e-05	1.000000e+05	3.497261e-01	1.253030e-01	1.411924e-01
14	14_910181	910181	1	G	A	0.412	-1.294529e+00	6.553305e+00	-1.746024e+02	1.000000e-05	1.000000e+05	8.446180e-01	4.279549e-01	4.356568e-01
14	14_910258	910258	1	G	T	0.471	-4.265759e+00	6.422683e+00	-1.748996e+02	1.000000e-05	1.000000e+05	5.111953e-01	8.536956e-01	8.548590e-01
14	14_910323	910323	1	T	C	0.471	1.310860e+00	6.461432e+00	-1.743440e+02	1.000000e-05	1.000000e+05	8.404788e-01	2.845518e-01	2.961898e-01
14	14_910328	910328	1	G	A	0.471	-4.710070e+00	6.413254e+00	-1.747337e+02	1.000000e-05	1.000000e+05	4.678751e-01	5.453001e-01	5.504724e-01
14	14_910510	910510	1	A	G	0.412	-3.637461e+00	6.526520e+00	-1.746578e+02	1.000000e-05	1.000000e+05	5.810593e-01	4.718380e-01	4.785164e-01
14	14_910555	910555	2	C	T	0.394	-9.123993e+00	6.513011e+00	-1.739383e+02	1.000000e-05	1.000000e+05	1.705818e-01	1.618675e-01	1.770197e-01
14	14_910742	910742	0	A	G	0.343	-4.726558e+00	6.650228e+00	-1.742561e+02	1.000000e-05	1.000000e+05	4.822411e-01	2.504088e-01	2.630700e-01
14	14_910822	910822	1	G	A	0.294	-1.412441e+00	7.078278e+00	-1.748306e+02	1.000000e-05	1.000000e+05	8.430603e-01	6.783583e-01	6.814109e-01
14	14_910834	910834	1	T	A	0.235	1.038605e+00	7.605738e+00	-1.745122e+02	1.000000e-05	1.000000e+05	8.922118e-01	3.684410e-01	3.776770e-01
14	14_910926	910926	4	G	A	0.452	4.615619e+00	6.743523e+00	-1.741174e+02	1.000000e-05	1.000000e+05	4.984688e-01	2.061351e-01	2.201037e-01
14	14_910939	910939	5	C	A	0.500	1.033274e+00	6.868719e+00	-1.748463e+02	1.000000e-05	1.000000e+05	8.813396e-01	7.076735e-01	7.103500e-01
14	14_910964	910964	1	G	A	0.471	7.994712e+00	6.313904e+00	-1.744405e+02	1.000000e-05	1.000000e+05	2.143044e-01	3.291386e-01	3.394711e-01
14	14_910966	910966	0	T	C	0.457	8.084637e+00	6.227855e+00	-1.744554e+02	1.000000e-05	1.000000e+05	2.032386e-01	3.368154e-01	3.469291e-01
14	14_910979	910979	3	A	G	0.469	4.606034e+00	6.617539e+00	-1.746591e+02	1.000000e-05	1.000000e+05	4.912808e-01	4.729387e-01	4.795926e-01
14	14_911099	911099	2	A	G	0.485	6.415941e-01	6.553378e+00	-1.749164e+02	1.000000e-05	1.000000e+05	9.226017e-01	9.822175e-01	9.823518e-01
14	14_911129	911129	2	T	C	0.485	-5.097350e+00	6.493993e+00	-1.737363e+02	1.000000e-05	1.000000e+05	4.380918e-01	1.244306e-01	1.403332e-01
14	14_911206	911206	1	G	A	0.471	2.165170e+00	6.454490e+00	-1.746170e+02	1.000000e-05	1.000000e+05	7.394077e-01	4.389048e-01	4.463426e-01
14	14_911262	911262	5	A	C	0.433	-4.904762e+00	6.880418e+00	-1.748919e+02	1.000000e-05	1.000000e+05	4.809442e-01	8.240744e-01	8.255051e-01
14	14_911292	911292	4	A	G	0.355	-9.282969e-02	7.063655e+00	-1.745734e+02	1.000000e-05	1.000000e+05	9.895937e-01	4.073752e-01	4.155891e-01
14	14_911297	911297	6	A	C	0.379	-4.006703e-02	7.201559e+00	-1.746881e+02	1.000000e-05	1.000000e+05	9.955944e-01	4.990172e-01	5.051083e-01
14	14_911308	911308	3	C	T	0.281	-3.103642e+00	7.378854e+00	-1.744092e+02	1.000000e-05	1.000000e+05	6.767643e-01	3.137341e-01	3.245115e-01
14	14_911314	911314	0	A	G	0.143	-7.599889e+00	8.992797e+00	-1.735607e+02	1.000000e-05	1.000000e+05	4.041361e-01	9.961083e-02	1.157558e-01
14	14_911321	911321	6	G	A	0.276	-4.330147e+00	7.781711e+00	-1.743572e+02	1.000000e-05	1.000000e+05	5.816562e-01	2.901878e-01	3.016582e-01
14	14_911352	911352	6	G	A	0.414	-1.036874e+00	7.092500e+00	-1.741549e+02	1.000000e-05	1.000000e+05	8.846585e-01	2.171061e-01	2.307569e-01
14	14_911375	911375	5	G	A	0.333	-5.849856e+00	7.216416e+00	-1.732664e+02	1.000000e-05	1.000000e+05	4.233850e-01	6.926542e-02	8.517567e-02
14	14_911385	911385	3	G	A	0.375	-4.041549e+00	6.834984e+00	-1.724569e+02	1.000000e-05	1.000000e+05	5.583462e-01	2.655598e-02	3.964182e-02
14	14_911414	911414	5	G	A	0.233	-1.230269e+01	7.835354e+00	-1.734009e+02	1.000000e-05	1.000000e+05	1.259201e-01	8.166945e-02	9.777147e-02
14	14_924025	924025	0	T	C	0.400	2.630653e+00	6.476553e+00	-1.748197e+02	1.000000e-05	1.000000e+05	6.872316e-01	6.596945e-01	6.630021e-01
14	14_924047	924047	1	C	A	0.471	4.086577e+00	6.426366e+00	-1.749166e+02	1.000000e-05	1.000000e+05	5.292223e-01	9.992382e-01	9.992440e-01
14	14_924049	924049	1	T	A	0.471	4.086577e+00	6.426366e+00	-1.749166e+02	1.000000e-05	1.000000e+05	5.292223e-01	9.992382e-01	9.992440e-01
14	14_924050	924050	1	C	G	0.471	4.086577e+00	6.426366e+00	-1.749166e+02	1.000000e-05	1.000000e+05	5.292223e-01	9.992382e-01	9.992440e-01
14	14_924059	924059	0	T	C	0.486	-1.411367e+00	6.359432e+00	-1.742491e+02	1.000000e-05	1.000000e+05	8.257339e-01	2.479239e-01	2.606596e-01
14	14_924128	924128	0	G	A	0.400	-3.410424e+00	6.465599e+00	-1.744253e+02	1.000000e-05	1.000000e+05	6.013944e-01	3.215436e-01	3.320945e-01
14	14_924776	924776	0	A	G	0.429	-4.749832e+00	6.374160e+00	-1.749162e+02	1.000000e-05	1.000000e+05	4.614437e-01	9.772080e-01	9.773802e-01
14	14_924866	924866	0	G	A	0.257	7.429357e+00	7.161737e+00	-1.728579e+02	1.000000e-05	1.000000e+05	3.071062e-01	4.244200e-02	5.716837e-02
14	14_925085	925085	0	G	A	0.143	2.200324e+00	9.081553e+00	-1.748526e+02	1.000000e-05	1.000000e+05	8.100588e-01	7.205576e-01	7.230777e-01
