chr	rs	ps	n_miss	allele1	allele0	af	beta	se	logl_H1	l_remle	l_mle	p_wald	p_lrt	p_score
1	1_44747	44747	0	C	G	0.200	-2.048862e+05	2.955817e+05	-3.000423e+02	1.000000e-05	1.000000e+05	4.970549e-01	5.774880e-01	5.857906e-01
1	1_44753	44753	1	G	A	0.211	-2.205653e+05	2.969746e+05	-2.999955e+02	1.000000e-05	1.000000e+05	4.672417e-01	5.250884e-01	5.351239e-01
1	1_44785	44785	1	G	A	0.158	-2.292690e+05	3.327170e+05	-2.999611e+02	1.000000e-05	1.000000e+05	4.995592e-01	4.916898e-01	5.029462e-01
1	1_47564	47564	0	G	A	0.450	2.934141e+05	2.306631e+05	-2.993719e+02	1.000000e-05	1.000000e+05	2.195457e-01	1.988064e-01	2.241526e-01
1	1_47575	47575	0	G	A	0.500	2.526136e+05	2.320847e+05	-2.996196e+02	1.000000e-05	1.000000e+05	2.907539e-01	2.823625e-01	3.033022e-01
1	1_47671	47671	1	G	A	0.421	2.872902e+05	2.414888e+05	-2.990724e+02	1.043671e-01	1.000000e+05	2.496351e-01	1.336094e-01	1.618496e-01
1	1_47684	47684	2	C	G	0.444	2.847821e+05	2.451100e+05	-2.991490e+02	1.000000e-05	1.000000e+05	2.604697e-01	1.475853e-01	1.753035e-01
1	1_47686	47686	2	A	G	0.444	2.847821e+05	2.451100e+05	-2.991490e+02	1.000000e-05	1.000000e+05	2.604697e-01	1.475853e-01	1.753035e-01
1	1_309593	309593	1	A	G	0.421	-2.299212e+05	2.429776e+05	-2.998576e+02	1.000000e-05	1.000000e+05	3.565444e-01	4.096970e-01	4.243477e-01
1	1_477160	477160	0	A	C	0.100	1.132678e+06	2.989548e+05	-2.941546e+02	3.611837e-01	1.000000e+05	1.344553e-03	5.080690e-04	7.491119e-03
1	1_678413	678413	0	C	T	0.100	-1.994225e+05	3.965583e+05	-3.000137e+02	1.000000e-05	1.000000e+05	6.211438e-01	5.443812e-01	5.537532e-01
1	1_971811	971811	3	G	T	0.118	-2.329007e+05	3.995539e+05	-2.995528e+02	1.000000e-05	1.000000e+05	5.671911e-01	2.561531e-01	2.784866e-01
1	1_975012	975012	0	C	T	0.100	-1.971055e+05	3.966227e+05	-3.000853e+02	1.000000e-05	1.000000e+05	6.252327e-01	6.357772e-01	6.423977e-01
1	1_975152	975152	2	T	C	0.333	5.887121e+04	2.675217e+05	-3.001490e+02	1.000000e-05	1.000000e+05	8.282998e-01	7.554644e-01	7.593247e-01
1	1_975212	975212	0	C	T	0.400	-2.127503e+05	2.393447e+05	-2.992050e+02	1.000000e-05	1.000000e+05	3.857893e-01	1.588656e-01	1.861125e-01
1	1_975397	975397	2	T	C	0.389	3.087340e+05	2.486068e+05	-2.998176e+02	1.000000e-05	1.000000e+05	2.302280e-01	3.833864e-01	3.992443e-01
1	1_975445	975445	2	T	C	0.333	3.816679e+05	2.523246e+05	-2.991789e+02	1.000000e-05	1.000000e+05	1.477390e-01	1.535042e-01	1.809800e-01
1	1_975457	975457	1	A	G	0.421	2.661089e+05	2.409166e+05	-2.998989e+02	1.000000e-05	1.000000e+05	2.838938e-01	4.396430e-01	4.529886e-01
1	1_975510	975510	1	T	C	0.105	-1.382571e+05	3.991788e+05	-3.001972e+02	1.000000e-05	1.000000e+05	7.330926e-01	9.819784e-01	9.822271e-01
1	1_1231132	1231132	0	A	G	0.100	-1.078435e+05	3.985245e+05	-3.000131e+02	1.000000e-05	1.000000e+05	7.897718e-01	5.436458e-01	5.530426e-01
1	1_1231136	1231136	0	G	C	0.100	-1.078435e+05	3.985245e+05	-3.000131e+02	1.000000e-05	1.000000e+05	7.897718e-01	5.436458e-01	5.530426e-01
1	1_1231137	1231137	0	G	A	0.100	-1.078435e+05	3.985245e+05	-3.000131e+02	1.000000e-05	1.000000e+05	7.897718e-01	5.436458e-01	5.530426e-01
1	1_1581524	1581524	1	A	G	0.105	-1.225217e+05	3.994645e+05	-3.001111e+02	1.000000e-05	1.000000e+05	7.625802e-01	6.777186e-01	6.832745e-01
2	2_270700	270700	2	T	C	0.444	2.986931e+05	2.441884e+05	-2.996341e+02	1.000000e-05	1.000000e+05	2.370245e-01	2.884783e-01	3.090951e-01
2	2_270855	270855	0	G	A	0.400	-1.497639e+05	2.419805e+05	-3.000460e+02	1.000000e-05	1.000000e+05	5.437303e-01	5.819919e-01	5.901556e-01
2	2_270969	270969	1	T	G	0.421	-1.755841e+05	2.454840e+05	-3.000800e+02	1.000000e-05	1.000000e+05	4.836257e-01	6.278251e-01	6.346608e-01
2	2_270970	270970	1	T	A	0.421	-1.755841e+05	2.454840e+05	-3.000800e+02	1.000000e-05	1.000000e+05	4.836257e-01	6.278251e-01	6.346608e-01
2	2_270971	270971	1	C	A	0.421	-1.755841e+05	2.454840e+05	-3.000800e+02	1.000000e-05	1.000000e+05	4.836257e-01	6.278251e-01	6.346608e-01
2	2_270994	270994	0	A	G	0.450	-1.829915e+05	2.369138e+05	-3.000375e+02	1.000000e-05	1.000000e+05	4.499027e-01	5.716381e-01	5.801235e-01
2	2_294465	294465	1	G	A	0.105	-1.666295e+05	3.985768e+05	-3.001893e+02	1.000000e-05	1.000000e+05	6.808474e-01	8.984926e-01	8.999271e-01
2	2_697983	697983	0	G	A	0.100	-2.284366e+05	4.088135e+05	-2.998618e+02	2.035520e-01	1.000000e+05	5.831977e-01	4.125551e-01	4.270780e-01
2	2_983795	983795	0	C	G	0.100	-2.284366e+05	4.088135e+05	-2.998618e+02	2.035520e-01	1.000000e+05	5.831977e-01	4.125551e-01	4.270780e-01
2	2_1225303	1225303	0	G	A	0.100	-2.284366e+05	4.088135e+05	-2.998618e+02	2.035520e-01	1.000000e+05	5.831977e-01	4.125551e-01	4.270780e-01
3	3_10892	10892	1	C	G	0.105	1.151286e+06	2.945659e+05	-2.935741e+02	1.000000e-05	1.000000e+05	1.029916e-03	2.730441e-04	6.013688e-03
3	3_207299	207299	1	A	G	0.158	-7.008969e+04	3.366716e+05	-3.001650e+02	1.000000e-05	1.000000e+05	8.374227e-01	7.988117e-01	8.018584e-01
3	3_750294	750294	0	T	G	0.300	-1.848123e+05	2.577710e+05	-2.997881e+02	1.000000e-05	1.000000e+05	4.825974e-01	3.655683e-01	3.822744e-01
3	3_860957	860957	0	A	T	0.500	-2.241647e+05	2.337024e+05	-2.993944e+02	1.000000e-05	1.000000e+05	3.501717e-01	2.050444e-01	2.300724e-01
3	3_862065	862065	0	G	A	0.250	-1.843738e+05	2.732325e+05	-2.999985e+02	1.000000e-05	1.000000e+05	5.083862e-01	5.281712e-01	5.380986e-01
3	3_862068	862068	0	G	A	0.250	-1.843738e+05	2.732325e+05	-2.999985e+02	1.000000e-05	1.000000e+05	5.083862e-01	5.281712e-01	5.380986e-01
3	3_862069	862069	2	A	G	0.278	-2.096499e+05	2.775729e+05	-2.998917e+02	1.000000e-05	1.000000e+05	4.598409e-01	4.342261e-01	4.478022e-01
3	3_1071924	1071924	0	G	A	0.300	-1.735929e+05	2.582041e+05	-3.001107e+02	1.000000e-05	1.000000e+05	5.099259e-01	6.769924e-01	6.825658e-01
3	3_1071929	1071929	0	C	T	0.300	-1.735929e+05	2.582041e+05	-3.001107e+02	1.000000e-05	1.000000e+05	5.099259e-01	6.769924e-01	6.825658e-01
3	3_1234218	1234218	0	G	A	0.350	-1.216374e+05	2.495280e+05	-2.998829e+02	1.000000e-05	1.000000e+05	6.318091e-01	4.276546e-01	4.415137e-01
4	4_667433	667433	0	G	T	0.250	5.437421e+05	2.451923e+05	-2.976859e+02	1.000000e-05	1.000000e+05	3.968863e-02	2.500975e-02	4.934797e-02
4	4_667446	667446	0	G	A	0.250	5.437421e+05	2.451923e+05	-2.976859e+02	1.000000e-05	1.000000e+05	3.968863e-02	2.500975e-02	4.934797e-02
4	4_667490	667490	1	G	A	0.316	4.411417e+05	2.431234e+05	-2.986970e+02	1.000000e-05	1.000000e+05	8.630754e-02	8.321369e-02	1.123494e-01
4	4_995956	995956	3	A	G	0.176	-1.312898e+05	3.394493e+05	-2.999299e+02	1.000000e-05	1.000000e+05	7.034587e-01	4.644871e-01	4.768069e-01
4	4_1076446	1076446	0	G	A	0.400	-2.324397e+05	2.383253e+05	-2.995710e+02	1.000000e-05	1.000000e+05	3.423353e-01	2.629801e-01	2.849497e-01
4	4_1076465	1076465	0	G	A	0.450	-2.596181e+05	2.329029e+05	-2.995561e+02	1.000000e-05	1.000000e+05	2.796394e-01	2.573902e-01	2.796578e-01
5	5_7093	7093	0	G	A	0.300	-1.279942e+05	2.596793e+05	-3.001784e+02	1.000000e-05	1.000000e+05	6.280468e-01	8.449725e-01	8.472349e-01
5	5_276722	276722	0	G	A	0.100	-2.284366e+05	4.088135e+05	-2.998618e+02	2.035520e-01	1.000000e+05	5.831977e-01	4.125551e-01	4.270780e-01
5	5_475470	475470	1	T	C	0.316	3.598637e+05	2.504514e+05	-2.989965e+02	1.000000e-05	1.000000e+05	1.679129e-01	1.211831e-01	1.498135e-01
5	5_476407	476407	0	A	T	0.450	2.449908e+05	2.337815e+05	-2.994271e+02	1.000000e-05	1.000000e+05	3.085310e-01	2.144988e-01	2.390379e-01
5	5_500266	500266	1	G	A	0.421	-2.253384e+05	2.515945e+05	-2.994138e+02	3.803510e-01	1.000000e+05	3.822660e-01	2.105853e-01	2.353277e-01
5	5_676974	676974	0	A	C	0.450	-1.375699e+05	2.386147e+05	-2.999476e+02	1.000000e-05	1.000000e+05	5.713932e-01	4.796014e-01	4.913226e-01
5	5_835130	835130	1	A	G	0.316	-1.794140e+05	2.610215e+05	-3.000673e+02	1.000000e-05	1.000000e+05	5.006214e-01	6.098906e-01	6.172277e-01
5	5_835251	835251	2	G	C	0.389	2.972133e+05	2.493857e+05	-2.991743e+02	1.000000e-05	1.000000e+05	2.488237e-01	1.525812e-01	1.800954e-01
5	5_835261	835261	0	A	G	0.350	3.392553e+05	2.457585e+05	-2.988868e+02	6.192233e-01	1.000000e+05	1.843541e-01	1.054311e-01	1.344226e-01
5	5_836479	836479	0	G	A	0.250	-1.617011e+05	2.740288e+05	-2.998652e+02	1.000000e-05	1.000000e+05	5.624671e-01	4.149763e-01	4.293915e-01
5	5_836568	836568	0	A	G	0.350	-1.506971e+05	2.486454e+05	-3.001860e+02	1.000000e-05	1.000000e+05	5.520337e-01	8.797926e-01	8.815082e-01
5	5_836697	836697	0	A	G	0.500	-2.570989e+05	2.318107e+05	-2.995169e+02	1.000000e-05	1.000000e+05	2.819904e-01	2.433235e-01	2.663410e-01
5	5_836899	836899	1	G	A	0.105	1.255709e+06	2.545928e+05	-2.916470e+02	1.000000e+05	1.000000e+05	1.075331e-04	3.544385e-05	3.260140e-03
5	5_1210544	1210544	0	G	A	0.100	-2.284366e+05	4.088135e+05	-2.998618e+02	2.035520e-01	1.000000e+05	5.831977e-01	4.125551e-01	4.270780e-01
5	5_1245074	1245074	0	A	G	0.200	-1.605073e+05	2.985326e+05	-3.000869e+02	2.459461e-02	1.000000e+05	5.974011e-01	6.382024e-01	6.447583e-01
5	5_1770892	1770892	0	G	A	0.500	2.093306e+05	2.344653e+05	-2.996915e+02	1.000000e-05	1.000000e+05	3.837454e-01	3.144381e-01	3.337007e-01
5	5_1773044	1773044	0	G	A	0.100	-2.029026e+05	3.964601e+05	-3.000487e+02	1.000000e-05	1.000000e+05	6.150226e-01	5.854742e-01	5.935316e-01
5	5_1773047	1773047	0	G	A	0.250	-1.076168e+05	2.755016e+05	-2.999283e+02	1.000000e-05	1.000000e+05	7.006617e-01	4.631465e-01	4.755203e-01
6	6_191358	191358	0	C	T	0.100	1.121195e+06	2.989004e+05	-2.946114e+02	3.885789e-02	1.000000e+05	1.462466e-03	8.303518e-04	9.028975e-03
6	6_220264	220264	1	G	A	0.474	2.472273e+05	2.488064e+05	-2.994181e+02	6.206529e-01	1.000000e+05	3.335624e-01	2.118490e-01	2.365259e-01
6	6_220267	220267	1	G	A	0.474	2.472273e+05	2.488064e+05	-2.994181e+02	6.206529e-01	1.000000e+05	3.335624e-01	2.118490e-01	2.365259e-01
6	6_221273	221273	2	A	G	0.444	2.494575e+05	2.472393e+05	-2.999988e+02	1.000000e-05	1.000000e+05	3.263599e-01	5.284582e-01	5.383756e-01
6	6_221275	221275	1	A	G	0.474	2.105960e+05	2.411096e+05	-3.000575e+02	1.000000e-05	1.000000e+05	3.939242e-01	5.967471e-01	6.044664e-01
6	6_221282	221282	0	C	A	0.450	-1.442876e+05	2.383940e+05	-3.001962e+02	1.000000e-05	1.000000e+05	5.525690e-01	9.602992e-01	9.608487e-01
6	6_739933	739933	0	G	T	0.400	2.976668e+05	2.342604e+05	-2.996066e+02	1.000000e-05	1.000000e+05	2.200255e-01	2.769863e-01	2.982108e-01
6	6_988043	988043	1	T	C	0.211	-5.932099e+04	3.011665e+05	-3.001661e+02	1.000000e-05	1.000000e+05	8.460575e-01	8.022818e-01	8.052668e-01
6	6_988098	988098	1	A	G	0.263	-4.866567e+04	2.788906e+05	-3.001329e+02	1.000000e-05	1.000000e+05	8.634223e-01	7.192472e-01	7.238561e-01
6	6_988261	988261	2	A	G	0.111	-8.287853e+04	4.013471e+05	-3.001953e+02	1.000000e-05	1.000000e+05	8.387175e-01	9.471212e-01	9.478551e-01
6	6_988405	988405	1	T	C	0.211	-1.896207e+05	2.981595e+05	-3.001420e+02	1.000000e-05	1.000000e+05	5.327992e-01	7.391122e-01	7.433021e-01
6	6_988465	988465	0	T	C	0.400	-2.527745e+05	2.371728e+05	-2.999343e+02	1.000000e-05	1.000000e+05	3.006100e-01	4.681259e-01	4.802998e-01
6	6_988478	988478	1	G	A	0.368	-2.158436e+05	2.496757e+05	-3.001113e+02	1.000000e-05	1.000000e+05	3.986902e-01	6.780413e-01	6.835894e-01
6	6_988549	988549	1	A	G	0.211	-1.648082e+05	2.989779e+05	-3.001863e+02	1.000000e-05	1.000000e+05	5.882481e-01	8.813224e-01	8.830148e-01
6	6_988553	988553	1	T	G	0.211	-1.679029e+05	2.988823e+05	-3.001777e+02	1.000000e-05	1.000000e+05	5.812015e-01	8.422997e-01	8.446056e-01
6	6_988631	988631	0	G	A	0.300	-7.538489e+04	2.608211e+05	-2.999277e+02	1.000000e-05	1.000000e+05	7.758615e-01	4.626606e-01	4.750540e-01
6	6_988733	988733	1	A	G	0.474	-2.760007e+05	2.374147e+05	-2.993525e+02	1.000000e-05	1.000000e+05	2.602039e-01	1.936185e-01	2.192261e-01
6	6_988843	988843	3	A	G	0.353	-2.330339e+05	2.663046e+05	-3.000114e+02	1.000000e-05	1.000000e+05	3.930654e-01	5.418963e-01	5.513521e-01
6	6_988922	988922	3	A	G	0.294	-2.611885e+05	2.784575e+05	-2.996952e+02	1.000000e-05	1.000000e+05	3.606693e-01	3.162263e-01	3.353968e-01
6	6_988930	988930	1	G	A	0.211	-2.100279e+05	2.973986e+05	-2.997992e+02	1.000000e-05	1.000000e+05	4.890944e-01	3.721277e-01	3.885188e-01
6	6_988960	988960	1	T	G	0.211	-2.130572e+05	2.972788e+05	-2.999195e+02	1.000000e-05	1.000000e+05	4.827610e-01	4.558970e-01	4.685656e-01
6	6_989188	989188	0	T	C	0.300	-1.767603e+05	2.580844e+05	-3.001899e+02	1.000000e-05	1.000000e+05	5.021360e-01	9.022217e-01	9.036011e-01
6	6_989334	989334	3	G	C	0.471	4.951418e+04	2.600724e+05	-3.001778e+02	1.000000e-05	1.000000e+05	8.511373e-01	8.428564e-01	8.451531e-01
6	6_989453	989453	2	G	A	0.444	3.309900e+05	2.418639e+05	-2.995992e+02	1.000000e-05	1.000000e+05	1.879960e-01	2.740340e-01	2.954153e-01
6	6_989490	989490	1	T	C	0.263	-1.931256e+05	2.753895e+05	-3.000338e+02	1.000000e-05	1.000000e+05	4.920951e-01	5.671946e-01	5.758205e-01
6	6_989528	989528	0	T	C	0.500	-2.186149e+05	2.339943e+05	-2.994658e+02	1.000000e-05	1.000000e+05	3.625274e-01	2.264109e-01	2.503255e-01
6	6_989732	989732	3	T	C	0.294	-2.027444e+05	2.811491e+05	-2.998445e+02	1.000000e-05	1.000000e+05	4.800933e-01	4.008059e-01	4.158583e-01
6	6_989861	989861	3	A	G	0.412	-2.369055e+05	2.580545e+05	-2.995540e+02	1.000000e-05	1.000000e+05	3.707338e-01	2.565954e-01	2.789054e-01
6	6_989960	989960	0	A	G	0.400	-2.512825e+05	2.372603e+05	-2.999024e+02	1.000000e-05	1.000000e+05	3.035603e-01	4.423725e-01	4.556028e-01
6	6_990258	990258	0	G	T	0.450	2.340047e+05	2.344061e+05	-2.994836e+02	1.000000e-05	1.000000e+05	3.313718e-01	2.321227e-01	2.557353e-01
6	6_990671	990671	4	A	G	0.438	3.254364e+05	2.588743e+05	-2.997789e+02	1.000000e-05	1.000000e+05	2.247775e-01	3.602443e-01	3.772084e-01
6	6_990699	990699	2	A	G	0.444	3.302618e+05	2.419193e+05	-2.996395e+02	1.000000e-05	1.000000e+05	1.890195e-01	2.907853e-01	3.112806e-01
6	6_990701	990701	1	G	A	0.421	3.211652e+05	2.371598e+05	-2.999436e+02	1.000000e-05	1.000000e+05	1.924260e-01	4.761272e-01	4.879843e-01
6	6_990771	990771	2	T	C	0.333	3.706518e+05	2.532360e+05	-2.993183e+02	1.000000e-05	1.000000e+05	1.605315e-01	1.848299e-01	2.108723e-01
6	6_990777	990777	0	A	G	0.350	3.412137e+05	2.484261e+05	-2.988942e+02	1.706749e-01	1.000000e+05	1.864633e-01	1.064280e-01	1.354020e-01
6	6_990851	990851	1	T	C	0.211	-2.512145e+05	3.244839e+05	-2.996820e+02	5.595036e-01	1.000000e+05	4.488644e-01	3.099413e-01	3.294362e-01
6	6_990862	990862	0	G	T	0.200	-2.518131e+05	3.229641e+05	-2.996250e+02	6.387462e-01	1.000000e+05	4.457026e-01	2.846268e-01	3.054469e-01
6	6_990885	990885	3	A	G	0.118	-6.301624e+04	4.030346e+05	-3.001960e+02	1.000000e-05	1.000000e+05	8.774939e-01	9.563284e-01	9.569333e-01
6	6_990992	990992	1	T	C	0.263	6.427225e+05	2.827953e+05	-2.976746e+02	1.000000e+05	1.000000e+05	3.553103e-02	2.468646e-02	4.894747e-02
6	6_991027	991027	0	T	C	0.200	6.065998e+05	2.963724e+05	-2.977928e+02	9.496440e-01	1.000000e+05	5.557036e-02	2.830647e-02	5.336828e-02
6	6_1031241	1031241	1	G	A	0.211	-1.713513e+05	2.987737e+05	-3.001075e+02	1.000000e-05	1.000000e+05	5.733924e-01	6.713838e-01	6.770932e-01
6	6_1160524	1160524	0	A	G	0.300	-1.659889e+05	2.584816e+05	-2.998701e+02	1.000000e-05	1.000000e+05	5.288579e-01	4.184018e-01	4.326655e-01
6	6_1160528	1160528	0	A	G	0.300	-1.659889e+05	2.584816e+05	-2.998701e+02	1.000000e-05	1.000000e+05	5.288579e-01	4.184018e-01	4.326655e-01
6	6_1160532	1160532	0	A	G	0.300	-1.659889e+05	2.584816e+05	-2.998701e+02	1.000000e-05	1.000000e+05	5.288579e-01	4.184018e-01	4.326655e-01
7	7_11056	11056	1	A	C	0.368	-1.782104e+05	2.513201e+05	-3.001837e+02	1.000000e-05	1.000000e+05	4.873478e-01	8.682211e-01	8.701148e-01
7	7_14006	14006	1	A	G	0.211	-1.284955e+05	2.999656e+05	-3.001947e+02	1.000000e-05	1.000000e+05	6.734656e-01	9.405930e-01	9.414191e-01
7	7_36839	36839	0	G	A	0.150	-1.384043e+05	3.339181e+05	-3.000931e+02	1.000000e-05	1.000000e+05	6.834161e-01	6.477039e-01	6.540099e-01
7	7_49744	49744	0	G	A	0.150	-1.367274e+05	3.339566e+05	-2.999315e+02	1.000000e-05	1.000000e+05	6.870647e-01	4.658044e-01	4.780712e-01
7	7_164473	164473	2	G	A	0.389	3.425263e+05	2.461357e+05	-2.996604e+02	1.000000e-05	1.000000e+05	1.809989e-01	3.000328e-01	3.200431e-01
7	7_164511	164511	1	C	T	0.421	-2.083334e+05	2.440569e+05	-2.996567e+02	1.000000e-05	1.000000e+05	4.045293e-01	2.983385e-01	3.184375e-01
7	7_164589	164589	0	C	T	0.300	-1.303616e+05	2.602590e+05	-2.998843e+02	1.688979e-02	1.000000e+05	6.225170e-01	4.286893e-01	4.425036e-01
7	7_164636	164636	2	A	G	0.500	2.425453e+05	2.460061e+05	-3.000032e+02	1.000000e-05	1.000000e+05	3.372348e-01	5.330896e-01	5.428463e-01
7	7_164887	164887	0	G	A	0.300	-1.658100e+05	2.584876e+05	-2.998128e+02	1.000000e-05	1.000000e+05	5.293066e-01	3.804421e-01	3.964385e-01
7	7_164926	164926	3	G	A	0.176	-1.858880e+05	3.380295e+05	-3.000239e+02	1.000000e-05	1.000000e+05	5.891358e-01	5.556915e-01	5.646885e-01
7	7_165027	165027	1	T	C	0.211	-1.258681e+05	3.000274e+05	-3.001551e+02	1.000000e-05	1.000000e+05	6.797992e-01	7.709169e-01	7.744776e-01
7	7_165292	165292	0	C	A	0.500	-2.477993e+05	2.323727e+05	-3.000683e+02	1.000000e-05	1.000000e+05	3.003437e-01	6.113294e-01	6.186255e-01
7	7_165637	165637	1	G	A	0.474	-2.216668e+05	2.405576e+05	-3.001120e+02	1.000000e-05	1.000000e+05	3.689909e-01	6.793020e-01	6.848199e-01
7	7_165657	165657	2	A	G	0.389	3.362404e+05	2.466165e+05	-2.993279e+02	1.000000e-05	1.000000e+05	1.895632e-01	1.872433e-01	2.131674e-01
7	7_165680	165680	0	T	C	0.400	2.856751e+05	2.350882e+05	-2.996878e+02	1.000000e-05	1.000000e+05	2.399959e-01	3.126918e-01	3.320444e-01
7	7_165704	165704	2	A	G	0.444	-2.435351e+05	2.475671e+05	-3.001149e+02	1.000000e-05	1.000000e+05	3.382953e-01	6.845179e-01	6.899117e-01
7	7_165798	165798	3	C	T	0.412	3.804305e+05	2.483344e+05	-2.997050e+02	1.000000e-05	1.000000e+05	1.429269e-01	3.209930e-01	3.399188e-01
7	7_165854	165854	3	C	T	0.412	3.958712e+05	2.469898e+05	-2.992432e+02	1.000000e-05	1.000000e+05	1.263852e-01	1.671271e-01	1.940065e-01
7	7_165873	165873	0	A	G	0.350	3.457834e+05	2.375788e+05	-2.996603e+02	1.000000e-05	1.000000e+05	1.627649e-01	2.999574e-01	3.199717e-01
7	7_165955	165955	1	T	C	0.474	-2.212745e+05	2.405780e+05	-3.000047e+02	1.000000e-05	1.000000e+05	3.698595e-01	5.346657e-01	5.443681e-01
7	7_166056	166056	1	A	C	0.421	-2.771789e+05	2.575127e+05	-2.993333e+02	3.791513e-01	1.000000e+05	2.959775e-01	1.886274e-01	2.144832e-01
7	7_166309	166309	1	G	A	0.474	2.321502e+05	2.400076e+05	-2.998206e+02	1.000000e-05	1.000000e+05	3.462307e-01	3.852907e-01	4.010594e-01
7	7_166838	166838	0	T	A	0.200	5.235082e+05	2.729010e+05	-2.979130e+02	1.000000e-05	1.000000e+05	7.107532e-02	3.255650e-02	5.840418e-02
7	7_166992	166992	0	A	G	0.400	3.019514e+05	2.345524e+05	-2.990538e+02	7.358592e-02	1.000000e+05	2.142794e-01	1.304306e-01	1.587780e-01
7	7_167034	167034	2	T	C	0.333	3.919553e+05	2.514471e+05	-2.989994e+02	1.000000e-05	1.000000e+05	1.364526e-01	1.216352e-01	1.502529e-01
7	7_167035	167035	1	C	A	0.368	3.482501e+05	2.455847e+05	-2.989295e+02	2.703719e-01	1.000000e+05	1.732583e-01	1.112739e-01	1.401517e-01
7	7_167135	167135	3	A	G	0.471	-2.671543e+05	2.526039e+05	-2.997805e+02	1.000000e-05	1.000000e+05	3.042249e-01	3.611242e-01	3.780455e-01
7	7_167192	167192	0	C	T	0.400	-1.834132e+05	2.406896e+05	-3.001035e+02	1.000000e-05	1.000000e+05	4.559107e-01	6.646150e-01	6.704912e-01
7	7_167224	167224	2	T	A	0.389	-1.951420e+05	2.549217e+05	-2.997773e+02	1.000000e-05	1.000000e+05	4.538963e-01	3.592890e-01	3.762996e-01
7	7_167292	167292	2	A	G	0.444	-2.551768e+05	2.469148e+05	-2.995603e+02	1.000000e-05	1.000000e+05	3.150745e-01	2.589633e-01	2.811470e-01
7	7_167370	167370	1	A	G	0.368	3.756094e+05	2.389314e+05	-2.986335e+02	1.000000e-05	1.000000e+05	1.333536e-01	7.695885e-02	1.060280e-01
7	7_167655	167655	2	G	A	0.389	3.278436e+05	2.499158e+05	-2.988791e+02	2.481595e-01	1.000000e+05	2.060676e-01	1.044203e-01	1.334288e-01
7	7_167687	167687	1	A	C	0.263	4.482003e+05	2.583625e+05	-2.984124e+02	1.000000e-05	1.000000e+05	9.987140e-02	5.882903e-02	8.731353e-02
7	7_453828	453828	1	T	C	0.158	-7.517891e+04	3.366108e+05	-3.001970e+02	1.000000e-05	1.000000e+05	8.257853e-01	9.757390e-01	9.760740e-01
7	7_479542	479542	0	A	G	0.200	5.183630e+05	2.734462e+05	-2.990508e+02	1.000000e-05	1.000000e+05	7.417710e-02	1.299240e-01	1.582881e-01
7	7_672119	672119	0	G	A	0.300	3.703547e+05	2.464206e+05	-2.996033e+02	1.000000e-05	1.000000e+05	1.501972e-01	2.756551e-01	2.969504e-01
7	7_752860	752860	3	A	T	0.294	6.121698e+05	2.322087e+05	-2.969324e+02	1.000000e+05	1.000000e+05	1.676735e-02	1.060659e-02	2.974694e-02
7	7_752861	752861	0	A	T	0.150	-1.120835e+05	3.344660e+05	-3.001962e+02	1.000000e-05	1.000000e+05	7.414146e-01	9.605537e-01	9.610996e-01
7	7_908360	908360	2	C	A	0.167	7.474150e+05	2.894507e+05	-2.981698e+02	1.000000e-05	1.000000e+05	1.878948e-02	4.403184e-02	7.140110e-02
7	7_1196178	1196178	0	C	T	0.500	-2.414129e+05	2.332050e+05	-2.992766e+02	1.914892e-02	1.000000e+05	3.142858e-01	1.747490e-01	2.012754e-01
7	7_1205599	1205599	3	G	T	0.353	-2.037575e+05	2.676350e+05	-2.998002e+02	1.000000e-05	1.000000e+05	4.563217e-01	3.727354e-01	3.890974e-01
7	7_1205600	1205600	2	G	A	0.333	-1.993292e+05	2.637293e+05	-2.997499e+02	1.000000e-05	1.000000e+05	4.595407e-01	3.440896e-01	3.618488e-01
7	7_1205735	1205735	2	T	A	0.278	-1.746899e+05	2.789142e+05	-3.000708e+02	1.000000e-05	1.000000e+05	5.389665e-01	6.146883e-01	6.218891e-01
7	7_1263585	1263585	0	T	C	0.400	-3.736913e+05	2.659720e+05	-2.989620e+02	4.059525e+00	1.000000e+05	1.770440e-01	1.159746e-01	1.447429e-01
7	7_1263610	1263610	0	G	A	0.400	-2.073077e+05	2.396101e+05	-2.998106e+02	1.000000e-05	1.000000e+05	3.983204e-01	3.790530e-01	3.951149e-01
7	7_1263646	1263646	0	G	A	0.100	-2.130786e+05	3.961634e+05	-2.999092e+02	1.000000e-05	1.000000e+05	5.972650e-01	4.476645e-01	4.606732e-01
7	7_1263647	1263647	0	G	T	0.100	-2.130786e+05	3.961634e+05	-2.999092e+02	1.000000e-05	1.000000e+05	5.972650e-01	4.476645e-01	4.606732e-01
7	7_1266484	1266484	1	T	A	0.474	3.129080e+05	2.348580e+05	-2.992984e+02	1.000000e-05	1.000000e+05	1.993753e-01	1.799414e-01	2.062207e-01
7	7_1276916	1276916	0	A	G	0.300	4.193653e+05	2.420186e+05	-2.991707e+02	1.000000e-05	1.000000e+05	1.002328e-01	1.518522e-01	1.793967e-01
7	7_1276919	1276919	0	G	A	0.250	5.115043e+05	2.490165e+05	-2.983999e+02	1.000000e-05	1.000000e+05	5.478305e-02	5.794687e-02	8.638417e-02
7	7_1341024	1341024	0	A	C	0.250	-2.409725e+05	2.707744e+05	-2.999103e+02	1.000000e-05	1.000000e+05	3.852393e-01	4.485406e-01	4.615128e-01
8	8_817562	817562	2	T	C	0.111	-9.661643e+04	4.011764e+05	-3.001897e+02	1.000000e-05	1.000000e+05	8.124066e-01	9.006755e-01	9.020778e-01
8	8_817567	817567	2	C	T	0.111	-9.661643e+04	4.011764e+05	-3.001897e+02	1.000000e-05	1.000000e+05	8.124066e-01	9.006755e-01	9.020778e-01
8	8_817674	817674	1	A	G	0.211	7.376376e+05	2.734583e+05	-2.968026e+02	1.000000e+05	1.000000e+05	1.473150e-02	9.167914e-03	2.745801e-02
8	8_818838	818838	3	G	A	0.412	2.720048e+05	2.561245e+05	-2.993488e+02	1.000000e-05	1.000000e+05	3.022763e-01	1.926487e-01	2.183048e-01
8	8_847517	847517	0	A	G	0.200	5.807631e+05	2.663880e+05	-2.973724e+02	1.000000e-05	1.000000e+05	4.276538e-02	1.745487e-02	3.961200e-02
8	8_874822	874822	1	G	A	0.158	-1.634395e+05	3.348682e+05	-2.996646e+02	1.000000e-05	1.000000e+05	6.313917e-01	3.019233e-01	3.218350e-01
8	8_874895	874895	3	T	C	0.235	6.118618e+05	2.702629e+05	-2.977730e+02	1.000000e-05	1.000000e+05	3.616628e-02	2.766396e-02	5.259332e-02
8	8_874992	874992	1	C	T	0.158	-1.490951e+05	3.352400e+05	-3.001069e+02	1.000000e-05	1.000000e+05	6.618082e-01	6.704444e-01	6.761768e-01
8	8_1252135	1252135	1	T	C	0.368	-2.446672e+05	2.576699e+05	-2.994064e+02	2.578955e-01	1.000000e+05	3.549231e-01	2.084568e-01	2.333093e-01
8	8_1326133	1326133	0	A	G	0.150	-1.644592e+05	3.332612e+05	-3.001928e+02	1.000000e-05	1.000000e+05	6.276373e-01	9.230210e-01	9.240976e-01
8	8_1326140	1326140	0	G	A	0.100	-1.361234e+05	3.980431e+05	-3.001777e+02	1.000000e-05	1.000000e+05	7.363252e-01	8.425204e-01	8.448226e-01
8	8_1383765	1383765	0	A	G	0.450	-2.731019e+05	2.320447e+05	-2.998689e+02	1.000000e-05	1.000000e+05	2.545504e-01	4.175951e-01	4.318944e-01
9	9_5213	5213	1	G	C	0.105	-9.070370e+04	3.999360e+05	-3.001972e+02	1.000000e-05	1.000000e+05	8.231384e-01	9.823138e-01	9.825578e-01
9	9_6619	6619	0	C	T	0.250	-9.933606e+04	2.756744e+05	-3.001606e+02	1.000000e-05	1.000000e+05	7.227878e-01	7.858607e-01	7.891419e-01
9	9_7470	7470	0	A	G	0.400	-4.110647e+05	2.364578e+05	-2.986454e+02	1.000000e+05	1.000000e+05	9.921128e-02	7.809642e-02	1.071820e-01
9	9_7729	7729	0	C	T	0.450	2.781487e+05	2.317111e+05	-2.998606e+02	1.000000e-05	1.000000e+05	2.455400e-01	4.117350e-01	4.262946e-01
9	9_8171	8171	1	G	A	0.421	-2.536026e+05	2.416655e+05	-2.997273e+02	1.000000e-05	1.000000e+05	3.078827e-01	3.321799e-01	3.505366e-01
9	9_10033	10033	0	C	T	0.250	-1.701758e+05	2.737438e+05	-2.996742e+02	1.000000e-05	1.000000e+05	5.419592e-01	3.063126e-01	3.259958e-01
9	9_220237	220237	1	A	G	0.105	-2.076440e+05	3.975055e+05	-3.001767e+02	1.000000e-05	1.000000e+05	6.077841e-01	8.385042e-01	8.408721e-01
9	9_220963	220963	2	C	T	0.222	-1.900276e+05	3.004287e+05	-2.999586e+02	1.000000e-05	1.000000e+05	5.349992e-01	4.894756e-01	5.008162e-01
9	9_705343	705343	1	G	A	0.263	-1.422973e+05	2.771039e+05	-3.001240e+02	1.000000e-05	1.000000e+05	6.138360e-01	7.013973e-01	7.064009e-01
9	9_705571	705571	0	C	T	0.450	-1.765726e+05	2.371843e+05	-3.001458e+02	1.000000e-05	1.000000e+05	4.662111e-01	7.477999e-01	7.518131e-01
9	9_706175	706175	1	G	A	0.368	-1.859537e+05	2.510082e+05	-2.997602e+02	1.000000e-05	1.000000e+05	4.683532e-01	3.496793e-01	3.671614e-01
9	9_1115286	1115286	0	G	A	0.450	2.716327e+05	2.321406e+05	-2.990414e+02	1.000000e-05	1.000000e+05	2.572122e-01	1.283745e-01	1.567887e-01
10	10_15220	15220	0	T	A	0.100	-1.400563e+05	3.979677e+05	-3.000723e+02	1.000000e-05	1.000000e+05	7.289782e-01	6.168772e-01	6.240162e-01
10	10_15279	15279	1	A	G	0.211	-1.860597e+05	2.982841e+05	-2.999799e+02	1.000000e-05	1.000000e+05	5.406059e-01	5.095109e-01	5.201043e-01
10	10_15288	15288	2	C	T	0.222	-1.905126e+05	3.004116e+05	-2.999118e+02	1.000000e-05	1.000000e+05	5.339460e-01	4.497600e-01	4.626816e-01
10	10_15302	15302	2	T	C	0.333	-2.468961e+05	2.614840e+05	-2.994601e+02	1.000000e-05	1.000000e+05	3.575644e-01	2.245842e-01	2.485950e-01
10	10_15428	15428	1	C	G	0.158	-1.957826e+05	3.369571e+05	-2.996961e+02	9.236185e-02	1.000000e+05	5.684240e-01	3.166486e-01	3.357973e-01
10	10_15438	15438	0	G	A	0.150	-1.825049e+05	3.359083e+05	-2.997255e+02	8.955646e-02	1.000000e+05	5.935765e-01	3.312910e-01	3.496926e-01
10	10_15441	15441	1	A	G	0.158	-1.957826e+05	3.369571e+05	-2.996961e+02	9.236185e-02	1.000000e+05	5.684240e-01	3.166486e-01	3.357973e-01
10	10_15449	15449	1	C	T	0.105	-1.724533e+05	4.068465e+05	-2.998260e+02	1.375554e-01	1.000000e+05	6.766770e-01	3.887211e-01	4.043298e-01
10	10_15455	15455	0	C	T	0.100	-1.570315e+05	4.049340e+05	-2.998507e+02	1.157601e-01	1.000000e+05	7.027153e-01	4.049692e-01	4.198327e-01
10	10_15458	15458	0	G	A	0.100	-1.570315e+05	4.049340e+05	-2.998507e+02	1.157601e-01	1.000000e+05	7.027153e-01	4.049692e-01	4.198327e-01
10	10_15461	15461	0	T	C	0.100	-1.570315e+05	4.049340e+05	-2.998507e+02	1.157601e-01	1.000000e+05	7.027153e-01	4.049692e-01	4.198327e-01
10	10_15463	15463	0	A	T	0.100	-1.570315e+05	4.049340e+05	-2.998507e+02	1.157601e-01	1.000000e+05	7.027153e-01	4.049692e-01	4.198327e-01
10	10_15473	15473	0	C	T	0.100	-1.570315e+05	4.049340e+05	-2.998507e+02	1.157601e-01	1.000000e+05	7.027153e-01	4.049692e-01	4.198327e-01
10	10_17879	17879	0	T	C	0.300	4.180572e+05	2.454406e+05	-2.982315e+02	3.468632e-01	1.000000e+05	1.057170e-01	4.737728e-02	7.506660e-02
10	10_17897	17897	0	A	G	0.350	3.571132e+05	2.366456e+05	-2.990486e+02	1.000000e-05	1.000000e+05	1.486359e-01	1.295672e-01	1.579429e-01
10	10_18092	18092	0	A	G	0.450	-1.982505e+05	2.362304e+05	-2.995150e+02	1.000000e-05	1.000000e+05	4.123505e-01	2.426794e-01	2.657312e-01
10	10_18647	18647	2	C	T	0.111	-1.551779e+05	4.001539e+05	-3.001197e+02	1.000000e-05	1.000000e+05	7.027150e-01	6.932669e-01	6.984564e-01
10	10_18785	18785	1	G	A	0.105	-1.254096e+05	3.994145e+05	-3.001972e+02	1.000000e-05	1.000000e+05	7.571433e-01	9.823051e-01	9.825492e-01
10	10_18869	18869	0	G	A	0.200	-1.154047e+05	2.982627e+05	-3.001118e+02	1.000000e-05	1.000000e+05	7.033496e-01	6.789348e-01	6.844615e-01
10	10_18908	18908	0	G	A	0.350	-2.237627e+05	2.455697e+05	-3.001279e+02	1.000000e-05	1.000000e+05	3.742329e-01	7.091787e-01	7.140081e-01
10	10_18915	18915	0	T	C	0.350	-2.237627e+05	2.455697e+05	-3.001279e+02	1.000000e-05	1.000000e+05	3.742329e-01	7.091787e-01	7.140081e-01
10	10_18933	18933	0	A	G	0.350	-2.259159e+05	2.454603e+05	-3.000124e+02	1.000000e-05	1.000000e+05	3.695471e-01	5.429825e-01	5.524016e-01
10	10_18941	18941	2	T	C	0.389	-2.724753e+05	2.509506e+05	-2.999126e+02	1.000000e-05	1.000000e+05	2.919073e-01	4.503634e-01	4.632599e-01
10	10_18943	18943	1	G	A	0.421	-2.719473e+05	2.405544e+05	-2.998805e+02	1.000000e-05	1.000000e+05	2.731039e-01	4.259095e-01	4.398443e-01
10	10_18988	18988	4	A	G	0.188	-1.083434e+05	3.422112e+05	-3.000740e+02	1.000000e-05	1.000000e+05	7.551909e-01	6.192075e-01	6.262812e-01
10	10_18992	18992	0	A	G	0.150	-5.120607e+04	3.352905e+05	-3.001732e+02	1.000000e-05	1.000000e+05	8.803168e-01	8.255717e-01	8.281546e-01
10	10_18997	18997	2	G	A	0.167	-7.430725e+04	3.383931e+05	-3.001447e+02	1.000000e-05	1.000000e+05	8.286626e-01	7.452606e-01	7.493251e-01
10	10_19002	19002	0	T	C	0.150	-5.521097e+04	3.352554e+05	-3.001964e+02	1.000000e-05	1.000000e+05	8.710286e-01	9.626106e-01	9.631278e-01
10	10_19004	19004	0	G	A	0.150	-5.521097e+04	3.352554e+05	-3.001964e+02	1.000000e-05	1.000000e+05	8.710286e-01	9.626106e-01	9.631278e-01
10	10_19015	19015	0	A	G	0.150	-5.521097e+04	3.352554e+05	-3.001964e+02	1.000000e-05	1.000000e+05	8.710286e-01	9.626106e-01	9.631278e-01
10	10_19031	19031	0	G	A	0.100	-4.420180e+04	3.991983e+05	-3.001773e+02	1.000000e-05	1.000000e+05	9.130586e-01	8.407522e-01	8.430833e-01
10	10_19067	19067	1	A	T	0.105	-9.484927e+04	3.998826e+05	-3.001853e+02	1.000000e-05	1.000000e+05	8.151858e-01	8.757961e-01	8.775728e-01
10	10_318276	318276	0	G	A	0.250	-1.527147e+05	2.743153e+05	-3.000861e+02	1.000000e-05	1.000000e+05	5.845801e-01	6.368931e-01	6.434839e-01
10	10_387430	387430	1	G	A	0.105	-2.434980e+05	4.131914e+05	-2.998298e+02	2.604580e-01	1.000000e+05	5.629772e-01	3.911899e-01	4.066840e-01
10	10_583208	583208	1	A	G	0.474	-2.933890e+05	2.362534e+05	-2.990659e+02	1.000000e-05	1.000000e+05	2.302338e-01	1.324810e-01	1.607598e-01
10	10_584652	584652	0	G	T	0.450	-1.940454e+05	2.367325e+05	-2.997471e+02	2.033553e-02	1.000000e+05	4.231187e-01	3.426009e-01	3.604343e-01
10	10_724149	724149	0	G	A	0.150	-1.202600e+05	3.343083e+05	-3.001838e+02	1.000000e-05	1.000000e+05	7.232366e-01	8.688172e-01	8.707016e-01
10	10_724150	724150	0	A	G	0.150	-1.202600e+05	3.343083e+05	-3.001838e+02	1.000000e-05	1.000000e+05	7.232366e-01	8.688172e-01	8.707016e-01
11	11_9749	9749	0	A	G	0.100	-7.702606e+04	3.989214e+05	-3.001337e+02	1.000000e-05	1.000000e+05	8.490538e-01	7.209927e-01	7.255639e-01
11	11_10019	10019	3	G	C	0.353	-2.563430e+05	2.651119e+05	-2.994754e+02	1.000000e-05	1.000000e+05	3.463951e-01	2.294719e-01	2.532247e-01
11	11_10896	10896	0	C	G	0.100	1.132678e+06	2.989548e+05	-2.941546e+02	3.611837e-01	1.000000e+05	1.344553e-03	5.080690e-04	7.491119e-03
11	11_10931	10931	0	T	A	0.150	7.396678e+05	2.866540e+05	-2.971195e+02	1.000000e-05	1.000000e+05	1.886188e-02	1.309688e-02	3.349917e-02
11	11_10934	10934	0	G	T	0.200	5.361634e+05	2.716092e+05	-2.983522e+02	2.631242e-02	1.000000e+05	6.392808e-02	5.472233e-02	8.296877e-02
11	11_104630	104630	0	A	G	0.250	5.560630e+05	2.413849e+05	-2.976138e+02	1.000000e+05	1.000000e+05	3.338149e-02	2.301441e-02	4.685611e-02
11	11_104688	104688	1	G	A	0.211	-1.259198e+05	3.000263e+05	-3.001694e+02	1.000000e-05	1.000000e+05	6.796743e-01	8.128392e-01	8.156395e-01
11	11_384025	384025	0	T	C	0.200	-1.531184e+05	2.973181e+05	-3.001616e+02	1.000000e-05	1.000000e+05	6.128204e-01	7.888019e-01	7.920292e-01
11	11_547884	547884	0	C	T	0.100	-2.284366e+05	4.088135e+05	-2.998618e+02	2.035520e-01	1.000000e+05	5.831977e-01	4.125551e-01	4.270780e-01
11	11_804706	804706	1	A	G	0.316	-2.492845e+05	2.543450e+05	-2.990708e+02	2.867581e-01	1.000000e+05	3.400254e-01	1.333299e-01	1.615798e-01
11	11_804710	804710	3	C	T	0.294	-2.591563e+05	2.779200e+05	-2.991537e+02	4.876237e-02	1.000000e+05	3.634259e-01	1.485132e-01	1.761941e-01
11	11_804742	804742	2	G	A	0.389	3.648306e+05	2.443484e+05	-2.987370e+02	1.000000e-05	1.000000e+05	1.527388e-01	8.743389e-02	1.165841e-01
11	11_804763	804763	2	C	T	0.167	-1.607293e+05	3.367218e+05	-2.999738e+02	1.000000e-05	1.000000e+05	6.388677e-01	5.035909e-01	5.144016e-01
11	11_966513	966513	1	T	A	0.158	-1.697527e+05	3.346938e+05	-2.997522e+02	1.000000e-05	1.000000e+05	6.181802e-01	3.453278e-01	3.630255e-01
11	11_966516	966516	0	C	T	0.150	-1.621555e+05	3.333238e+05	-2.996835e+02	1.000000e-05	1.000000e+05	6.324969e-01	3.106421e-01	3.301007e-01
11	11_966519	966519	0	C	T	0.150	-1.621555e+05	3.333238e+05	-2.996835e+02	1.000000e-05	1.000000e+05	6.324969e-01	3.106421e-01	3.301007e-01
11	11_966569	966569	1	C	G	0.105	-1.297349e+05	3.993380e+05	-3.001437e+02	1.000000e-05	1.000000e+05	7.490212e-01	7.428845e-01	7.469972e-01
11	11_966644	966644	3	C	A	0.176	-1.628595e+05	3.386887e+05	-3.001754e+02	1.000000e-05	1.000000e+05	6.364137e-01	8.335475e-01	8.359971e-01
11	11_966669	966669	1	C	T	0.316	-1.641228e+05	2.615798e+05	-2.999500e+02	1.000000e-05	1.000000e+05	5.382565e-01	4.817047e-01	4.933442e-01
11	11_966684	966684	2	T	C	0.444	-1.989202e+05	2.497724e+05	-3.000411e+02	1.000000e-05	1.000000e+05	4.361748e-01	5.759498e-01	5.843002e-01
11	11_966699	966699	1	T	C	0.263	-1.670525e+05	2.763351e+05	-2.999588e+02	1.000000e-05	1.000000e+05	5.530368e-01	4.896193e-01	5.009544e-01
11	11_966700	966700	2	G	A	0.278	-2.319138e+03	2.819367e+05	-3.001970e+02	1.000000e-05	1.000000e+05	9.935274e-01	9.759840e-01	9.763156e-01
11	11_966735	966735	0	A	C	0.200	-1.635084e+05	2.970109e+05	-2.999626e+02	1.000000e-05	1.000000e+05	5.887353e-01	4.931194e-01	5.043216e-01
11	11_966738	966738	1	T	A	0.211	-1.446171e+05	2.995578e+05	-3.001282e+02	1.000000e-05	1.000000e+05	6.350793e-01	7.097952e-01	7.146109e-01
11	11_966756	966756	0	A	G	0.150	-1.905554e+05	3.324881e+05	-2.999810e+02	1.000000e-05	1.000000e+05	5.736547e-01	5.105802e-01	5.211346e-01
11	11_966757	966757	0	T	C	0.150	-1.905554e+05	3.324881e+05	-2.999810e+02	1.000000e-05	1.000000e+05	5.736547e-01	5.105802e-01	5.211346e-01
11	11_966771	966771	0	T	C	0.200	-1.402596e+05	2.976707e+05	-3.001358e+02	1.000000e-05	1.000000e+05	6.431651e-01	7.254434e-01	7.299193e-01
11	11_1478119	1478119	0	A	G	0.300	-1.524170e+05	2.589455e+05	-3.001140e+02	1.000000e-05	1.000000e+05	5.634392e-01	6.828869e-01	6.883194e-01
12	12_11092	11092	0	G	A	0.450	2.934944e+05	2.306579e+05	-2.996677e+02	1.000000e-05	1.000000e+05	2.194149e-01	3.033105e-01	3.231499e-01
12	12_11094	11094	0	A	G	0.400	-2.149882e+05	2.392340e+05	-3.001207e+02	1.000000e-05	1.000000e+05	3.807024e-01	6.952657e-01	7.004092e-01
12	12_11122	11122	0	G	C	0.350	3.153259e+05	2.399217e+05	-2.995821e+02	1.000000e-05	1.000000e+05	2.052523e-01	2.672483e-01	2.889905e-01
12	12_11170	11170	0	C	T	0.450	2.720025e+05	2.321169e+05	-2.999211e+02	1.000000e-05	1.000000e+05	2.565414e-01	4.572316e-01	4.698455e-01
12	12_11223	11223	0	G	C	0.250	-1.947087e+05	2.728342e+05	-3.001956e+02	1.000000e-05	1.000000e+05	4.845939e-01	9.514796e-01	9.521524e-01
12	12_11400	11400	0	A	C	0.400	-1.739605e+05	2.410797e+05	-3.001937e+02	1.000000e-05	1.000000e+05	4.798164e-01	9.308839e-01	9.318478e-01
12	12_11406	11406	0	A	G	0.400	-1.739605e+05	2.410797e+05	-3.001937e+02	1.000000e-05	1.000000e+05	4.798164e-01	9.308839e-01	9.318478e-01
12	12_11407	11407	0	C	A	0.400	-1.739605e+05	2.410797e+05	-3.001937e+02	1.000000e-05	1.000000e+05	4.798164e-01	9.308839e-01	9.318478e-01
12	12_11410	11410	0	C	T	0.400	-1.739605e+05	2.410797e+05	-3.001937e+02	1.000000e-05	1.000000e+05	4.798164e-01	9.308839e-01	9.318478e-01
12	12_11413	11413	1	T	G	0.421	-1.956865e+05	2.446382e+05	-3.001855e+02	1.000000e-05	1.000000e+05	4.341981e-01	8.770964e-01	8.788532e-01
12	12_13936	13936	0	C	T	0.150	-6.179163e+04	3.351916e+05	-3.001947e+02	1.000000e-05	1.000000e+05	8.558021e-01	9.409707e-01	9.417914e-01
12	12_13979	13979	2	T	C	0.167	-8.694295e+04	3.382261e+05	-3.001863e+02	1.000000e-05	1.000000e+05	8.000511e-01	8.811596e-01	8.828544e-01
12	12_14009	14009	0	C	T	0.250	-1.376803e+05	2.747571e+05	-3.001013e+02	1.000000e-05	1.000000e+05	6.223747e-01	6.610381e-01	6.670038e-01
12	12_14035	14035	1	C	T	0.368	-1.376268e+05	2.527330e+05	-3.000958e+02	1.000000e-05	1.000000e+05	5.927432e-01	6.520187e-01	6.582134e-01
12	12_14096	14096	1	C	T	0.421	-2.124505e+05	2.438595e+05	-2.995926e+02	1.000000e-05	1.000000e+05	3.951160e-01	2.713898e-01	2.929116e-01
12	12_14104	14104	2	C	T	0.389	-1.951810e+05	2.549202e+05	-2.999732e+02	1.000000e-05	1.000000e+05	4.538050e-01	5.030638e-01	5.138940e-01
12	12_14114	14114	0	T	C	0.300	-1.540933e+05	2.588903e+05	-3.001049e+02	1.000000e-05	1.000000e+05	5.591146e-01	6.669568e-01	6.727751e-01
12	12_14125	14125	1	A	G	0.263	-1.368246e+05	2.772570e+05	-3.001723e+02	1.000000e-05	1.000000e+05	6.276309e-01	8.226476e-01	8.252799e-01
12	12_14197	14197	0	G	A	0.200	-1.188901e+05	2.981869e+05	-3.001788e+02	1.000000e-05	1.000000e+05	6.947970e-01	8.466617e-01	8.488968e-01
12	12_14202	14202	0	A	G	0.200	-1.188901e+05	2.981869e+05	-3.001788e+02	1.000000e-05	1.000000e+05	6.947970e-01	8.466617e-01	8.488968e-01
12	12_14301	14301	2	G	A	0.500	-2.263780e+05	2.468605e+05	-2.999779e+02	1.000000e-05	1.000000e+05	3.712520e-01	5.075199e-01	5.181860e-01
12	12_14318	14318	0	A	G	0.300	-1.385351e+05	2.593783e+05	-3.001872e+02	1.000000e-05	1.000000e+05	5.998043e-01	8.860203e-01	8.876415e-01
12	12_14741	14741	1	C	G	0.474	2.744102e+05	2.375172e+05	-2.995769e+02	1.000000e-05	1.000000e+05	2.630630e-01	2.652672e-01	2.871149e-01
12	12_14783	14783	2	A	G	0.222	6.285040e+05	2.651754e+05	-2.983662e+02	1.000000e-05	1.000000e+05	2.915654e-02	5.564648e-02	8.395067e-02
12	12_15014	15014	2	A	G	0.389	-2.439856e+05	2.525738e+05	-2.997566e+02	1.000000e-05	1.000000e+05	3.468460e-01	3.477425e-01	3.653203e-01
12	12_19728	19728	0	A	G	0.100	-9.351069e+04	3.987255e+05	-3.001577e+02	1.000000e-05	1.000000e+05	8.172252e-01	7.780032e-01	7.814301e-01
12	12_19741	19741	0	C	T	0.250	4.805426e+05	2.524194e+05	-2.982151e+02	1.000000e-05	1.000000e+05	7.305669e-02	4.646516e-02	7.407175e-02
12	12_356356	356356	0	A	G	0.100	-1.175882e+05	3.983712e+05	-3.001100e+02	1.000000e-05	1.000000e+05	7.712398e-01	6.758153e-01	6.814171e-01
12	12_356358	356358	0	A	G	0.100	-1.175882e+05	3.983712e+05	-3.001100e+02	1.000000e-05	1.000000e+05	7.712398e-01	6.758153e-01	6.814171e-01
12	12_356374	356374	0	G	A	0.100	-1.175882e+05	3.983712e+05	-3.001100e+02	1.000000e-05	1.000000e+05	7.712398e-01	6.758153e-01	6.814171e-01
12	12_502808	502808	2	A	G	0.444	2.849130e+05	2.451015e+05	-2.989616e+02	1.000000e-05	1.000000e+05	2.602425e-01	1.159103e-01	1.446803e-01
12	12_502864	502864	2	T	C	0.444	-2.026764e+05	2.496044e+05	-2.992411e+02	1.000000e-05	1.000000e+05	4.274054e-01	1.666574e-01	1.935581e-01
12	12_502865	502865	2	G	T	0.444	-2.026764e+05	2.496044e+05	-2.992411e+02	1.000000e-05	1.000000e+05	4.274054e-01	1.666574e-01	1.935581e-01
12	12_502882	502882	2	G	A	0.389	-2.102285e+05	2.542547e+05	-2.994272e+02	1.000000e-05	1.000000e+05	4.191530e-01	2.145511e-01	2.390875e-01
12	12_502888	502888	0	G	A	0.450	-2.091727e+05	2.357065e+05	-2.994005e+02	1.000000e-05	1.000000e+05	3.865526e-01	2.067525e-01	2.316928e-01
12	12_502890	502890	3	G	A	0.412	-2.611465e+05	2.567517e+05	-2.993516e+02	1.000000e-05	1.000000e+05	3.225752e-01	1.933624e-01	2.189828e-01
12	12_502909	502909	0	C	T	0.350	-2.126190e+05	2.480595e+05	-2.997983e+02	9.396891e-02	1.000000e+05	4.026414e-01	3.716192e-01	3.880345e-01
12	12_502926	502926	2	G	C	0.444	-3.406765e+05	2.536042e+05	-2.989742e+02	2.590639e+00	1.000000e+05	1.958545e-01	1.177786e-01	1.465011e-01
12	12_502937	502937	3	C	T	0.353	-6.232775e+04	2.715130e+05	-3.000921e+02	1.000000e-05	1.000000e+05	8.210242e-01	6.461434e-01	6.524901e-01
12	12_502942	502942	1	T	C	0.421	2.665561e+05	2.408895e+05	-2.997657e+02	1.000000e-05	1.000000e+05	2.830585e-01	3.527642e-01	3.700942e-01
12	12_502956	502956	2	A	G	0.333	-7.367551e+04	2.673181e+05	-3.000344e+02	1.000000e-05	1.000000e+05	7.859869e-01	5.679954e-01	5.765959e-01
12	12_503049	503049	1	C	G	0.158	-1.823436e+05	3.343254e+05	-3.001634e+02	1.000000e-05	1.000000e+05	5.921685e-01	7.940345e-01	7.971669e-01
12	12_503112	503112	3	G	A	0.235	-1.688220e+05	3.037388e+05	-3.001541e+02	1.000000e-05	1.000000e+05	5.851817e-01	7.684660e-01	7.720735e-01
12	12_503171	503171	3	G	A	0.235	-2.142046e+05	3.021449e+05	-3.001974e+02	1.000000e-05	1.000000e+05	4.874392e-01	9.919876e-01	9.920981e-01
12	12_503254	503254	0	C	G	0.350	-1.251176e+05	2.494322e+05	-2.995793e+02	1.000000e-05	1.000000e+05	6.220217e-01	2.661971e-01	2.879952e-01
12	12_503293	503293	1	A	C	0.421	2.739254e+05	2.404297e+05	-3.000025e+02	1.000000e-05	1.000000e+05	2.695069e-01	5.323712e-01	5.421527e-01
12	12_503311	503311	1	A	C	0.474	2.979131e+05	2.359388e+05	-2.999139e+02	1.000000e-05	1.000000e+05	2.228208e-01	4.513974e-01	4.642512e-01
12	12_503313	503313	2	T	A	0.500	-2.959515e+05	2.427369e+05	-3.000154e+02	1.000000e-05	1.000000e+05	2.384946e-01	5.462308e-01	5.555408e-01
12	12_503321	503321	3	C	T	0.471	-2.303405e+04	2.602775e+05	-3.000709e+02	1.000000e-05	1.000000e+05	9.304580e-01	6.148289e-01	6.220257e-01
12	12_503327	503327	2	A	C	0.389	-9.783236e+02	2.590381e+05	-3.001156e+02	1.000000e-05	1.000000e+05	9.970281e-01	6.857204e-01	6.910859e-01
12	12_503356	503356	1	A	C	0.316	1.970752e+04	2.643844e+05	-3.001477e+02	1.000000e-05	1.000000e+05	9.414020e-01	7.524978e-01	7.564169e-01
12	12_503357	503357	1	T	G	0.316	1.970752e+04	2.643844e+05	-3.001477e+02	1.000000e-05	1.000000e+05	9.414020e-01	7.524978e-01	7.564169e-01
12	12_503364	503364	1	T	C	0.316	1.970752e+04	2.643844e+05	-3.001477e+02	1.000000e-05	1.000000e+05	9.414020e-01	7.524978e-01	7.564169e-01
12	12_503366	503366	1	C	T	0.316	1.970752e+04	2.643844e+05	-3.001477e+02	1.000000e-05	1.000000e+05	9.414020e-01	7.524978e-01	7.564169e-01
12	12_503401	503401	1	A	G	0.421	5.622579e+04	2.485948e+05	-3.001471e+02	1.000000e-05	1.000000e+05	8.236141e-01	7.510340e-01	7.549823e-01
12	12_503416	503416	0	G	A	0.200	-1.057163e+05	2.984628e+05	-2.999624e+02	1.000000e-05	1.000000e+05	7.273026e-01	4.928868e-01	5.040978e-01
12	12_503422	503422	0	T	G	0.150	-1.086537e+05	3.345294e+05	-3.000789e+02	1.000000e-05	1.000000e+05	7.490801e-01	6.262769e-01	6.331550e-01
12	12_503453	503453	0	T	C	0.100	-6.681026e+04	3.990238e+05	-3.001975e+02	1.000000e-05	1.000000e+05	8.688951e-01	9.952694e-01	9.953346e-01
12	12_537923	537923	0	G	A	0.400	2.110643e+05	2.394273e+05	-2.998723e+02	1.000000e-05	1.000000e+05	3.896467e-01	4.199925e-01	4.341861e-01
13	13_11108	11108	0	C	T	0.150	8.118769e+05	2.755836e+05	-2.967743e+02	1.000000e-05	1.000000e+05	8.640714e-03	8.882797e-03	2.699142e-02
13	13_11118	11118	0	T	C	0.250	4.476824e+05	2.557539e+05	-2.989089e+02	1.000000e-05	1.000000e+05	9.706750e-02	1.084132e-01	1.373499e-01
13	13_11130	11130	1	A	G	0.263	3.818362e+05	2.642185e+05	-2.991259e+02	1.000000e-05	1.000000e+05	1.655998e-01	1.432099e-01	1.710996e-01
13	13_52884	52884	0	A	G	0.100	-2.081783e+05	3.963078e+05	-3.000689e+02	1.000000e-05	1.000000e+05	6.057893e-01	6.120927e-01	6.193670e-01
13	13_128625	128625	4	A	G	0.375	3.619963e+05	2.631813e+05	-2.995513e+02	1.000000e-05	1.000000e+05	1.858650e-01	2.556167e-01	2.779789e-01
13	13_128715	128715	3	G	A	0.353	3.490425e+05	2.591653e+05	-2.994957e+02	1.000000e-05	1.000000e+05	1.947600e-01	2.361442e-01	2.595435e-01
13	13_128729	128729	3	G	A	0.294	4.051885e+05	2.687145e+05	-2.989836e+02	1.000000e-05	1.000000e+05	1.489371e-01	1.192058e-01	1.478905e-01
13	13_162462	162462	0	A	G	0.200	-1.395584e+05	2.979953e+05	-2.996276e+02	2.225219e-02	1.000000e+05	6.451739e-01	2.856955e-01	3.064591e-01
13	13_219021	219021	1	C	T	0.158	-5.380417e+04	3.368383e+05	-3.001731e+02	1.000000e-05	1.000000e+05	8.748702e-01	8.254367e-01	8.280219e-01
13	13_219311	219311	0	A	T	0.150	-1.220138e+05	3.342734e+05	-3.001759e+02	1.000000e-05	1.000000e+05	7.193559e-01	8.355640e-01	8.379803e-01
13	13_219312	219312	0	A	G	0.150	-1.220138e+05	3.342734e+05	-3.001759e+02	1.000000e-05	1.000000e+05	7.193559e-01	8.355640e-01	8.379803e-01
13	13_655915	655915	0	A	G	0.400	-1.088937e+05	2.431906e+05	-3.000745e+02	1.000000e-05	1.000000e+05	6.596609e-01	6.199060e-01	6.269603e-01
13	13_742766	742766	3	G	A	0.176	-2.358968e+05	3.362921e+05	-3.001376e+02	1.000000e-05	1.000000e+05	4.919841e-01	7.293038e-01	7.336980e-01
13	13_742771	742771	0	C	A	0.200	-2.170164e+05	2.951006e+05	-3.001161e+02	1.000000e-05	1.000000e+05	4.715714e-01	6.865773e-01	6.919227e-01
14	14_155590	155590	0	T	C	0.200	5.061310e+05	2.747164e+05	-2.989262e+02	1.000000e-05	1.000000e+05	8.195558e-02	1.108167e-01	1.397043e-01
14	14_342562	342562	0	G	T	0.450	2.790880e+05	2.316489e+05	-3.000998e+02	1.000000e-05	1.000000e+05	2.438870e-01	6.585374e-01	6.645660e-01
14	14_383626	383626	0	G	A	0.100	-2.284366e+05	4.088135e+05	-2.998618e+02	2.035520e-01	1.000000e+05	5.831977e-01	4.125551e-01	4.270780e-01
14	14_852745	852745	0	G	T	0.100	-2.284366e+05	4.088135e+05	-2.998618e+02	2.035520e-01	1.000000e+05	5.831977e-01	4.125551e-01	4.270780e-01
14	14_908850	908850	0	G	A	0.450	-2.017410e+05	2.360662e+05	-2.993835e+02	1.000000e-05	1.000000e+05	4.040066e-01	2.019821e-01	2.271668e-01
14	14_908994	908994	1	C	T	0.105	-8.463581e+04	4.000099e+05	-3.001973e+02	1.000000e-05	1.000000e+05	8.348085e-01	9.841088e-01	9.843280e-01
14	14_909011	909011	1	T	C	0.105	-8.463581e+04	4.000099e+05	-3.001973e+02	1.000000e-05	1.000000e+05	8.348085e-01	9.841088e-01	9.843280e-01
14	14_909450	909450	0	G	T	0.250	-1.908660e+05	2.729846e+05	-2.999348e+02	1.000000e-05	1.000000e+05	4.933747e-01	4.685615e-01	4.807180e-01
14	14_909472	909472	0	G	T	0.300	-2.076601e+05	2.568031e+05	-3.000655e+02	1.000000e-05	1.000000e+05	4.292838e-01	6.074408e-01	6.148482e-01
14	14_909504	909504	1	T	G	0.316	-2.258638e+05	2.590107e+05	-3.000261e+02	1.000000e-05	1.000000e+05	3.946781e-01	5.582253e-01	5.671396e-01
14	14_909638	909638	0	C	T	0.350	3.613568e+05	2.362878e+05	-2.996650e+02	1.000000e-05	1.000000e+05	1.435718e-01	3.021095e-01	3.220115e-01
14	14_909661	909661	1	G	A	0.316	3.732144e+05	2.493638e+05	-2.993560e+02	1.000000e-05	1.000000e+05	1.518093e-01	1.945250e-01	2.200871e-01
14	14_909704	909704	0	G	A	0.400	3.329088e+05	2.316104e+05	-2.995821e+02	1.000000e-05	1.000000e+05	1.677712e-01	2.672653e-01	2.890066e-01
14	14_910040	910040	1	A	G	0.368	3.443495e+05	2.527382e+05	-2.988744e+02	8.515539e-01	1.000000e+05	1.898538e-01	1.037988e-01	1.328173e-01
14	14_910103	910103	0	A	G	0.400	-1.997948e+05	2.399643e+05	-3.000025e+02	1.000000e-05	1.000000e+05	4.159800e-01	5.323029e-01	5.420868e-01
14	14_910152	910152	1	A	G	0.316	-1.761457e+05	2.611456e+05	-3.001593e+02	1.000000e-05	1.000000e+05	5.085574e-01	7.824478e-01	7.857919e-01
14	14_910181	910181	1	G	A	0.368	-1.978834e+05	2.505014e+05	-3.001689e+02	1.000000e-05	1.000000e+05	4.398408e-01	8.110386e-01	8.138700e-01
14	14_910258	910258	1	T	G	0.474	4.880754e+05	2.600142e+05	-2.984097e+02	1.000000e+05	1.000000e+05	7.680829e-02	5.863736e-02	8.711178e-02
14	14_910323	910323	0	T	C	0.400	2.659758e+05	2.363690e+05	-2.999281e+02	1.000000e-05	1.000000e+05	2.752612e-01	4.629414e-01	4.753235e-01
14	14_910328	910328	0	G	A	0.450	2.236936e+05	2.349646e+05	-3.000226e+02	1.000000e-05	1.000000e+05	3.536913e-01	5.542601e-01	5.633040e-01
14	14_910510	910510	1	A	G	0.368	-2.602883e+05	2.473100e+05	-2.992660e+02	1.000000e-05	1.000000e+05	3.065050e-01	1.722912e-01	1.989328e-01
14	14_910555	910555	2	C	T	0.333	-2.561208e+05	2.609908e+05	-2.993834e+02	1.000000e-05	1.000000e+05	3.394321e-01	2.019518e-01	2.271381e-01
14	14_910742	910742	0	A	G	0.400	2.952854e+05	2.344277e+05	-2.994864e+02	1.000000e-05	1.000000e+05	2.239017e-01	2.330484e-01	2.566119e-01
14	14_910822	910822	0	G	A	0.250	4.287660e+05	2.575486e+05	-2.984581e+02	1.000000e-05	1.000000e+05	1.132630e-01	6.216143e-02	9.080621e-02
14	14_910834	910834	1	T	A	0.158	7.637313e+05	2.849845e+05	-2.974500e+02	1.000000e-05	1.000000e+05	1.528987e-02	1.907098e-02	4.177081e-02
14	14_910926	910926	3	G	A	0.412	3.242806e+05	2.527213e+05	-2.995599e+02	1.000000e-05	1.000000e+05	2.157135e-01	2.588158e-01	2.810073e-01
14	14_910939	910939	3	A	C	0.471	2.811256e+05	2.517600e+05	-3.000006e+02	1.000000e-05	1.000000e+05	2.788323e-01	5.303720e-01	5.402228e-01
14	14_910964	910964	1	A	G	0.474	2.773571e+05	2.373269e+05	-2.992157e+02	1.000000e-05	1.000000e+05	2.577817e-01	1.611436e-01	1.882910e-01
14	14_910966	910966	0	T	C	0.500	-2.444069e+05	2.325722e+05	-2.993741e+02	1.000000e-05	1.000000e+05	3.072158e-01	1.993954e-01	2.247118e-01
14	14_910979	910979	2	A	G	0.389	-2.135565e+05	2.541005e+05	-2.999518e+02	1.000000e-05	1.000000e+05	4.116864e-01	4.833594e-01	4.949348e-01
14	14_911099	911099	2	A	G	0.444	-2.269482e+05	2.484413e+05	-2.995335e+02	1.000000e-05	1.000000e+05	3.730600e-01	2.491739e-01	2.718797e-01
14	14_911129	911129	2	T	C	0.389	-2.022942e+05	2.546121e+05	-3.000470e+02	1.000000e-05	1.000000e+05	4.372441e-01	5.832887e-01	5.914127e-01
14	14_911206	911206	1	G	A	0.316	-4.806880e+04	2.641819e+05	-3.000974e+02	1.000000e-05	1.000000e+05	8.576527e-01	6.545936e-01	6.607223e-01
14	14_911262	911262	2	A	C	0.111	-2.802159e+04	4.017682e+05	-3.001117e+02	1.000000e-05	1.000000e+05	9.451651e-01	6.787368e-01	6.842682e-01
14	14_911292	911292	1	A	G	0.158	-2.231496e+05	3.329483e+05	-2.998564e+02	1.000000e-05	1.000000e+05	5.112236e-01	4.088836e-01	4.235708e-01
14	14_911297	911297	3	A	C	0.176	-8.034116e+04	3.403311e+05	-3.001715e+02	1.000000e-05	1.000000e+05	8.160455e-01	8.198159e-01	8.224963e-01
14	14_911308	911308	1	C	T	0.105	-6.342082e+04	4.002280e+05	-3.001861e+02	1.000000e-05	1.000000e+05	8.758573e-01	8.801227e-01	8.818333e-01
14	14_911314	911314	0	A	G	0.100	-1.909715e+05	3.967893e+05	-3.000740e+02	1.000000e-05	1.000000e+05	6.361078e-01	6.192480e-01	6.263206e-01
14	14_911321	911321	0	G	A	0.150	-1.729341e+05	3.330229e+05	-3.001944e+02	1.000000e-05	1.000000e+05	6.098880e-01	9.379822e-01	9.388452e-01
14	14_911352	911352	2	G	A	0.500	2.191609e+04	2.525082e+05	-3.001663e+02	1.000000e-05	1.000000e+05	9.317938e-01	8.027877e-01	8.057638e-01
14	14_911375	911375	1	G	A	0.211	-1.455055e+05	2.995338e+05	-3.001969e+02	1.000000e-05	1.000000e+05	6.329886e-01	9.727854e-01	9.731613e-01
14	14_911385	911385	1	G	A	0.263	-4.771905e+03	2.791241e+05	-3.000342e+02	1.000000e-05	1.000000e+05	9.865481e-01	5.677329e-01	5.763417e-01
14	14_911414	911414	1	G	A	0.158	-1.863886e+05	3.342020e+05	-3.001897e+02	1.000000e-05	1.000000e+05	5.839110e-01	9.010213e-01	9.024185e-01
14	14_924025	924025	0	C	T	0.350	-1.728092e+05	2.478452e+05	-3.001345e+02	1.000000e-05	1.000000e+05	4.945566e-01	7.226244e-01	7.271605e-01
14	14_924047	924047	1	A	C	0.263	-2.117125e+05	2.882132e+05	-2.997863e+02	2.981630e-01	1.000000e+05	4.720640e-01	3.644744e-01	3.812333e-01
14	14_924049	924049	1	A	T	0.263	-2.117125e+05	2.882132e+05	-2.997863e+02	2.981630e-01	1.000000e+05	4.720640e-01	3.644744e-01	3.812333e-01
14	14_924050	924050	1	G	C	0.263	-2.117125e+05	2.882132e+05	-2.997863e+02	2.981630e-01	1.000000e+05	4.720640e-01	3.644744e-01	3.812333e-01
14	14_924059	924059	0	T	C	0.200	-1.534103e+05	2.973101e+05	-3.001335e+02	1.000000e-05	1.000000e+05	6.121388e-01	7.206175e-01	7.251967e-01
14	14_924128	924128	0	G	A	0.100	-8.543922e+04	3.988262e+05	-3.001939e+02	1.000000e-05	1.000000e+05	8.327784e-01	9.324308e-01	9.333727e-01
14	14_924776	924776	0	A	G	0.100	-8.543922e+04	3.988262e+05	-3.001939e+02	1.000000e-05	1.000000e+05	8.327784e-01	9.324308e-01	9.333727e-01
14	14_924866	924866	0	G	A	0.400	-2.639665e+05	2.364941e+05	-2.996011e+02	1.000000e-05	1.000000e+05	2.790306e-01	2.747974e-01	2.961381e-01
