chr	rs	ps	n_miss	allele1	allele0	af	beta	se	logl_H1	l_remle	l_mle	p_wald	p_lrt	p_score
1	1_44747	44747	0	C	G	0.188	2.139587e+01	8.247051e+00	-6.795635e+01	1.000000e+05	1.000000e+05	2.120854e-02	1.220417e-02	3.885045e-02
1	1_44753	44753	1	G	A	0.200	2.122479e+01	8.411956e+00	-6.809820e+01	1.000000e+05	1.000000e+05	2.435088e-02	1.432817e-02	4.211948e-02
1	1_44785	44785	1	G	A	0.133	-6.039522e+00	1.141047e+01	-7.102926e+01	1.000000e-05	1.000000e+05	6.048915e-01	7.131584e-01	7.192216e-01
1	1_47564	47564	0	G	A	0.438	-6.803249e+00	7.426702e+00	-7.076802e+01	1.000000e-05	1.000000e+05	3.751493e-01	4.174012e-01	4.355771e-01
1	1_47575	47575	0	G	A	0.500	-7.923723e+00	7.284489e+00	-7.064794e+01	1.000000e-05	1.000000e+05	2.950767e-01	3.433815e-01	3.659511e-01
1	1_47671	47671	1	G	A	0.467	-8.308560e+00	7.531811e+00	-7.077696e+01	1.000000e-05	1.000000e+05	2.885727e-01	4.238084e-01	4.416293e-01
1	1_47684	47684	2	C	G	0.500	-9.332952e+00	7.716731e+00	-7.052995e+01	1.000000e-05	1.000000e+05	2.465206e-01	2.869751e-01	3.131992e-01
1	1_47686	47686	2	A	G	0.500	-9.332952e+00	7.716731e+00	-7.052995e+01	1.000000e-05	1.000000e+05	2.465206e-01	2.869751e-01	3.131992e-01
1	1_309593	309593	0	A	G	0.438	-6.182315e+00	7.465373e+00	-7.090524e+01	1.000000e-05	1.000000e+05	4.214892e-01	5.359099e-01	5.482146e-01
1	1_477160	477160	0	A	C	0.062	-5.234280e+00	1.560714e+01	-7.090736e+01	1.000000e-05	1.000000e+05	7.423132e-01	5.381710e-01	5.503778e-01
1	1_678413	678413	0	C	T	0.125	-8.871792e+00	1.160303e+01	-7.054869e+01	1.660965e+00	1.000000e+05	4.571991e-01	2.950844e-01	3.207710e-01
1	1_971811	971811	1	G	T	0.067	-5.608136e+00	1.563295e+01	-7.097953e+01	1.000000e-05	1.000000e+05	7.251432e-01	6.281360e-01	6.368509e-01
1	1_975012	975012	0	C	T	0.125	-2.972319e+00	1.144151e+01	-7.105832e+01	1.000000e-05	1.000000e+05	7.988120e-01	7.813740e-01	7.856811e-01
1	1_975152	975152	1	T	C	0.333	-8.314142e+00	7.801784e+00	-7.022837e+01	1.225856e+00	1.000000e+05	3.046063e-01	1.875306e-01	2.203433e-01
1	1_975212	975212	0	C	T	0.375	-9.399696e+00	8.161554e+00	-7.023610e+01	3.982167e+00	1.000000e+05	2.687318e-01	1.895064e-01	2.221950e-01
1	1_975397	975397	2	T	C	0.357	1.476252e+01	7.449218e+00	-6.890886e+01	6.191150e-01	1.000000e+05	6.749272e-02	3.644982e-02	7.063506e-02
1	1_975445	975445	2	T	C	0.214	2.123732e+01	8.282877e+00	-6.788567e+01	6.097576e-01	1.000000e+05	2.249773e-02	1.126949e-02	3.735289e-02
1	1_975457	975457	1	A	G	0.333	1.278714e+01	7.574871e+00	-6.977402e+01	1.000000e-05	1.000000e+05	1.135329e-01	1.038356e-01	1.407076e-01
1	1_975510	975510	1	T	C	0.133	-4.919800e+00	1.144880e+01	-7.084610e+01	1.000000e-05	1.000000e+05	6.739382e-01	4.788606e-01	4.938083e-01
1	1_1231132	1231132	0	A	G	0.125	-2.396043e+00	1.145117e+01	-7.107258e+01	1.000000e-05	1.000000e+05	8.372749e-01	8.257159e-01	8.290219e-01
1	1_1231136	1231136	0	G	C	0.125	-2.396043e+00	1.145117e+01	-7.107258e+01	1.000000e-05	1.000000e+05	8.372749e-01	8.257159e-01	8.290219e-01
1	1_1231137	1231137	0	G	A	0.125	-2.396043e+00	1.145117e+01	-7.107258e+01	1.000000e-05	1.000000e+05	8.372749e-01	8.257159e-01	8.290219e-01
1	1_1581524	1581524	1	A	G	0.133	-3.074751e+00	1.149473e+01	-7.098546e+01	1.000000e-05	1.000000e+05	7.929906e-01	6.369677e-01	6.453798e-01
2	2_270700	270700	2	T	C	0.357	-9.347579e+00	8.327337e+00	-7.024587e+01	1.856541e+00	1.000000e+05	2.805254e-01	1.920384e-01	2.245671e-01
2	2_270855	270855	0	G	A	0.438	9.114511e+00	7.669986e+00	-7.054811e+01	2.974867e-01	1.000000e+05	2.544699e-01	2.948313e-01	3.205347e-01
2	2_270969	270969	1	T	G	0.467	8.853999e+00	7.487302e+00	-7.048768e+01	1.000000e-05	1.000000e+05	2.566882e-01	2.696949e-01	2.970730e-01
2	2_270970	270970	1	T	A	0.467	8.853999e+00	7.487302e+00	-7.048768e+01	1.000000e-05	1.000000e+05	2.566882e-01	2.696949e-01	2.970730e-01
2	2_270971	270971	1	C	A	0.467	8.853999e+00	7.487302e+00	-7.048768e+01	1.000000e-05	1.000000e+05	2.566882e-01	2.696949e-01	2.970730e-01
2	2_270994	270994	0	A	G	0.500	7.609447e+00	7.308395e+00	-7.071673e+01	1.000000e-05	1.000000e+05	3.154339e-01	3.832676e-01	4.034045e-01
2	2_294465	294465	1	G	A	0.133	-5.881658e+00	1.145931e+01	-7.091557e+01	7.129491e-02	1.000000e+05	6.157699e-01	5.471161e-01	5.589407e-01
2	2_697983	697983	0	G	A	0.125	-3.289284e+00	1.176070e+01	-7.109655e+01	1.554469e-01	1.000000e+05	7.838094e-01	9.812531e-01	9.815849e-01
2	2_983795	983795	0	C	G	0.125	-3.289284e+00	1.176070e+01	-7.109655e+01	1.554469e-01	1.000000e+05	7.838094e-01	9.812531e-01	9.815849e-01
2	2_1225303	1225303	0	G	A	0.125	-3.289284e+00	1.176070e+01	-7.109655e+01	1.554469e-01	1.000000e+05	7.838094e-01	9.812531e-01	9.815849e-01
3	3_10892	10892	0	C	G	0.062	5.825706e+01	1.766197e+00	-3.674201e+01	1.000000e-05	1.000000e+05	1.125248e-14	1.140817e-16	1.388693e-03
3	3_207299	207299	1	A	G	0.133	-4.194451e+00	1.146941e+01	-7.109618e+01	1.000000e-05	1.000000e+05	7.200498e-01	9.712840e-01	9.717928e-01
3	3_750294	750294	0	T	G	0.312	1.123070e+01	7.612905e+00	-7.032656e+01	1.000000e-05	1.000000e+05	1.622867e-01	2.145390e-01	2.456100e-01
3	3_860957	860957	0	A	T	0.500	8.119088e+00	7.269104e+00	-7.098720e+01	1.000000e-05	1.000000e+05	2.828265e-01	6.396010e-01	6.479242e-01
3	3_862065	862065	0	G	A	0.250	1.511343e+01	7.680167e+00	-6.892597e+01	2.270916e+00	1.000000e+05	6.921811e-02	3.718964e-02	7.149297e-02
3	3_862068	862068	0	G	A	0.250	1.511343e+01	7.680167e+00	-6.892597e+01	2.270916e+00	1.000000e+05	6.921811e-02	3.718964e-02	7.149297e-02
3	3_862069	862069	1	A	G	0.267	1.430064e+01	7.928259e+00	-6.923130e+01	7.392359e-01	1.000000e+05	9.282438e-02	5.340946e-02	8.952315e-02
3	3_1071924	1071924	0	G	A	0.312	-3.860783e+00	8.117935e+00	-7.109579e+01	1.000000e-05	1.000000e+05	6.417040e-01	9.636474e-01	9.642923e-01
3	3_1071929	1071929	0	C	T	0.312	-3.860783e+00	8.117935e+00	-7.109579e+01	1.000000e-05	1.000000e+05	6.417040e-01	9.636474e-01	9.642923e-01
3	3_1234218	1234218	0	G	A	0.312	-4.186990e+00	8.112669e+00	-7.091885e+01	5.918229e-02	1.000000e+05	6.138355e-01	5.507569e-01	5.624283e-01
4	4_667433	667433	0	G	T	0.188	-3.850935e+00	9.724409e+00	-7.091653e+01	1.305025e-01	1.000000e+05	6.980693e-01	5.481734e-01	5.599535e-01
4	4_667446	667446	0	G	A	0.188	-3.850935e+00	9.724409e+00	-7.091653e+01	1.305025e-01	1.000000e+05	6.980693e-01	5.481734e-01	5.599535e-01
4	4_667490	667490	1	G	A	0.267	2.459781e-01	8.858374e+00	-7.107349e+01	1.000000e-05	1.000000e+05	9.782392e-01	8.289517e-01	8.321882e-01
4	4_995956	995956	2	A	G	0.214	-4.137693e+00	9.820126e+00	-7.069500e+01	1.000000e-05	1.000000e+05	6.798982e-01	3.700010e-01	3.909309e-01
4	4_1076446	1076446	0	G	A	0.375	-6.077678e+00	7.664635e+00	-7.090955e+01	1.000000e-05	1.000000e+05	4.410383e-01	5.405274e-01	5.526328e-01
4	4_1076465	1076465	0	G	A	0.438	-5.863026e+00	7.483751e+00	-7.106078e+01	1.000000e-05	1.000000e+05	4.464241e-01	7.883089e-01	7.924529e-01
5	5_7093	7093	0	G	A	0.312	-5.303338e+00	8.168712e+00	-7.094069e+01	3.218461e-01	1.000000e+05	5.267006e-01	5.762884e-01	5.869218e-01
5	5_276722	276722	0	G	A	0.125	-3.289284e+00	1.176070e+01	-7.109655e+01	1.554469e-01	1.000000e+05	7.838094e-01	9.812531e-01	9.815849e-01
5	5_475470	475470	0	T	C	0.312	1.617789e+01	6.884901e+00	-6.843720e+01	1.000000e+05	1.000000e+05	3.397877e-02	2.109105e-02	5.165222e-02
5	5_476407	476407	0	A	T	0.375	-6.103760e+00	7.663146e+00	-7.082758e+01	1.000000e-05	1.000000e+05	4.390356e-01	4.630528e-01	4.787930e-01
5	5_500266	500266	1	G	A	0.400	-5.029091e+00	7.882654e+00	-7.107159e+01	1.000000e-05	1.000000e+05	5.337742e-01	8.222215e-01	8.256029e-01
5	5_676974	676974	0	A	C	0.438	-5.991039e+00	7.476514e+00	-7.098033e+01	1.000000e-05	1.000000e+05	4.363392e-01	6.293161e-01	6.379901e-01
5	5_835130	835130	1	A	G	0.400	-5.486528e-01	7.995070e+00	-7.109347e+01	1.000000e-05	1.000000e+05	9.462595e-01	9.347194e-01	9.358856e-01
5	5_835251	835251	1	G	C	0.333	-5.855967e+00	8.161414e+00	-7.087098e+01	1.000000e-05	1.000000e+05	4.848551e-01	5.015294e-01	5.153865e-01
5	5_835261	835261	0	A	G	0.312	-5.202674e+00	8.064245e+00	-7.089719e+01	1.000000e-05	1.000000e+05	5.292594e-01	5.274615e-01	5.401364e-01
5	5_836479	836479	0	G	A	0.312	-2.808294e+00	8.148744e+00	-7.104647e+01	1.000000e-05	1.000000e+05	7.354955e-01	7.509769e-01	7.560309e-01
5	5_836568	836568	0	A	G	0.438	9.295756e+00	7.231160e+00	-7.007328e+01	1.000000e-05	1.000000e+05	2.194710e-01	1.524962e-01	1.873673e-01
5	5_836697	836697	0	A	G	0.500	-8.186194e+00	7.263878e+00	-7.030018e+01	1.951405e-02	1.000000e+05	2.787001e-01	2.068549e-01	2.384299e-01
5	5_836899	836899	1	G	A	0.067	-5.608090e+00	1.563296e+01	-7.109317e+01	1.000000e-05	1.000000e+05	7.251455e-01	9.318446e-01	9.330633e-01
5	5_1210544	1210544	0	G	A	0.125	-3.289284e+00	1.176070e+01	-7.109655e+01	1.554469e-01	1.000000e+05	7.838094e-01	9.812531e-01	9.815849e-01
5	5_1245074	1245074	0	A	G	0.250	-4.831749e+00	9.110315e+00	-7.101184e+01	3.034914e-01	1.000000e+05	6.041732e-01	6.801286e-01	6.871547e-01
5	5_1770892	1770892	0	G	A	0.438	-7.846705e+00	7.352822e+00	-7.073674e+01	1.000000e-05	1.000000e+05	3.039530e-01	3.960894e-01	4.154760e-01
5	5_1773044	1773044	0	G	A	0.125	-5.608132e+00	1.137070e+01	-7.091808e+01	1.000000e-05	1.000000e+05	6.295110e-01	5.499031e-01	5.616104e-01
5	5_1773047	1773047	0	G	A	0.250	1.450420e+01	7.855229e+00	-7.001715e+01	1.000000e-05	1.000000e+05	8.607451e-02	1.417044e-01	1.771325e-01
6	6_191358	191358	0	C	T	0.062	-3.140284e-01	1.566948e+01	-7.095780e+01	1.000000e-05	1.000000e+05	9.842937e-01	5.979805e-01	6.077811e-01
6	6_220264	220264	1	G	A	0.533	-1.084543e+01	7.694437e+00	-6.983399e+01	9.293697e-01	1.000000e+05	1.805085e-01	1.120061e-01	1.486544e-01
6	6_220267	220267	1	G	A	0.533	-1.084543e+01	7.694437e+00	-6.983399e+01	9.293697e-01	1.000000e+05	1.805085e-01	1.120061e-01	1.486544e-01
6	6_221273	221273	2	A	G	0.429	9.186153e+00	7.817433e+00	-7.065310e+01	1.000000e-05	1.000000e+05	2.595596e-01	3.461691e-01	3.685641e-01
6	6_221275	221275	1	A	G	0.467	7.635105e+00	7.582551e+00	-7.075485e+01	1.000000e-05	1.000000e+05	3.310553e-01	4.082290e-01	4.269203e-01
6	6_221282	221282	0	C	A	0.500	-6.471810e+00	7.386246e+00	-7.090559e+01	1.000000e-05	1.000000e+05	3.957082e-01	5.362860e-01	5.485743e-01
6	6_739933	739933	0	G	T	0.375	-6.352411e+00	7.648701e+00	-7.080933e+01	1.000000e-05	1.000000e+05	4.201822e-01	4.482829e-01	4.647872e-01
6	6_988043	988043	0	T	C	0.250	-7.220219e+00	8.838688e+00	-7.059606e+01	5.367978e-01	1.000000e+05	4.276751e-01	3.169373e-01	3.411937e-01
6	6_988098	988098	0	A	G	0.312	1.029768e+01	7.792531e+00	-7.012293e+01	1.333803e-01	1.000000e+05	2.075310e-01	1.628256e-01	1.971238e-01
6	6_988261	988261	2	A	G	0.143	5.278956e-01	1.158705e+01	-7.103624e+01	1.000000e-05	1.000000e+05	9.643051e-01	7.277585e-01	7.334208e-01
6	6_988405	988405	1	T	C	0.267	-5.979283e+00	8.713287e+00	-7.076231e+01	1.000000e-05	1.000000e+05	5.037779e-01	4.133884e-01	4.317887e-01
6	6_988465	988465	0	T	C	0.500	-8.320391e+00	7.418458e+00	-7.057751e+01	1.831371e-01	1.000000e+05	2.809106e-01	3.081373e-01	3.329662e-01
6	6_988478	988478	1	G	A	0.467	-3.775494e-02	7.852317e+00	-7.101023e+01	1.000000e-05	1.000000e+05	9.962315e-01	6.772876e-01	6.844004e-01
6	6_988549	988549	1	A	G	0.267	-4.535361e+00	8.775304e+00	-7.109106e+01	1.000000e-05	1.000000e+05	6.133407e-01	9.144401e-01	9.159797e-01
6	6_988553	988553	1	T	G	0.267	-4.826100e+00	8.764221e+00	-7.107232e+01	1.000000e-05	1.000000e+05	5.905465e-01	8.247727e-01	8.280990e-01
6	6_988631	988631	0	G	A	0.188	-4.555225e+00	9.641383e+00	-7.088313e+01	1.000000e-05	1.000000e+05	6.438748e-01	5.132668e-01	5.265802e-01
6	6_988733	988733	1	A	G	0.600	8.132701e+00	7.641816e+00	-7.041537e+01	3.957971e-01	1.000000e+05	3.052335e-01	2.430327e-01	2.722030e-01
6	6_988843	988843	3	A	G	0.462	1.238058e+01	7.457242e+00	-6.949758e+01	6.396449e+00	1.000000e+05	1.190955e-01	7.370598e-02	1.107188e-01
6	6_988922	988922	3	A	G	0.385	1.151496e+01	8.080650e+00	-6.987864e+01	3.361589e-02	1.000000e+05	1.760670e-01	1.185501e-01	1.549787e-01
6	6_988930	988930	1	G	A	0.267	1.529441e+01	7.749480e+00	-6.893374e+01	1.029125e+00	1.000000e+05	6.849947e-02	3.753039e-02	7.188682e-02
6	6_988960	988960	1	T	G	0.267	1.433161e+01	7.987738e+00	-6.948889e+01	1.000000e-05	1.000000e+05	9.439836e-02	7.292717e-02	1.099244e-01
6	6_989188	989188	0	T	C	0.312	1.017820e+01	7.717882e+00	-7.014700e+01	1.000000e-05	1.000000e+05	2.084085e-01	1.681164e-01	2.021087e-01
6	6_989334	989334	2	G	C	0.357	-5.019957e+00	8.355587e+00	-7.108404e+01	1.000000e-05	1.000000e+05	5.575816e-01	8.729243e-01	8.752585e-01
6	6_989453	989453	2	G	A	0.286	-5.973339e+00	8.832848e+00	-7.089337e+01	1.000000e-05	1.000000e+05	5.098915e-01	5.235421e-01	5.363913e-01
6	6_989490	989490	0	T	C	0.312	1.074281e+01	7.663029e+00	-7.035384e+01	1.000000e-05	1.000000e+05	1.827256e-01	2.228411e-01	2.533624e-01
6	6_989528	989528	0	T	C	0.562	7.034499e+00	7.411303e+00	-7.096018e+01	1.000000e-05	1.000000e+05	3.586382e-01	6.011293e-01	6.108128e-01
6	6_989732	989732	2	T	C	0.286	1.473209e+00	8.967310e+00	-7.099066e+01	1.000000e-05	1.000000e+05	8.718538e-01	6.449493e-01	6.530936e-01
6	6_989861	989861	2	A	G	0.500	9.610211e+00	7.692380e+00	-7.073119e+01	1.000000e-05	1.000000e+05	2.320342e-01	3.924693e-01	4.120661e-01
6	6_989960	989960	0	A	G	0.500	7.609894e+00	7.279513e+00	-7.027560e+01	1.554614e-01	1.000000e+05	3.135598e-01	1.999889e-01	2.320092e-01
6	6_990258	990258	0	G	T	0.375	9.651355e+00	7.803195e+00	-6.999406e+01	1.576380e+00	1.000000e+05	2.364908e-01	1.375153e-01	1.731460e-01
6	6_990671	990671	4	A	G	0.333	-6.642530e+00	9.119818e+00	-7.099020e+01	1.000000e-05	1.000000e+05	4.783989e-01	6.442290e-01	6.523972e-01
6	6_990699	990699	2	A	G	0.286	-4.884875e+00	8.880514e+00	-7.104857e+01	1.000000e-05	1.000000e+05	5.909421e-01	7.560583e-01	7.609836e-01
6	6_990701	990701	1	G	A	0.267	-3.404742e+00	8.883774e+00	-7.103936e+01	4.743898e-02	1.000000e+05	7.072881e-01	7.345937e-01	7.400734e-01
6	6_990771	990771	2	T	C	0.286	-5.010617e+00	9.826715e+00	-7.095156e+01	5.694982e-01	1.000000e+05	6.180667e-01	5.898782e-01	5.999847e-01
6	6_990777	990777	0	A	G	0.312	-4.605729e+00	8.760268e+00	-7.103648e+01	3.830719e-01	1.000000e+05	6.072885e-01	7.282909e-01	7.339389e-01
6	6_990851	990851	1	T	C	0.267	-4.317095e+00	9.994296e+00	-7.099802e+01	7.209001e-01	1.000000e+05	6.723520e-01	6.566563e-01	6.644173e-01
6	6_990862	990862	0	G	T	0.250	-3.747611e+00	9.786539e+00	-7.099686e+01	6.882822e-01	1.000000e+05	7.075191e-01	6.547697e-01	6.625917e-01
6	6_990885	990885	2	A	G	0.143	-4.389483e+00	1.152839e+01	-7.109626e+01	1.000000e-05	1.000000e+05	7.091007e-01	9.730289e-01	9.735067e-01
6	6_990992	990992	1	T	C	0.267	-4.870090e+00	8.762496e+00	-7.109683e+01	1.000000e-05	1.000000e+05	5.871287e-01	9.985685e-01	9.985938e-01
6	6_991027	991027	0	T	C	0.188	-2.747348e+00	1.014639e+01	-7.109107e+01	2.214775e-01	1.000000e+05	7.905183e-01	9.145103e-01	9.160486e-01
6	6_1031241	1031241	1	G	A	0.267	-5.363225e+00	9.051873e+00	-7.099837e+01	2.150688e-01	1.000000e+05	5.629647e-01	6.572243e-01	6.649670e-01
6	6_1160524	1160524	0	A	G	0.312	-4.160505e+00	8.107348e+00	-7.109673e+01	1.000000e-05	1.000000e+05	6.158295e-01	9.886013e-01	9.888030e-01
6	6_1160528	1160528	0	A	G	0.312	-4.160505e+00	8.107348e+00	-7.109673e+01	1.000000e-05	1.000000e+05	6.158295e-01	9.886013e-01	9.888030e-01
6	6_1160532	1160532	0	A	G	0.312	-4.160505e+00	8.107348e+00	-7.109673e+01	1.000000e-05	1.000000e+05	6.158295e-01	9.886013e-01	9.888030e-01
7	7_11056	11056	1	A	C	0.467	8.621690e+00	7.526381e+00	-7.012431e+01	5.402297e-01	1.000000e+05	2.711949e-01	1.631237e-01	1.974048e-01
7	7_14006	14006	1	A	G	0.200	-5.639572e+00	9.676895e+00	-7.103802e+01	1.000000e-05	1.000000e+05	5.693051e-01	7.316257e-01	7.371843e-01
7	7_36839	36839	0	G	A	0.188	1.917645e+01	8.256608e+00	-6.966014e+01	1.000000e-05	1.000000e+05	3.578456e-02	9.005530e-02	1.271484e-01
7	7_49744	49744	0	G	A	0.062	-6.977883e+00	1.571430e+01	-7.079747e+01	4.321880e-01	1.000000e+05	6.637952e-01	4.390719e-01	4.560644e-01
7	7_164473	164473	2	G	A	0.357	-5.104972e+00	8.351905e+00	-7.101691e+01	1.000000e-05	1.000000e+05	5.508407e-01	6.893132e-01	6.960635e-01
7	7_164511	164511	0	C	T	0.438	-6.548635e+00	7.454756e+00	-7.062142e+01	1.482004e-02	1.000000e+05	3.945261e-01	3.295131e-01	3.529608e-01
7	7_164589	164589	0	C	T	0.375	-4.982035e+00	7.720897e+00	-7.091226e+01	1.000000e-05	1.000000e+05	5.291883e-01	5.434807e-01	5.554597e-01
7	7_164636	164636	1	A	G	0.400	1.009673e+01	7.527356e+00	-7.057772e+01	1.000000e-05	1.000000e+05	2.011658e-01	3.082387e-01	3.330610e-01
7	7_164887	164887	0	G	A	0.312	-5.080515e+00	8.069797e+00	-7.065198e+01	1.000000e-05	1.000000e+05	5.391140e-01	3.455599e-01	3.679931e-01
7	7_164926	164926	2	G	A	0.214	-4.849167e+00	9.796850e+00	-7.090594e+01	1.000000e-05	1.000000e+05	6.282974e-01	5.366564e-01	5.489287e-01
7	7_165027	165027	1	T	C	0.200	-4.295231e+00	9.726058e+00	-7.096283e+01	1.000000e-05	1.000000e+05	6.655081e-01	6.046843e-01	6.142365e-01
7	7_165292	165292	0	C	A	0.625	-1.075994e+01	7.288017e+00	-7.028570e+01	1.000000e-05	1.000000e+05	1.619769e-01	2.027784e-01	2.346184e-01
7	7_165637	165637	0	G	A	0.562	5.756391e+00	7.489655e+00	-7.075539e+01	1.000000e-05	1.000000e+05	4.549138e-01	4.085981e-01	4.272685e-01
7	7_165657	165657	2	A	G	0.357	-1.052101e+01	7.910007e+00	-7.004598e+01	1.040093e+01	1.000000e+05	2.047521e-01	1.471356e-01	1.822893e-01
7	7_165680	165680	0	T	C	0.375	-6.009370e+00	7.652473e+00	-7.045599e+01	4.448907e-02	1.000000e+05	4.453735e-01	2.575861e-01	2.857776e-01
7	7_165704	165704	1	A	G	0.533	6.762884e+00	7.641468e+00	-7.062213e+01	1.000000e-05	1.000000e+05	3.910909e-01	3.298709e-01	3.532957e-01
7	7_165798	165798	2	C	T	0.286	-4.443161e+00	8.951802e+00	-7.092212e+01	6.277315e-02	1.000000e+05	6.273545e-01	5.544476e-01	5.659650e-01
7	7_165854	165854	2	C	T	0.357	-7.641255e+00	8.310130e+00	-7.038265e+01	1.139952e+00	1.000000e+05	3.734004e-01	2.320328e-01	2.619409e-01
7	7_165873	165873	0	A	G	0.312	-1.081283e+01	7.897186e+00	-7.009147e+01	1.000000e+05	1.000000e+05	1.925025e-01	1.561912e-01	1.908614e-01
7	7_165955	165955	1	T	C	0.467	6.934132e+00	8.313584e+00	-7.059522e+01	8.003024e-01	1.000000e+05	4.182448e-01	3.165360e-01	3.408185e-01
7	7_166056	166056	1	A	C	0.467	-2.206843e+00	8.619455e+00	-7.104987e+01	6.870636e-01	1.000000e+05	8.016510e-01	7.592499e-01	7.640952e-01
7	7_166309	166309	1	G	A	0.467	8.430962e+00	7.522088e+00	-7.054157e+01	1.000000e-05	1.000000e+05	2.812200e-01	2.919705e-01	3.178632e-01
7	7_166838	166838	0	T	A	0.188	-4.622751e+00	9.639085e+00	-7.108657e+01	1.000000e-05	1.000000e+05	6.389288e-01	8.861095e-01	8.881861e-01
7	7_166992	166992	0	A	G	0.312	-5.165119e+00	8.065972e+00	-7.106630e+01	1.000000e-05	1.000000e+05	5.322806e-01	8.048394e-01	8.086046e-01
7	7_167034	167034	2	T	C	0.286	-5.357035e+00	8.986197e+00	-7.087299e+01	2.663336e-01	1.000000e+05	5.605972e-01	5.034428e-01	5.172103e-01
7	7_167035	167035	1	C	A	0.333	-5.867368e+00	8.350244e+00	-7.084469e+01	3.486057e-01	1.000000e+05	4.937876e-01	4.776284e-01	4.926369e-01
7	7_167135	167135	2	A	G	0.500	-9.266976e+00	7.722112e+00	-7.002629e+01	8.701401e-02	1.000000e+05	2.500312e-01	1.434013e-01	1.787450e-01
7	7_167192	167192	0	C	T	0.438	-7.353804e+00	7.389120e+00	-7.032293e+01	1.000000e-05	1.000000e+05	3.365201e-01	2.134626e-01	2.446045e-01
7	7_167224	167224	1	T	A	0.333	-6.830469e+00	8.092845e+00	-7.036701e+01	2.306695e-02	1.000000e+05	4.128520e-01	2.269891e-01	2.572341e-01
7	7_167292	167292	2	A	G	0.429	8.554919e+00	7.868427e+00	-7.063434e+01	1.000000e-05	1.000000e+05	2.952927e-01	3.361705e-01	3.591947e-01
7	7_167370	167370	1	A	G	0.400	-5.887867e+00	7.829624e+00	-7.060017e+01	1.803590e-01	1.000000e+05	4.645078e-01	3.189344e-01	3.430616e-01
7	7_167655	167655	2	G	A	0.429	-1.005656e+01	8.175004e+00	-7.006976e+01	1.872718e+00	1.000000e+05	2.389081e-01	1.517943e-01	1.867030e-01
7	7_167687	167687	1	A	C	0.200	-6.255034e+00	9.649835e+00	-7.096807e+01	1.000000e-05	1.000000e+05	5.273438e-01	6.118312e-01	6.211230e-01
7	7_453828	453828	1	T	C	0.200	-5.639566e+00	9.676893e+00	-7.102515e+01	1.000000e-05	1.000000e+05	5.693054e-01	7.049696e-01	7.112641e-01
7	7_479542	479542	0	A	G	0.125	-3.780635e+00	1.142446e+01	-7.109110e+01	1.000000e-05	1.000000e+05	7.456023e-01	9.147491e-01	9.162830e-01
7	7_672119	672119	0	G	A	0.312	-4.150173e+00	8.107716e+00	-7.066915e+01	1.000000e-05	1.000000e+05	6.167142e-01	3.550425e-01	3.768862e-01
7	7_752860	752860	2	A	T	0.286	1.662044e+01	7.953899e+00	-6.892510e+01	1.000000e+05	1.000000e+05	5.538825e-02	3.715133e-02	7.144864e-02
7	7_752861	752861	0	A	T	0.188	-4.622746e+00	9.639085e+00	-7.109649e+01	1.000000e-05	1.000000e+05	6.389292e-01	9.791808e-01	9.795494e-01
7	7_908360	908360	1	C	A	0.133	-4.919803e+00	1.144879e+01	-7.070428e+01	1.000000e-05	1.000000e+05	6.739380e-01	3.755894e-01	3.961832e-01
7	7_1196178	1196178	0	C	T	0.625	1.108966e+01	7.907011e+00	-6.993350e+01	6.713769e+00	1.000000e+05	1.825475e-01	1.271756e-01	1.632681e-01
7	7_1205599	1205599	2	G	T	0.286	1.332703e+01	8.239013e+00	-7.018826e+01	1.000000e-05	1.000000e+05	1.280609e-01	1.776554e-01	2.110781e-01
7	7_1205600	1205600	1	G	A	0.267	1.346828e+01	8.094341e+00	-7.017438e+01	1.000000e-05	1.000000e+05	1.183434e-01	1.743788e-01	2.079995e-01
7	7_1205735	1205735	2	T	A	0.214	-4.866782e+00	9.796227e+00	-7.108122e+01	1.000000e-05	1.000000e+05	6.270389e-01	8.597658e-01	8.623625e-01
7	7_1263585	1263585	0	T	C	0.375	-6.275715e+00	8.168896e+00	-7.070471e+01	5.044627e-01	1.000000e+05	4.551057e-01	3.758471e-01	3.964255e-01
7	7_1263610	1263610	0	G	A	0.438	-6.746702e+00	7.442628e+00	-7.074223e+01	1.330629e-02	1.000000e+05	3.800118e-01	3.997103e-01	4.188880e-01
7	7_1263646	1263646	0	G	A	0.125	-5.608126e+00	1.137069e+01	-7.093588e+01	1.000000e-05	1.000000e+05	6.295114e-01	5.704665e-01	5.813310e-01
7	7_1263647	1263647	0	G	T	0.125	-5.608126e+00	1.137069e+01	-7.093588e+01	1.000000e-05	1.000000e+05	6.295114e-01	5.704665e-01	5.813310e-01
7	7_1266484	1266484	1	T	A	0.400	9.354565e+00	7.595536e+00	-7.073626e+01	1.000000e-05	1.000000e+05	2.383906e-01	3.957741e-01	4.151790e-01
7	7_1276916	1276916	0	A	G	0.188	-3.826534e+00	9.663981e+00	-7.078158e+01	1.000000e-05	1.000000e+05	6.981045e-01	4.271728e-01	4.448090e-01
7	7_1276919	1276919	0	G	A	0.125	-7.490589e+00	1.103869e+01	-7.053284e+01	1.225679e+00	1.000000e+05	5.084690e-01	2.882093e-01	3.143514e-01
7	7_1341024	1341024	0	A	C	0.312	-6.292526e+00	8.354655e+00	-7.085587e+01	3.799557e-01	1.000000e+05	4.638224e-01	4.875578e-01	5.020807e-01
8	8_817562	817562	2	T	C	0.071	-5.872748e+00	1.566644e+01	-7.109476e+01	1.000000e-05	1.000000e+05	7.133808e-01	9.486782e-01	9.495915e-01
8	8_817567	817567	2	C	T	0.071	-5.872748e+00	1.566644e+01	-7.109476e+01	1.000000e-05	1.000000e+05	7.133808e-01	9.486782e-01	9.495915e-01
8	8_817674	817674	1	A	G	0.133	-6.039510e+00	1.141047e+01	-7.109255e+01	1.000000e-05	1.000000e+05	6.048923e-01	9.263089e-01	9.276290e-01
8	8_818838	818838	3	G	A	0.385	1.129548e+01	8.105519e+00	-6.972575e+01	1.000000e-05	1.000000e+05	1.851816e-01	9.773275e-02	1.347295e-01
8	8_847517	847517	0	A	G	0.188	1.937855e+01	8.280098e+00	-6.826762e+01	9.834392e-02	1.000000e+05	3.459182e-02	1.737189e-02	4.654732e-02
8	8_874822	874822	1	G	A	0.133	-4.639593e+00	1.145716e+01	-7.097724e+01	1.000000e-05	1.000000e+05	6.916330e-01	6.248095e-01	6.336402e-01
8	8_874895	874895	2	T	C	0.143	-9.055480e+00	1.094562e+01	-7.043751e+01	1.947829e+00	1.000000e+05	4.219366e-01	2.508381e-01	2.794835e-01
8	8_874992	874992	0	C	T	0.125	-5.608144e+00	1.137069e+01	-7.085658e+01	1.000000e-05	1.000000e+05	6.295102e-01	4.882000e-01	5.026919e-01
8	8_1252135	1252135	1	T	C	0.400	-7.012000e+00	8.048120e+00	-7.086842e+01	2.025498e-01	1.000000e+05	3.983072e-01	4.991122e-01	5.130830e-01
8	8_1326133	1326133	0	A	G	0.188	-4.727490e+00	9.635461e+00	-7.106515e+01	1.000000e-05	1.000000e+05	6.312856e-01	8.012712e-01	8.051170e-01
8	8_1326140	1326140	0	G	A	0.125	-3.780635e+00	1.142446e+01	-7.108509e+01	1.000000e-05	1.000000e+05	7.456023e-01	8.782253e-01	8.804553e-01
8	8_1383765	1383765	0	A	G	0.438	-7.892295e+00	7.461703e+00	-7.057747e+01	2.986193e-01	1.000000e+05	3.080989e-01	3.081192e-01	3.329492e-01
9	9_5213	5213	1	G	C	0.067	-6.659393e-01	1.570364e+01	-7.097584e+01	1.000000e-05	1.000000e+05	9.667734e-01	6.227823e-01	6.316840e-01
9	9_6619	6619	0	C	T	0.250	1.604178e+01	7.638711e+00	-6.865571e+01	1.000000e-05	1.000000e+05	5.432670e-02	2.713449e-02	5.944152e-02
9	9_7470	7470	0	A	G	0.375	1.042467e+01	7.322744e+00	-7.084239e+01	1.000000e-05	1.000000e+05	1.764655e-01	4.756293e-01	4.907369e-01
9	9_7729	7729	0	C	T	0.375	-5.448127e+00	7.698358e+00	-7.068855e+01	1.000000e-05	1.000000e+05	4.907462e-01	3.661916e-01	3.873523e-01
9	9_8171	8171	1	G	A	0.533	6.932082e+00	7.630651e+00	-7.076711e+01	1.000000e-05	1.000000e+05	3.790124e-01	4.167589e-01	4.349706e-01
9	9_10033	10033	0	C	T	0.250	-5.820238e+00	8.620414e+00	-7.071765e+01	1.000000e-05	1.000000e+05	5.105662e-01	3.838413e-01	4.039443e-01
9	9_220237	220237	1	A	G	0.133	-1.460836e+00	1.151745e+01	-7.108672e+01	1.000000e-05	1.000000e+05	9.008733e-01	8.869568e-01	8.890171e-01
9	9_220963	220963	0	C	T	0.188	-6.039526e+00	9.582951e+00	-7.082647e+01	1.000000e-05	1.000000e+05	5.386914e-01	4.621365e-01	4.779234e-01
9	9_705343	705343	1	G	A	0.200	-6.780376e+00	9.784632e+00	-7.081127e+01	3.681929e-01	1.000000e+05	4.996684e-01	4.498155e-01	4.662395e-01
9	9_705571	705571	0	C	T	0.500	7.265811e+00	7.554362e+00	-7.051525e+01	1.908838e-01	1.000000e+05	3.524672e-01	2.808124e-01	3.074469e-01
9	9_706175	706175	1	G	A	0.400	-8.245597e+00	7.884988e+00	-7.027775e+01	2.265672e+00	1.000000e+05	3.134043e-01	2.005785e-01	2.325608e-01
9	9_1115286	1115286	0	G	A	0.500	-7.124216e+00	7.343242e+00	-7.062767e+01	1.000000e-05	1.000000e+05	3.484239e-01	3.327101e-01	3.559540e-01
10	10_15220	15220	0	T	A	0.125	-5.831491e+00	1.196190e+01	-7.079456e+01	6.898125e-01	1.000000e+05	6.334454e-01	4.368538e-01	4.539652e-01
10	10_15279	15279	1	A	G	0.267	1.381602e+01	8.052371e+00	-6.992814e+01	1.000000e-05	1.000000e+05	1.082400e-01	1.263020e-01	1.624307e-01
10	10_15288	15288	1	C	T	0.267	1.444930e+01	8.089255e+00	-6.958959e+01	2.965502e-01	1.000000e+05	9.572915e-02	8.252451e-02	1.196349e-01
10	10_15302	15302	2	T	C	0.357	1.036552e+01	7.996321e+00	-7.065043e+01	1.000000e-05	1.000000e+05	2.158385e-01	3.447205e-01	3.672061e-01
10	10_15428	15428	1	C	G	0.133	-6.039510e+00	1.141047e+01	-7.099284e+01	1.000000e-05	1.000000e+05	6.048922e-01	6.483512e-01	6.563829e-01
10	10_15438	15438	0	G	A	0.125	-5.608113e+00	1.137070e+01	-7.103154e+01	1.000000e-05	1.000000e+05	6.295124e-01	7.178400e-01	7.237730e-01
10	10_15441	15441	1	A	G	0.133	-6.039510e+00	1.141047e+01	-7.099284e+01	1.000000e-05	1.000000e+05	6.048922e-01	6.483512e-01	6.563829e-01
10	10_15449	15449	1	C	T	0.067	-5.647203e+00	1.624082e+01	-7.104787e+01	2.858232e-01	1.000000e+05	7.332254e-01	7.543397e-01	7.593084e-01
10	10_15455	15455	0	C	T	0.062	-5.177317e+00	1.615551e+01	-7.106849e+01	2.530322e-01	1.000000e+05	7.533472e-01	8.118183e-01	8.154278e-01
10	10_15458	15458	0	G	A	0.062	-5.177317e+00	1.615551e+01	-7.106849e+01	2.530322e-01	1.000000e+05	7.533472e-01	8.118183e-01	8.154278e-01
10	10_15461	15461	0	T	C	0.062	-5.177317e+00	1.615551e+01	-7.106849e+01	2.530322e-01	1.000000e+05	7.533472e-01	8.118183e-01	8.154278e-01
10	10_15463	15463	0	A	T	0.062	-5.177317e+00	1.615551e+01	-7.106849e+01	2.530322e-01	1.000000e+05	7.533472e-01	8.118183e-01	8.154278e-01
10	10_15473	15473	0	C	T	0.062	-5.177317e+00	1.615551e+01	-7.106849e+01	2.530322e-01	1.000000e+05	7.533472e-01	8.118183e-01	8.154278e-01
10	10_17879	17879	0	T	C	0.250	-3.216637e+00	8.717348e+00	-7.109677e+01	1.000000e-05	1.000000e+05	7.176539e-01	9.911963e-01	9.913520e-01
10	10_17897	17897	0	A	G	0.250	-3.216637e+00	8.717348e+00	-7.109677e+01	1.000000e-05	1.000000e+05	7.176539e-01	9.911963e-01	9.913520e-01
10	10_18092	18092	0	A	G	0.438	8.224339e+00	7.452485e+00	-7.033191e+01	4.176896e-01	1.000000e+05	2.883878e-01	2.161385e-01	2.471039e-01
10	10_18647	18647	2	C	T	0.143	-6.535715e+00	1.124866e+01	-7.047813e+01	3.691517e-01	1.000000e+05	5.704619e-01	2.659742e-01	2.936020e-01
10	10_18785	18785	0	G	A	0.125	-4.499071e+00	1.140584e+01	-7.086183e+01	1.000000e-05	1.000000e+05	6.991900e-01	4.929881e-01	5.072498e-01
10	10_18869	18869	0	G	A	0.250	-8.351708e+00	8.240234e+00	-7.033490e+01	3.600858e+00	1.000000e+05	3.280049e-01	2.170358e-01	2.479419e-01
10	10_18908	18908	0	G	A	0.438	-7.361002e+00	7.388611e+00	-7.084195e+01	1.000000e-05	1.000000e+05	3.360309e-01	4.752459e-01	4.903725e-01
10	10_18915	18915	0	T	C	0.438	-7.361002e+00	7.388611e+00	-7.084195e+01	1.000000e-05	1.000000e+05	3.360309e-01	4.752459e-01	4.903725e-01
10	10_18933	18933	0	A	G	0.438	-7.296174e+00	7.393206e+00	-7.078769e+01	1.000000e-05	1.000000e+05	3.404534e-01	4.316885e-01	4.490787e-01
10	10_18941	18941	2	T	C	0.500	-8.951276e+00	7.748963e+00	-7.070355e+01	1.000000e-05	1.000000e+05	2.673615e-01	3.751424e-01	3.957631e-01
10	10_18943	18943	1	G	A	0.533	-8.018187e+00	7.554259e+00	-7.099384e+01	1.000000e-05	1.000000e+05	3.064703e-01	6.499401e-01	6.579196e-01
10	10_18988	18988	3	A	G	0.077	5.822832e+01	2.682369e+00	-4.284172e+01	1.000000e-05	1.000000e+05	3.531447e-12	5.590712e-14	1.477469e-03
10	10_18992	18992	0	A	G	0.062	5.825706e+01	1.766197e+00	-3.674201e+01	1.000000e-05	1.000000e+05	1.125248e-14	1.140817e-16	1.388693e-03
10	10_18997	18997	2	G	A	0.071	5.832793e+01	2.211402e+00	-3.955731e+01	1.000000e-05	1.000000e+05	2.456468e-13	1.985769e-15	1.420705e-03
10	10_19002	19002	0	T	C	0.125	2.951415e+01	8.325798e+00	-6.695340e+01	1.000000e-05	1.000000e+05	3.233487e-03	3.993301e-03	2.342347e-02
10	10_19004	19004	0	G	A	0.125	2.951415e+01	8.325798e+00	-6.695340e+01	1.000000e-05	1.000000e+05	3.233487e-03	3.993301e-03	2.342347e-02
10	10_19015	19015	0	A	G	0.125	2.951415e+01	8.325798e+00	-6.695340e+01	1.000000e-05	1.000000e+05	3.233487e-03	3.993301e-03	2.342347e-02
10	10_19031	19031	0	G	A	0.062	5.825706e+01	1.766197e+00	-3.674201e+01	1.000000e-05	1.000000e+05	1.125248e-14	1.140817e-16	1.388693e-03
10	10_19067	19067	1	A	T	0.133	-3.410898e-01	1.152370e+01	-7.109300e+01	1.000000e-05	1.000000e+05	9.768047e-01	9.302943e-01	9.315413e-01
10	10_318276	318276	0	G	A	0.250	-5.895854e+00	8.616745e+00	-7.084941e+01	1.000000e-05	1.000000e+05	5.049980e-01	4.817786e-01	4.965829e-01
10	10_387430	387430	1	G	A	0.133	-3.518301e+00	1.197404e+01	-7.109478e+01	2.293888e-01	1.000000e+05	7.732007e-01	9.489660e-01	9.498741e-01
10	10_583208	583208	1	A	G	0.533	-8.853984e+00	7.487289e+00	-7.030234e+01	1.000000e-05	1.000000e+05	2.566882e-01	2.074733e-01	2.390079e-01
10	10_584652	584652	0	G	T	0.438	1.118319e+01	7.274198e+00	-6.972408e+01	2.287910e+00	1.000000e+05	1.464904e-01	9.752888e-02	1.345291e-01
10	10_724149	724149	0	G	A	0.188	-4.147126e+00	9.654530e+00	-7.109439e+01	1.000000e-05	1.000000e+05	6.740587e-01	9.443288e-01	9.453206e-01
10	10_724150	724150	0	A	G	0.188	-4.147126e+00	9.654530e+00	-7.109439e+01	1.000000e-05	1.000000e+05	6.740587e-01	9.443288e-01	9.453206e-01
11	11_9749	9749	0	A	G	0.125	-5.814512e+00	1.190467e+01	-7.078920e+01	9.142247e-01	1.000000e+05	6.328120e-01	4.328177e-01	4.501467e-01
11	11_10019	10019	1	G	C	0.400	-5.631274e+00	7.853502e+00	-7.073370e+01	1.000000e-05	1.000000e+05	4.851414e-01	3.940979e-01	4.136000e-01
11	11_10896	10896	0	C	G	0.062	-5.234280e+00	1.560714e+01	-7.090736e+01	1.000000e-05	1.000000e+05	7.423132e-01	5.381710e-01	5.503778e-01
11	11_10931	10931	0	T	A	0.125	2.840506e+01	8.596930e+00	-6.738088e+01	1.000000e-05	1.000000e+05	5.219601e-03	6.407801e-03	2.868829e-02
11	11_10934	10934	0	G	T	0.188	1.838020e+01	8.384960e+00	-6.950446e+01	1.000000e-05	1.000000e+05	4.577765e-02	7.432933e-02	1.113538e-01
11	11_104630	104630	0	A	G	0.188	-6.166487e+00	9.596491e+00	-7.095958e+01	9.153771e-02	1.000000e+05	5.308816e-01	6.003365e-01	6.100493e-01
11	11_104688	104688	1	G	A	0.200	-6.347380e+00	9.690197e+00	-7.089598e+01	8.836472e-02	1.000000e+05	5.230654e-01	5.262145e-01	5.389447e-01
11	11_384025	384025	0	T	C	0.188	-4.147116e+00	9.654527e+00	-7.108280e+01	1.000000e-05	1.000000e+05	6.740594e-01	8.669901e-01	8.694419e-01
11	11_547884	547884	0	C	T	0.125	-3.289284e+00	1.176070e+01	-7.109655e+01	1.554469e-01	1.000000e+05	7.838094e-01	9.812531e-01	9.815849e-01
11	11_804706	804706	1	A	G	0.267	-6.056623e+00	8.709463e+00	-7.064763e+01	1.000000e-05	1.000000e+05	4.981814e-01	3.432100e-01	3.657904e-01
11	11_804710	804710	3	C	T	0.231	-7.196018e+00	9.800593e+00	-7.080890e+01	1.000000e-05	1.000000e+05	4.749193e-01	4.479398e-01	4.644622e-01
11	11_804742	804742	1	G	A	0.400	1.037684e+01	7.500087e+00	-7.024114e+01	1.000000e-05	1.000000e+05	1.881572e-01	1.908082e-01	2.234147e-01
11	11_804763	804763	1	C	T	0.200	-4.200693e+00	9.729010e+00	-7.104371e+01	1.000000e-05	1.000000e+05	6.724841e-01	7.444701e-01	7.496911e-01
11	11_966513	966513	1	T	A	0.133	-4.832769e+00	1.146720e+01	-7.095851e+01	3.257304e-02	1.000000e+05	6.798309e-01	5.989136e-01	6.086795e-01
11	11_966516	966516	0	C	T	0.125	-4.482092e+00	1.144873e+01	-7.095057e+01	7.650789e-02	1.000000e+05	7.013272e-01	5.886179e-01	5.987726e-01
11	11_966519	966519	0	C	T	0.125	-4.482092e+00	1.144873e+01	-7.095057e+01	7.650789e-02	1.000000e+05	7.013272e-01	5.886179e-01	5.987726e-01
11	11_966569	966569	1	C	G	0.133	-4.832769e+00	1.146720e+01	-7.095851e+01	3.257304e-02	1.000000e+05	6.798309e-01	5.989136e-01	6.086795e-01
11	11_966644	966644	2	C	A	0.214	-7.059763e-01	9.880396e+00	-7.104648e+01	1.000000e-05	1.000000e+05	9.440485e-01	7.509932e-01	7.560467e-01
11	11_966669	966669	1	C	T	0.400	9.746499e+00	7.609949e+00	-7.026554e+01	2.131434e-01	1.000000e+05	2.210903e-01	1.972571e-01	2.294530e-01
11	11_966684	966684	2	T	C	0.429	-8.698931e+00	8.149201e+00	-7.036859e+01	9.226578e-01	1.000000e+05	3.038271e-01	2.274920e-01	2.577035e-01
11	11_966699	966699	1	T	C	0.333	1.196713e+01	7.842579e+00	-6.969346e+01	7.497620e-01	1.000000e+05	1.493007e-01	9.386886e-02	1.309231e-01
11	11_966700	966700	1	G	A	0.333	1.196713e+01	7.842579e+00	-6.969346e+01	7.497620e-01	1.000000e+05	1.493007e-01	9.386886e-02	1.309231e-01
11	11_966735	966735	0	A	C	0.250	1.430602e+01	8.061499e+00	-6.941098e+01	2.240134e-01	1.000000e+05	9.770045e-02	6.632517e-02	1.031367e-01
11	11_966738	966738	1	T	A	0.267	1.366629e+01	8.256555e+00	-6.959175e+01	2.590072e-01	1.000000e+05	1.201184e-01	8.274455e-02	1.198557e-01
11	11_966756	966756	0	A	G	0.188	1.838022e+01	8.384967e+00	-6.927890e+01	1.000000e-05	1.000000e+05	4.577757e-02	5.654745e-02	9.287846e-02
11	11_966757	966757	0	T	C	0.188	1.838022e+01	8.384967e+00	-6.927890e+01	1.000000e-05	1.000000e+05	4.577757e-02	5.654745e-02	9.287846e-02
11	11_966771	966771	0	T	C	0.250	1.329823e+01	8.006228e+00	-6.968864e+01	1.000000e-05	1.000000e+05	1.189376e-01	9.330672e-02	1.303679e-01
11	11_1478119	1478119	0	A	G	0.312	1.280140e+01	7.598039e+00	-6.942463e+01	1.433206e+00	1.000000e+05	1.141733e-01	6.743395e-02	1.042836e-01
12	12_11092	11092	0	G	A	0.312	-4.563481e+00	8.822284e+00	-7.098529e+01	4.283301e-01	1.000000e+05	6.130447e-01	6.367075e-01	6.451284e-01
12	12_11094	11094	0	A	G	0.500	7.124223e+00	7.343253e+00	-7.069553e+01	1.000000e-05	1.000000e+05	3.484242e-01	3.703168e-01	3.912276e-01
12	12_11122	11122	0	G	C	0.312	-5.568392e+00	8.046793e+00	-7.087484e+01	1.000000e-05	1.000000e+05	5.002531e-01	5.052097e-01	5.188948e-01
12	12_11170	11170	0	C	T	0.375	-5.834849e+00	7.678110e+00	-7.091512e+01	1.000000e-05	1.000000e+05	4.599012e-01	5.466182e-01	5.584639e-01
12	12_11223	11223	0	G	C	0.312	1.017820e+01	7.717890e+00	-7.016197e+01	1.000000e-05	1.000000e+05	2.084090e-01	1.715076e-01	2.052998e-01
12	12_11400	11400	0	A	C	0.438	7.312065e+00	7.392095e+00	-7.096828e+01	1.000000e-05	1.000000e+05	3.393670e-01	6.121221e-01	6.214034e-01
12	12_11406	11406	0	A	G	0.438	7.312065e+00	7.392095e+00	-7.096828e+01	1.000000e-05	1.000000e+05	3.393670e-01	6.121221e-01	6.214034e-01
12	12_11407	11407	0	C	A	0.438	7.312065e+00	7.392095e+00	-7.096828e+01	1.000000e-05	1.000000e+05	3.393670e-01	6.121221e-01	6.214034e-01
12	12_11410	11410	0	C	T	0.438	7.312065e+00	7.392095e+00	-7.096828e+01	1.000000e-05	1.000000e+05	3.393670e-01	6.121221e-01	6.214034e-01
12	12_11413	11413	1	T	G	0.467	7.675150e+00	7.579682e+00	-7.083913e+01	1.000000e-05	1.000000e+05	3.284349e-01	4.728082e-01	4.880562e-01
12	12_13936	13936	0	C	T	0.125	-2.541911e+00	1.144892e+01	-7.108896e+01	1.000000e-05	1.000000e+05	8.275029e-01	9.001937e-01	9.020008e-01
12	12_13979	13979	2	T	C	0.143	-3.028326e+00	1.155961e+01	-7.108426e+01	1.000000e-05	1.000000e+05	7.971561e-01	8.740158e-01	8.763284e-01
12	12_14009	14009	0	C	T	0.250	-3.216614e+00	8.717350e+00	-7.106043e+01	1.000000e-05	1.000000e+05	7.176559e-01	7.873107e-01	7.914780e-01
12	12_14035	14035	1	C	T	0.400	-5.412798e+00	7.864478e+00	-7.102877e+01	1.000000e-05	1.000000e+05	5.025354e-01	7.121811e-01	7.182716e-01
12	12_14096	14096	0	C	T	0.375	-5.965696e+00	7.670909e+00	-7.088001e+01	1.000000e-05	1.000000e+05	4.496870e-01	5.102059e-01	5.236597e-01
12	12_14104	14104	1	C	T	0.400	-1.458238e-01	7.996320e+00	-7.109058e+01	1.000000e-05	1.000000e+05	9.857076e-01	9.109995e-01	9.126033e-01
12	12_14114	14114	0	T	C	0.312	-6.438210e+00	8.025172e+00	-7.074055e+01	2.720642e-01	1.000000e+05	4.358145e-01	3.985947e-01	4.178367e-01
12	12_14125	14125	1	A	G	0.267	-6.318775e+00	8.783836e+00	-7.084509e+01	2.861335e-01	1.000000e+05	4.837527e-01	4.779755e-01	4.929669e-01
12	12_14197	14197	0	G	A	0.125	-5.608126e+00	1.137070e+01	-7.104875e+01	1.000000e-05	1.000000e+05	6.295115e-01	7.565047e-01	7.614188e-01
12	12_14202	14202	0	A	G	0.125	-5.608126e+00	1.137070e+01	-7.104875e+01	1.000000e-05	1.000000e+05	6.295115e-01	7.565047e-01	7.614188e-01
12	12_14301	14301	2	G	A	0.571	1.796751e-01	8.222012e+00	-7.082765e+01	4.497535e-02	1.000000e+05	9.828737e-01	4.631131e-01	4.788502e-01
12	12_14318	14318	0	A	G	0.312	-5.202637e+00	8.064245e+00	-7.109278e+01	1.000000e-05	1.000000e+05	5.292623e-01	9.283134e-01	9.295967e-01
12	12_14741	14741	1	C	G	0.400	1.048525e+01	7.492926e+00	-7.005612e+01	6.287110e-03	1.000000e+05	1.834723e-01	1.491014e-01	1.841527e-01
12	12_14783	14783	2	A	G	0.071	-5.495614e+00	1.567620e+01	-7.073534e+01	1.000000e-05	1.000000e+05	7.311294e-01	3.951678e-01	4.146078e-01
12	12_15014	15014	1	A	G	0.400	1.308161e+01	6.770177e+00	-6.920562e+01	1.000000e+05	1.000000e+05	7.382236e-02	5.179376e-02	8.778161e-02
12	12_19728	19728	0	A	G	0.125	2.951415e+01	8.325798e+00	-6.695340e+01	1.000000e-05	1.000000e+05	3.233487e-03	3.993301e-03	2.342347e-02
12	12_19741	19741	0	C	T	0.188	1.917646e+01	8.256604e+00	-6.899267e+01	1.000000e-05	1.000000e+05	3.578441e-02	4.022644e-02	7.497600e-02
12	12_356356	356356	0	A	G	0.125	-4.369405e+00	1.140945e+01	-7.101250e+01	1.000000e-05	1.000000e+05	7.074985e-01	6.813029e-01	6.882933e-01
12	12_356358	356358	0	A	G	0.125	-4.369405e+00	1.140945e+01	-7.101250e+01	1.000000e-05	1.000000e+05	7.074985e-01	6.813029e-01	6.882933e-01
12	12_356374	356374	0	G	A	0.125	-4.369405e+00	1.140945e+01	-7.101250e+01	1.000000e-05	1.000000e+05	7.074985e-01	6.813029e-01	6.882933e-01
12	12_502808	502808	2	A	G	0.357	1.841233e+01	7.151702e+00	-6.799599e+01	1.000000e+05	1.000000e+05	2.204207e-02	1.276301e-02	3.972748e-02
12	12_502864	502864	2	T	C	0.500	-1.213198e+01	7.694202e+00	-6.978910e+01	1.000000e+05	1.000000e+05	1.371708e-01	1.058267e-01	1.426499e-01
12	12_502865	502865	2	G	T	0.500	-1.213198e+01	7.694202e+00	-6.978910e+01	1.000000e+05	1.000000e+05	1.371708e-01	1.058267e-01	1.426499e-01
12	12_502882	502882	2	G	A	0.429	-8.029679e+00	8.026996e+00	-7.036263e+01	3.876437e-01	1.000000e+05	3.341258e-01	2.255981e-01	2.559359e-01
12	12_502888	502888	0	G	A	0.500	-8.023599e+00	7.359924e+00	-7.018469e+01	4.437202e-01	1.000000e+05	2.940453e-01	1.768058e-01	2.102800e-01
12	12_502890	502890	3	G	A	0.462	-9.238822e+00	8.040527e+00	-7.012819e+01	3.799566e-01	1.000000e+05	2.697956e-01	1.639647e-01	1.981977e-01
12	12_502909	502909	0	C	T	0.375	1.700476e+01	6.814367e+00	-6.815308e+01	1.000000e+05	1.000000e+05	2.569256e-02	1.524870e-02	4.348704e-02
12	12_502926	502926	2	G	C	0.429	1.631815e+01	8.075040e+00	-6.904920e+01	1.000000e+05	1.000000e+05	6.285334e-02	4.300394e-02	7.811226e-02
12	12_502937	502937	2	C	T	0.357	1.557554e+01	7.777929e+00	-6.899771e+01	1.170352e+01	1.000000e+05	6.498744e-02	4.046619e-02	7.524848e-02
12	12_502942	502942	0	T	C	0.375	1.410088e+01	7.436953e+00	-6.922894e+01	2.900715e+01	1.000000e+05	7.878333e-02	5.325903e-02	8.936142e-02
12	12_502956	502956	1	A	G	0.333	1.483189e+01	7.642710e+00	-6.905073e+01	4.817548e+00	1.000000e+05	7.270959e-02	4.308159e-02	7.819932e-02
12	12_503049	503049	1	C	G	0.200	1.967165e+01	7.992212e+00	-6.786713e+01	9.565019e-01	1.000000e+05	2.743769e-02	1.103673e-02	3.697350e-02
12	12_503112	503112	2	G	A	0.286	1.510765e+01	8.011325e+00	-6.909028e+01	6.622448e-02	1.000000e+05	8.024505e-02	4.514831e-02	8.050477e-02
12	12_503171	503171	3	G	A	0.308	1.503309e+01	7.666230e+00	-6.915535e+01	1.000000e+05	1.000000e+05	7.008962e-02	4.877890e-02	8.450427e-02
12	12_503254	503254	0	C	G	0.312	-5.160461e+00	8.015899e+00	-7.056876e+01	5.854827e-01	1.000000e+05	5.301250e-01	3.041001e-01	3.291933e-01
12	12_503293	503293	1	A	C	0.400	-6.291253e+00	8.274962e+00	-7.055979e+01	1.285316e+00	1.000000e+05	4.597028e-01	3.000259e-01	3.253867e-01
12	12_503311	503311	1	A	C	0.400	-6.313625e+00	7.821171e+00	-7.043524e+01	5.736663e-01	1.000000e+05	4.330250e-01	2.500227e-01	2.787230e-01
12	12_503313	503313	2	T	A	0.571	6.144891e+00	8.027619e+00	-7.046962e+01	1.000000e-05	1.000000e+05	4.567040e-01	2.627116e-01	2.905585e-01
12	12_503321	503321	2	C	T	0.500	1.218308e+01	7.896244e+00	-6.984054e+01	1.000000e+05	1.000000e+05	1.451534e-01	1.129413e-01	1.495603e-01
12	12_503327	503327	1	A	C	0.400	1.373339e+01	7.818058e+00	-6.950334e+01	1.000000e+05	1.000000e+05	1.008215e-01	7.422705e-02	1.112497e-01
12	12_503356	503356	0	A	C	0.312	-4.664754e+00	8.330586e+00	-7.093032e+01	2.074711e-01	1.000000e+05	5.843591e-01	5.638906e-01	5.750201e-01
12	12_503357	503357	0	T	G	0.312	-4.664754e+00	8.330586e+00	-7.093032e+01	2.074711e-01	1.000000e+05	5.843591e-01	5.638906e-01	5.750201e-01
12	12_503364	503364	0	T	C	0.312	-4.664754e+00	8.330586e+00	-7.093032e+01	2.074711e-01	1.000000e+05	5.843591e-01	5.638906e-01	5.750201e-01
12	12_503366	503366	0	C	T	0.312	-4.664754e+00	8.330586e+00	-7.093032e+01	2.074711e-01	1.000000e+05	5.843591e-01	5.638906e-01	5.750201e-01
12	12_503401	503401	0	A	G	0.375	-6.412931e+00	7.645092e+00	-7.063377e+01	1.000000e-05	1.000000e+05	4.156583e-01	3.358764e-01	3.589193e-01
12	12_503416	503416	0	G	A	0.188	-2.305588e+00	1.019606e+01	-7.104758e+01	3.453717e-01	1.000000e+05	8.243719e-01	7.536359e-01	7.586224e-01
12	12_503422	503422	0	T	G	0.125	-1.304174e+00	1.165891e+01	-7.105518e+01	1.172245e-01	1.000000e+05	9.125218e-01	7.728701e-01	7.773807e-01
12	12_503453	503453	0	T	C	0.062	-1.822956e+00	1.566213e+01	-7.109109e+01	1.000000e-05	1.000000e+05	9.089946e-01	9.146683e-01	9.162036e-01
12	12_537923	537923	0	G	A	0.375	-5.700435e+00	7.685301e+00	-7.097203e+01	1.000000e-05	1.000000e+05	4.705105e-01	6.173587e-01	6.264522e-01
13	13_11108	11108	0	C	T	0.125	-9.049068e-01	1.146650e+01	-7.108494e+01	1.000000e-05	1.000000e+05	9.382152e-01	8.774568e-01	8.797018e-01
13	13_11118	11118	0	T	C	0.250	-1.225586e+01	8.244303e+00	-6.992429e+01	1.000000e+05	1.000000e+05	1.592957e-01	1.256798e-01	1.618341e-01
13	13_11130	11130	0	A	G	0.250	-5.005269e+00	8.656888e+00	-7.083624e+01	1.000000e-05	1.000000e+05	5.723240e-01	4.703398e-01	4.857113e-01
13	13_52884	52884	0	A	G	0.125	-5.608130e+00	1.137068e+01	-7.081695e+01	1.000000e-05	1.000000e+05	6.295108e-01	4.543567e-01	4.705440e-01
13	13_128625	128625	4	A	G	0.333	-2.268151e-01	9.290791e+00	-7.106771e+01	1.000000e-05	1.000000e+05	9.808678e-01	8.093002e-01	8.129656e-01
13	13_128715	128715	3	G	A	0.308	-7.235835e+00	8.909858e+00	-7.096069e+01	1.000000e-05	1.000000e+05	4.303183e-01	6.018093e-01	6.114676e-01
13	13_128729	128729	3	G	A	0.308	-7.235835e+00	8.909858e+00	-7.096069e+01	1.000000e-05	1.000000e+05	4.303183e-01	6.018093e-01	6.114676e-01
13	13_162462	162462	0	A	G	0.188	-3.733402e+00	9.666585e+00	-7.109673e+01	1.000000e-05	1.000000e+05	7.051417e-01	9.886510e-01	9.888518e-01
13	13_219021	219021	1	C	T	0.133	-5.890205e+00	1.141604e+01	-7.105359e+01	1.000000e-05	1.000000e+05	6.139352e-01	7.686987e-01	7.733107e-01
13	13_219311	219311	0	A	T	0.125	-3.780645e+00	1.142447e+01	-7.109441e+01	1.000000e-05	1.000000e+05	7.456019e-01	9.445989e-01	9.455858e-01
13	13_219312	219312	0	A	G	0.125	-3.780645e+00	1.142447e+01	-7.109441e+01	1.000000e-05	1.000000e+05	7.456019e-01	9.445989e-01	9.455858e-01
13	13_655915	655915	0	A	G	0.438	-6.959100e+00	7.421695e+00	-7.047562e+01	2.306459e-01	1.000000e+05	3.643096e-01	2.650075e-01	2.927002e-01
13	13_742766	742766	2	G	A	0.214	-9.158368e+00	1.007036e+01	-7.047794e+01	1.323539e+00	1.000000e+05	3.785097e-01	2.658994e-01	2.935322e-01
13	13_742771	742771	0	C	A	0.250	-5.398403e+00	8.783883e+00	-7.093441e+01	2.574858e-01	1.000000e+05	5.486906e-01	5.687123e-01	5.796471e-01
14	14_155590	155590	0	T	C	0.125	-5.917103e+00	1.146183e+01	-7.075847e+01	1.881974e-01	1.000000e+05	6.137409e-01	4.107225e-01	4.292728e-01
14	14_342562	342562	0	G	T	0.375	-3.640009e+00	7.774229e+00	-7.099267e+01	1.000000e-05	1.000000e+05	6.468371e-01	6.480933e-01	6.561335e-01
14	14_383626	383626	0	G	A	0.125	-3.289284e+00	1.176070e+01	-7.109655e+01	1.554469e-01	1.000000e+05	7.838094e-01	9.812531e-01	9.815849e-01
14	14_852745	852745	0	G	T	0.125	-3.289284e+00	1.176070e+01	-7.109655e+01	1.554469e-01	1.000000e+05	7.838094e-01	9.812531e-01	9.815849e-01
14	14_908850	908850	0	G	A	0.375	-1.368415e+01	7.324598e+00	-6.931609e+01	1.000000e+05	1.000000e+05	8.279833e-02	5.913549e-02	9.562094e-02
14	14_908994	908994	1	C	T	0.133	-5.872783e+00	1.141668e+01	-7.091091e+01	1.000000e-05	1.000000e+05	6.149936e-01	5.420023e-01	5.540444e-01
14	14_909011	909011	1	T	C	0.133	-5.872783e+00	1.141668e+01	-7.091091e+01	1.000000e-05	1.000000e+05	6.149936e-01	5.420023e-01	5.540444e-01
14	14_909450	909450	0	G	T	0.250	-6.758997e+00	8.527824e+00	-7.037212e+01	1.686383e-01	1.000000e+05	4.412463e-01	2.286229e-01	2.587590e-01
14	14_909472	909472	0	G	T	0.312	-7.077097e+00	8.289569e+00	-7.057239e+01	7.755815e-01	1.000000e+05	4.076225e-01	3.057681e-01	3.307520e-01
14	14_909504	909504	1	T	G	0.333	-8.095356e+00	8.391699e+00	-7.044528e+01	9.584613e-01	1.000000e+05	3.510709e-01	2.536500e-01	2.821062e-01
14	14_909638	909638	0	C	T	0.250	1.515115e+01	7.767520e+00	-7.048718e+01	1.000000e-05	1.000000e+05	7.141787e-02	2.694985e-01	2.968899e-01
14	14_909661	909661	0	G	A	0.250	1.394517e+01	7.927213e+00	-7.013912e+01	1.000000e-05	1.000000e+05	1.003777e-01	1.663629e-01	2.004574e-01
14	14_909704	909704	0	G	A	0.375	1.008188e+01	7.356950e+00	-7.062111e+01	1.000000e-05	1.000000e+05	1.921401e-01	3.293520e-01	3.528099e-01
14	14_910040	910040	1	A	G	0.400	-6.483183e+00	7.806439e+00	-7.103332e+01	1.000000e-05	1.000000e+05	4.201985e-01	7.215448e-01	7.273760e-01
14	14_910103	910103	0	A	G	0.438	-5.863017e+00	7.483757e+00	-7.109269e+01	1.000000e-05	1.000000e+05	4.464251e-01	9.275526e-01	9.288499e-01
14	14_910152	910152	1	A	G	0.333	-9.132629e+00	9.025383e+00	-7.049373e+01	1.182742e+00	1.000000e+05	3.287638e-01	2.720852e-01	2.993032e-01
14	14_910181	910181	1	G	A	0.400	-7.743632e+00	8.013496e+00	-7.083230e+01	2.466602e-01	1.000000e+05	3.502794e-01	4.670061e-01	4.825456e-01
14	14_910258	910258	1	T	G	0.467	-8.385066e+00	8.056496e+00	-7.063141e+01	4.625259e-01	1.000000e+05	3.156173e-01	3.346476e-01	3.577684e-01
14	14_910323	910323	0	T	C	0.375	1.075994e+01	7.288020e+00	-7.054951e+01	1.000000e-05	1.000000e+05	1.619771e-01	2.954461e-01	3.211089e-01
14	14_910328	910328	0	G	A	0.438	1.017279e+01	7.146331e+00	-7.022235e+01	1.000000e-05	1.000000e+05	1.764950e-01	1.860073e-01	2.189153e-01
14	14_910510	910510	1	A	G	0.400	-6.736201e+00	7.788448e+00	-7.038367e+01	4.055035e-01	1.000000e+05	4.016730e-01	2.323657e-01	2.622515e-01
14	14_910555	910555	1	C	T	0.333	-5.639192e+00	8.172311e+00	-7.087031e+01	1.000000e-05	1.000000e+05	5.014507e-01	5.008984e-01	5.147852e-01
14	14_910742	910742	0	A	G	0.312	-4.937779e+00	8.076129e+00	-7.081459e+01	1.000000e-05	1.000000e+05	5.507316e-01	4.524664e-01	4.687519e-01
14	14_910822	910822	0	G	A	0.188	-5.455748e+00	9.749040e+00	-7.091935e+01	2.256308e-01	1.000000e+05	5.845822e-01	5.513192e-01	5.629670e-01
14	14_910834	910834	1	T	A	0.067	-3.285501e+00	1.568008e+01	-7.109678e+01	1.000000e-05	1.000000e+05	8.370503e-01	9.922079e-01	9.923457e-01
14	14_910926	910926	2	G	A	0.357	-8.127546e+00	8.171607e+00	-7.023448e+01	6.599580e-01	1.000000e+05	3.368077e-01	1.890899e-01	2.218048e-01
14	14_910939	910939	2	A	C	0.429	-7.225207e+00	7.898246e+00	-7.029244e+01	1.535880e-01	1.000000e+05	3.757910e-01	2.046635e-01	2.363812e-01
14	14_910964	910964	1	A	G	0.467	1.000046e+01	7.557452e+00	-6.992828e+01	1.413721e+00	1.000000e+05	2.069546e-01	1.263250e-01	1.624528e-01
14	14_910966	910966	0	T	C	0.500	-8.344208e+00	7.435167e+00	-7.021378e+01	8.152902e-01	1.000000e+05	2.806300e-01	1.838655e-01	2.169068e-01
14	14_910979	910979	1	A	G	0.400	9.675025e+00	7.653389e+00	-6.993964e+01	8.501776e-01	1.000000e+05	2.268190e-01	1.281822e-01	1.642324e-01
14	14_911099	911099	2	A	G	0.429	-1.082474e+01	7.800992e+00	-6.987631e+01	2.995725e+00	1.000000e+05	1.869468e-01	1.181983e-01	1.546395e-01
14	14_911129	911129	0	T	C	0.438	-9.722319e+00	7.570806e+00	-7.008366e+01	2.023050e+00	1.000000e+05	2.199223e-01	1.545922e-01	1.893499e-01
14	14_911206	911206	0	G	A	0.250	-6.542826e+00	8.583323e+00	-7.077105e+01	1.000000e-05	1.000000e+05	4.585487e-01	4.195557e-01	4.376117e-01
14	14_911262	911262	0	A	C	0.125	-5.621680e+00	1.138317e+01	-7.101969e+01	1.762298e-02	1.000000e+05	6.290637e-01	6.944784e-01	7.010763e-01
14	14_911292	911292	1	A	G	0.200	-4.620863e+00	9.715399e+00	-7.105888e+01	1.000000e-05	1.000000e+05	6.416793e-01	7.829316e-01	7.872018e-01
14	14_911297	911297	2	A	C	0.214	-5.180719e+00	9.784728e+00	-7.106084e+01	1.000000e-05	1.000000e+05	6.047745e-01	7.884943e-01	7.926340e-01
14	14_911308	911308	0	C	T	0.125	-2.972308e+00	1.144151e+01	-7.109643e+01	1.000000e-05	1.000000e+05	7.988127e-01	9.775871e-01	9.779839e-01
14	14_911314	911314	0	A	G	0.125	-2.972308e+00	1.144151e+01	-7.109643e+01	1.000000e-05	1.000000e+05	7.988127e-01	9.775871e-01	9.779839e-01
14	14_911321	911321	0	G	A	0.188	-4.147136e+00	9.654536e+00	-7.109586e+01	1.000000e-05	1.000000e+05	6.740582e-01	9.649140e-01	9.655363e-01
14	14_911352	911352	1	G	A	0.400	-1.085673e+01	6.624230e+00	-6.969266e+01	1.000000e+05	1.000000e+05	1.234949e-01	9.377600e-02	1.308314e-01
14	14_911375	911375	1	G	A	0.267	-6.718267e+00	8.674745e+00	-7.101902e+01	1.000000e-05	1.000000e+05	4.515392e-01	6.932264e-01	6.998611e-01
14	14_911385	911385	0	G	A	0.312	-5.795730e+00	8.035307e+00	-7.108563e+01	1.000000e-05	1.000000e+05	4.826079e-01	8.810589e-01	8.832336e-01
14	14_911414	911414	1	G	A	0.200	-4.620860e+00	9.715399e+00	-7.109678e+01	1.000000e-05	1.000000e+05	6.416795e-01	9.922996e-01	9.924357e-01
14	14_924025	924025	0	C	T	0.375	-6.077660e+00	7.664641e+00	-7.106976e+01	1.000000e-05	1.000000e+05	4.410400e-01	8.160128e-01	8.195298e-01
14	14_924047	924047	0	A	C	0.312	-5.202651e+00	8.064261e+00	-7.108841e+01	1.000000e-05	1.000000e+05	5.292621e-01	8.967480e-01	8.986205e-01
14	14_924049	924049	0	A	T	0.312	-5.202651e+00	8.064261e+00	-7.108841e+01	1.000000e-05	1.000000e+05	5.292621e-01	8.967480e-01	8.986205e-01
14	14_924050	924050	0	G	C	0.312	-5.202651e+00	8.064261e+00	-7.108841e+01	1.000000e-05	1.000000e+05	5.292621e-01	8.967480e-01	8.986205e-01
14	14_924059	924059	0	T	C	0.250	-5.476773e+00	8.636484e+00	-7.106320e+01	1.000000e-05	1.000000e+05	5.362117e-01	7.953668e-01	7.993474e-01
14	14_924128	924128	0	G	A	0.125	-5.608106e+00	1.137070e+01	-7.107429e+01	1.000000e-05	1.000000e+05	6.295128e-01	8.318701e-01	8.350444e-01
14	14_924776	924776	0	A	G	0.125	-5.608106e+00	1.137070e+01	-7.107429e+01	1.000000e-05	1.000000e+05	6.295128e-01	8.318701e-01	8.350444e-01
14	14_924866	924866	0	G	A	0.438	8.902705e+00	7.376885e+00	-7.013538e+01	6.305767e-01	1.000000e+05	2.474913e-01	1.655378e-01	1.996801e-01
