chr	rs	ps	n_miss	allele1	allele0	af	beta	se	logl_H1	l_remle	l_mle	p_wald	p_lrt	p_score
1	1_44747	44747	0	C	G	0.188	-1.607664e+02	1.716423e+02	-1.183664e+02	1.000000e-05	1.000000e+05	3.648227e-01	9.785548e-01	9.789345e-01
1	1_44753	44753	1	G	A	0.200	-1.744543e+02	1.721119e+02	-1.183653e+02	1.000000e-05	1.000000e+05	3.279671e-01	9.574344e-01	9.581904e-01
1	1_44785	44785	1	G	A	0.133	-1.640276e+02	2.051926e+02	-1.183122e+02	1.000000e-05	1.000000e+05	4.374212e-01	7.412081e-01	7.465138e-01
1	1_47564	47564	0	G	A	0.438	-1.777111e+01	1.391334e+02	-1.183606e+02	1.000000e-05	1.000000e+05	9.001814e-01	9.116429e-01	9.132347e-01
1	1_47575	47575	0	G	A	0.500	-5.102137e+01	1.374478e+02	-1.182156e+02	1.000000e-05	1.000000e+05	7.160416e-01	5.824207e-01	5.928142e-01
1	1_47671	47671	1	G	A	0.467	-3.550709e+01	1.426551e+02	-1.181738e+02	1.000000e-05	1.000000e+05	8.070512e-01	5.345142e-01	5.468795e-01
1	1_47684	47684	2	C	G	0.500	-5.831035e+01	1.468345e+02	-1.179532e+02	1.000000e-05	1.000000e+05	6.972699e-01	3.631410e-01	3.844874e-01
1	1_47686	47686	2	A	G	0.500	-5.831035e+01	1.468345e+02	-1.179532e+02	1.000000e-05	1.000000e+05	6.972699e-01	3.631410e-01	3.844874e-01
1	1_309593	309593	0	A	G	0.438	2.140371e+02	1.269187e+02	-1.177407e+02	1.000000e-05	1.000000e+05	1.138633e-01	2.631397e-01	2.909578e-01
1	1_477160	477160	0	A	C	0.062	-1.430527e+02	2.827313e+02	-1.180867e+02	1.000000e-05	1.000000e+05	6.207529e-01	4.541909e-01	4.703868e-01
1	1_678413	678413	0	C	T	0.125	-1.532701e+02	2.047645e+02	-1.180137e+02	1.000000e-05	1.000000e+05	4.665370e-01	4.007581e-01	4.198755e-01
1	1_971811	971811	1	G	T	0.067	-1.531863e+02	2.829943e+02	-1.183476e+02	1.000000e-05	1.000000e+05	5.968065e-01	8.448683e-01	8.477697e-01
1	1_975012	975012	0	C	T	0.125	3.963916e+02	1.799532e+02	-1.174308e+02	1.000000e-05	1.000000e+05	4.486857e-02	1.712624e-01	2.050692e-01
1	1_975152	975152	1	T	C	0.333	-8.930945e+01	1.494110e+02	-1.176923e+02	1.000000e-05	1.000000e+05	5.595565e-01	2.454728e-01	2.744790e-01
1	1_975212	975212	0	C	T	0.375	1.532813e+02	1.366437e+02	-1.179200e+02	1.000000e-05	1.000000e+05	2.808368e-01	3.445556e-01	3.670516e-01
1	1_975397	975397	2	T	C	0.357	2.833869e+02	1.341871e+02	-1.153817e+02	2.426177e-03	1.000000e+05	5.315108e-02	1.455076e-02	4.245266e-02
1	1_975445	975445	2	T	C	0.214	2.531876e+02	1.667203e+02	-1.171973e+02	1.000000e-05	1.000000e+05	1.511098e-01	1.261788e-01	1.623126e-01
1	1_975457	975457	1	A	G	0.333	1.970330e+02	1.418463e+02	-1.171381e+02	1.000000e-05	1.000000e+05	1.865151e-01	1.169832e-01	1.534675e-01
1	1_975510	975510	1	T	C	0.133	-1.646089e+02	2.051591e+02	-1.181066e+02	1.000000e-05	1.000000e+05	4.357609e-01	4.707097e-01	4.860627e-01
1	1_1231132	1231132	0	A	G	0.125	1.045832e+02	2.069426e+02	-1.181224e+02	1.000000e-05	1.000000e+05	6.211594e-01	4.844819e-01	4.991541e-01
1	1_1231136	1231136	0	G	C	0.125	1.045832e+02	2.069426e+02	-1.181224e+02	1.000000e-05	1.000000e+05	6.211594e-01	4.844819e-01	4.991541e-01
1	1_1231137	1231137	0	G	A	0.125	1.045832e+02	2.069426e+02	-1.181224e+02	1.000000e-05	1.000000e+05	6.211594e-01	4.844819e-01	4.991541e-01
1	1_1581524	1581524	1	A	G	0.133	4.279174e+01	2.095113e+02	-1.183199e+02	1.000000e-05	1.000000e+05	8.411010e-01	7.594809e-01	7.643204e-01
2	2_270700	270700	2	T	C	0.357	-9.295186e+01	1.520663e+02	-1.181530e+02	1.000000e-05	1.000000e+05	5.508251e-01	5.132244e-01	5.265398e-01
2	2_270855	270855	0	G	A	0.438	-2.791796e+01	1.390146e+02	-1.182149e+02	1.000000e-05	1.000000e+05	8.437218e-01	5.815932e-01	5.920189e-01
2	2_270969	270969	1	T	G	0.467	1.039140e+02	1.402473e+02	-1.179505e+02	1.000000e-05	1.000000e+05	4.709792e-01	3.615717e-01	3.830140e-01
2	2_270970	270970	1	T	A	0.467	1.039140e+02	1.402473e+02	-1.179505e+02	1.000000e-05	1.000000e+05	4.709792e-01	3.615717e-01	3.830140e-01
2	2_270971	270971	1	C	A	0.467	1.039140e+02	1.402473e+02	-1.179505e+02	1.000000e-05	1.000000e+05	4.709792e-01	3.615717e-01	3.830140e-01
2	2_270994	270994	0	A	G	0.500	7.910464e+01	1.364951e+02	-1.182352e+02	1.000000e-05	1.000000e+05	5.714324e-01	6.080578e-01	6.174865e-01
2	2_294465	294465	1	G	A	0.133	9.927148e+01	2.081390e+02	-1.181509e+02	1.000000e-05	1.000000e+05	6.407585e-01	5.111628e-01	5.245726e-01
2	2_697983	697983	0	G	A	0.125	7.679670e+01	2.078109e+02	-1.179793e+02	1.000000e-05	1.000000e+05	7.172469e-01	3.787265e-01	3.991330e-01
2	2_983795	983795	0	C	G	0.125	7.679670e+01	2.078109e+02	-1.179793e+02	1.000000e-05	1.000000e+05	7.172469e-01	3.787265e-01	3.991330e-01
2	2_1225303	1225303	0	G	A	0.125	7.679670e+01	2.078109e+02	-1.179793e+02	1.000000e-05	1.000000e+05	7.172469e-01	3.787265e-01	3.991330e-01
3	3_10892	10892	0	C	G	0.062	-1.337976e+02	2.830547e+02	-1.183069e+02	1.000000e-05	1.000000e+05	6.437177e-01	7.293447e-01	7.349644e-01
3	3_207299	207299	1	A	G	0.133	4.279209e+01	2.095112e+02	-1.183666e+02	1.000000e-05	1.000000e+05	8.410997e-01	9.874888e-01	9.877101e-01
3	3_750294	750294	0	T	G	0.312	-1.923652e+02	1.398446e+02	-1.177664e+02	1.000000e-05	1.000000e+05	1.905672e-01	2.731953e-01	3.003389e-01
3	3_860957	860957	0	A	T	0.500	-8.938343e+01	1.360410e+02	-1.178816e+02	1.000000e-05	1.000000e+05	5.218150e-01	3.246272e-01	3.483877e-01
3	3_862065	862065	0	G	A	0.250	-1.591176e+02	1.537161e+02	-1.182147e+02	1.000000e-05	1.000000e+05	3.181539e-01	5.813327e-01	5.917685e-01
3	3_862068	862068	0	G	A	0.250	-1.591176e+02	1.537161e+02	-1.182147e+02	1.000000e-05	1.000000e+05	3.181539e-01	5.813327e-01	5.917685e-01
3	3_862069	862069	1	A	G	0.267	-1.749260e+02	1.543682e+02	-1.180117e+02	1.000000e-05	1.000000e+05	2.761748e-01	3.994357e-01	4.186292e-01
3	3_1071924	1071924	0	G	A	0.312	4.116283e+02	1.004838e+02	-1.140964e+02	1.000000e-05	1.000000e+05	1.089629e-03	3.472800e-03	2.212736e-02
3	3_1071929	1071929	0	C	T	0.312	4.116283e+02	1.004838e+02	-1.140964e+02	1.000000e-05	1.000000e+05	1.089629e-03	3.472800e-03	2.212736e-02
3	3_1234218	1234218	0	G	A	0.312	9.957982e+01	1.465993e+02	-1.176244e+02	1.000000e-05	1.000000e+05	5.080451e-01	2.230494e-01	2.535569e-01
4	4_667433	667433	0	G	T	0.188	-1.441568e+02	1.726929e+02	-1.180940e+02	1.000000e-05	1.000000e+05	4.178714e-01	4.601692e-01	4.760567e-01
4	4_667446	667446	0	G	A	0.188	-1.441568e+02	1.726929e+02	-1.180940e+02	1.000000e-05	1.000000e+05	4.178714e-01	4.601692e-01	4.760567e-01
4	4_667490	667490	1	G	A	0.267	-1.769121e+02	1.542065e+02	-1.181176e+02	1.000000e-05	1.000000e+05	2.705101e-01	4.802892e-01	4.951665e-01
4	4_995956	995956	2	A	G	0.214	-2.475719e+01	1.798073e+02	-1.183624e+02	1.000000e-05	1.000000e+05	8.924482e-01	9.260769e-01	9.274012e-01
4	4_1076446	1076446	0	G	A	0.375	8.536371e+01	1.408162e+02	-1.181307e+02	1.000000e-05	1.000000e+05	5.540804e-01	4.920119e-01	5.063203e-01
4	4_1076465	1076465	0	G	A	0.438	2.915332e+02	1.153682e+02	-1.146130e+02	1.000000e-05	1.000000e+05	2.417187e-02	6.144600e-03	2.815877e-02
5	5_7093	7093	0	G	A	0.312	2.383336e+02	1.397790e+02	-1.162149e+02	7.455563e-01	1.000000e+05	1.102599e-01	3.802758e-02	7.246008e-02
5	5_276722	276722	0	G	A	0.125	7.679670e+01	2.078109e+02	-1.179793e+02	1.000000e-05	1.000000e+05	7.172469e-01	3.787265e-01	3.991330e-01
5	5_475470	475470	0	T	C	0.312	1.021034e+02	1.464752e+02	-1.174187e+02	1.000000e-05	1.000000e+05	4.971720e-01	1.685058e-01	2.024752e-01
5	5_476407	476407	0	A	T	0.375	4.240799e+01	1.422013e+02	-1.182577e+02	1.000000e-05	1.000000e+05	7.699116e-01	6.404705e-01	6.487644e-01
5	5_500266	500266	1	G	A	0.400	1.721480e+02	1.381334e+02	-1.175558e+02	1.000000e-05	1.000000e+05	2.331256e-01	2.028386e-01	2.346747e-01
5	5_676974	676974	0	A	C	0.438	5.958841e+01	1.383006e+02	-1.182749e+02	1.000000e-05	1.000000e+05	6.731289e-01	6.682539e-01	6.756463e-01
5	5_835130	835130	1	A	G	0.400	-1.119370e+02	1.424871e+02	-1.179911e+02	1.000000e-05	1.000000e+05	4.451983e-01	3.860631e-01	4.060351e-01
5	5_835251	835251	1	G	C	0.333	-2.456677e+00	1.513042e+02	-1.182889e+02	1.000000e-05	1.000000e+05	9.872747e-01	6.931617e-01	6.997982e-01
5	5_835261	835261	0	A	G	0.312	1.050976e+01	1.489690e+02	-1.182715e+02	1.000000e-05	1.000000e+05	9.447538e-01	6.625518e-01	6.701241e-01
5	5_836479	836479	0	G	A	0.312	2.901551e+02	1.272244e+02	-1.155726e+02	1.000000e-05	1.000000e+05	3.874421e-02	1.808048e-02	4.754291e-02
5	5_836568	836568	0	A	G	0.438	1.027785e+02	1.375022e+02	-1.173751e+02	2.453938e-01	1.000000e+05	4.671511e-01	1.590467e-01	1.935585e-01
5	5_836697	836697	0	A	G	0.500	7.693539e+01	1.365834e+02	-1.183666e+02	1.000000e-05	1.000000e+05	5.821508e-01	9.888933e-01	9.890898e-01
5	5_836899	836899	1	G	A	0.067	-1.531868e+02	2.829945e+02	-1.182770e+02	1.000000e-05	1.000000e+05	5.968055e-01	6.718456e-01	6.791260e-01
5	5_1210544	1210544	0	G	A	0.125	7.679670e+01	2.078109e+02	-1.179793e+02	1.000000e-05	1.000000e+05	7.172469e-01	3.787265e-01	3.991330e-01
5	5_1245074	1245074	0	A	G	0.250	9.457825e+01	1.574747e+02	-1.180205e+02	1.000000e-05	1.000000e+05	5.577092e-01	4.053474e-01	4.242024e-01
5	5_1770892	1770892	0	G	A	0.438	-3.012106e+01	1.389815e+02	-1.181220e+02	1.000000e-05	1.000000e+05	8.315473e-01	4.841131e-01	4.988033e-01
5	5_1773044	1773044	0	G	A	0.125	-1.526061e+02	2.047998e+02	-1.181067e+02	1.000000e-05	1.000000e+05	4.685085e-01	4.707832e-01	4.861326e-01
5	5_1773047	1773047	0	G	A	0.250	-1.759228e+02	1.524023e+02	-1.182679e+02	1.000000e-05	1.000000e+05	2.676887e-01	6.565951e-01	6.643581e-01
6	6_191358	191358	0	C	T	0.062	9.285463e+02	1.428920e+02	-1.068865e+02	6.812697e+00	1.000000e+05	1.405910e-05	1.653624e-06	3.595736e-03
6	6_220264	220264	1	G	A	0.533	-8.736735e+01	1.410509e+02	-1.175127e+02	1.000000e-05	1.000000e+05	5.455996e-01	1.912252e-01	2.238053e-01
6	6_220267	220267	1	G	A	0.533	-8.736735e+01	1.410509e+02	-1.175127e+02	1.000000e-05	1.000000e+05	5.455996e-01	1.912252e-01	2.238053e-01
6	6_221273	221273	2	A	G	0.429	-1.339345e+02	1.448314e+02	-1.179591e+02	1.000000e-05	1.000000e+05	3.707558e-01	3.665459e-01	3.876851e-01
6	6_221275	221275	1	A	G	0.467	-1.447189e+02	1.376392e+02	-1.179187e+02	1.000000e-05	1.000000e+05	3.108691e-01	3.438298e-01	3.663713e-01
6	6_221282	221282	0	C	A	0.500	1.529525e+02	1.319347e+02	-1.177875e+02	1.000000e-05	1.000000e+05	2.657237e-01	2.817622e-01	3.083333e-01
6	6_739933	739933	0	G	T	0.375	-9.423953e+01	1.404407e+02	-1.176013e+02	4.669664e-03	1.000000e+05	5.131226e-01	2.159870e-01	2.469624e-01
6	6_988043	988043	0	T	C	0.250	-3.924081e+01	1.591450e+02	-1.176887e+02	1.000000e-05	1.000000e+05	8.088177e-01	2.442035e-01	2.732951e-01
6	6_988098	988098	0	A	G	0.312	-7.073684e+01	1.477913e+02	-1.179880e+02	1.000000e-05	1.000000e+05	6.395931e-01	3.841036e-01	4.041911e-01
6	6_988261	988261	2	A	G	0.143	-1.777263e+02	2.055693e+02	-1.182441e+02	1.000000e-05	1.000000e+05	4.018534e-01	6.204048e-01	6.293903e-01
6	6_988405	988405	1	T	C	0.267	-9.043809e+01	1.594709e+02	-1.176431e+02	1.000000e-05	1.000000e+05	5.796174e-01	2.289492e-01	2.590634e-01
6	6_988465	988465	0	T	C	0.500	8.924922e+01	1.360474e+02	-1.183265e+02	1.000000e-05	1.000000e+05	5.224504e-01	7.765193e-01	7.809421e-01
6	6_988478	988478	1	G	A	0.467	1.158677e+02	1.395764e+02	-1.175539e+02	1.000000e-05	1.000000e+05	4.203915e-01	2.022894e-01	2.341610e-01
6	6_988549	988549	1	A	G	0.267	3.198682e+02	1.367735e+02	-1.170297e+02	1.000000e-05	1.000000e+05	3.470435e-02	1.019978e-01	1.389114e-01
6	6_988553	988553	1	T	G	0.267	2.921772e+02	1.411296e+02	-1.170820e+02	1.000000e-05	1.000000e+05	5.739814e-02	1.089377e-01	1.456770e-01
6	6_988631	988631	0	G	A	0.188	-1.645831e+02	1.713837e+02	-1.180901e+02	1.000000e-05	1.000000e+05	3.531876e-01	4.570064e-01	4.730566e-01
6	6_988733	988733	1	A	G	0.600	1.220373e+02	1.418935e+02	-1.182907e+02	1.000000e-05	1.000000e+05	4.042426e-01	6.965081e-01	7.030467e-01
6	6_988843	988843	3	A	G	0.462	2.545861e+02	1.378063e+02	-1.157229e+02	1.000000e-05	1.000000e+05	8.592447e-02	2.147565e-02	5.216463e-02
6	6_988922	988922	3	A	G	0.385	-8.389793e+00	1.574679e+02	-1.182507e+02	1.000000e-05	1.000000e+05	9.582621e-01	6.300263e-01	6.386758e-01
6	6_988930	988930	1	G	A	0.267	3.219190e+01	1.610626e+02	-1.182096e+02	1.000000e-05	1.000000e+05	8.444548e-01	5.750556e-01	5.857377e-01
6	6_988960	988960	1	T	G	0.267	-5.519687e+01	1.606162e+02	-1.183499e+02	1.000000e-05	1.000000e+05	7.362108e-01	8.542433e-01	8.569520e-01
6	6_989188	989188	0	T	C	0.312	-7.073661e+01	1.477912e+02	-1.180310e+02	1.000000e-05	1.000000e+05	6.395938e-01	4.125484e-01	4.309959e-01
6	6_989334	989334	2	G	C	0.357	2.218009e+02	1.434480e+02	-1.167952e+02	1.478054e-01	1.000000e+05	1.443551e-01	7.625266e-02	1.133083e-01
6	6_989453	989453	2	G	A	0.286	-9.054109e+01	1.616274e+02	-1.179667e+02	1.000000e-05	1.000000e+05	5.842072e-01	3.710907e-01	3.919549e-01
6	6_989490	989490	0	T	C	0.312	-1.923651e+02	1.398445e+02	-1.176225e+02	1.000000e-05	1.000000e+05	1.905671e-01	2.224499e-01	2.529972e-01
6	6_989528	989528	0	T	C	0.562	-4.723814e+01	1.386409e+02	-1.182579e+02	1.000000e-05	1.000000e+05	7.383711e-01	6.407561e-01	6.490404e-01
6	6_989732	989732	2	T	C	0.286	1.710634e+02	1.569035e+02	-1.173185e+02	1.000000e-05	1.000000e+05	2.940149e-01	1.476319e-01	1.827598e-01
6	6_989861	989861	2	A	G	0.500	5.813109e+01	1.468395e+02	-1.179920e+02	1.000000e-05	1.000000e+05	6.981596e-01	3.866175e-01	4.065568e-01
6	6_989960	989960	0	A	G	0.500	5.102128e+01	1.374477e+02	-1.181027e+02	1.000000e-05	1.000000e+05	7.160419e-01	4.673776e-01	4.828983e-01
6	6_990258	990258	0	G	T	0.375	-8.746977e+01	1.407239e+02	-1.183528e+02	1.000000e-05	1.000000e+05	5.442138e-01	8.672498e-01	8.696964e-01
6	6_990671	990671	4	A	G	0.333	7.158719e+01	1.680795e+02	-1.183637e+02	1.000000e-05	1.000000e+05	6.766467e-01	9.381076e-01	9.392122e-01
6	6_990699	990699	2	A	G	0.286	1.199643e+02	1.602531e+02	-1.180942e+02	1.000000e-05	1.000000e+05	4.664938e-01	4.603484e-01	4.762268e-01
6	6_990701	990701	1	G	A	0.267	6.260347e+01	1.604224e+02	-1.183469e+02	1.000000e-05	1.000000e+05	7.022311e-01	8.421069e-01	8.450657e-01
6	6_990771	990771	2	T	C	0.286	7.470486e+01	1.622050e+02	-1.182349e+02	1.000000e-05	1.000000e+05	6.521881e-01	6.076483e-01	6.170919e-01
6	6_990777	990777	0	A	G	0.312	1.321387e+02	1.447501e+02	-1.178304e+02	1.000000e-05	1.000000e+05	3.767612e-01	3.003448e-01	3.256846e-01
6	6_990851	990851	1	T	C	0.267	8.398673e+01	1.597233e+02	-1.182092e+02	1.000000e-05	1.000000e+05	6.072381e-01	5.745402e-01	5.852427e-01
6	6_990862	990862	0	G	T	0.250	5.692448e+01	1.587633e+02	-1.183099e+02	1.000000e-05	1.000000e+05	7.252814e-01	7.359557e-01	7.413993e-01
6	6_990885	990885	2	A	G	0.143	6.779914e+01	2.102063e+02	-1.183248e+02	1.000000e-05	1.000000e+05	7.518128e-01	7.720722e-01	7.766022e-01
6	6_990992	990992	1	T	C	0.267	1.883778e+02	1.532338e+02	-1.175352e+02	1.000000e-05	1.000000e+05	2.392027e-01	1.971832e-01	2.293839e-01
6	6_991027	991027	0	T	C	0.188	1.269146e+02	1.753712e+02	-1.178572e+02	3.541374e-02	1.000000e+05	4.811733e-01	3.127451e-01	3.372736e-01
6	6_1031241	1031241	1	G	A	0.267	8.459275e+01	1.597002e+02	-1.180485e+02	1.000000e-05	1.000000e+05	6.046211e-01	4.249849e-01	4.427411e-01
6	6_1160524	1160524	0	A	G	0.312	3.375006e+02	1.185896e+02	-1.157246e+02	1.000000e-05	1.000000e+05	1.295283e-02	2.151888e-02	5.222208e-02
6	6_1160528	1160528	0	A	G	0.312	3.375006e+02	1.185896e+02	-1.157246e+02	1.000000e-05	1.000000e+05	1.295283e-02	2.151888e-02	5.222208e-02
6	6_1160532	1160532	0	A	G	0.312	3.375006e+02	1.185896e+02	-1.157246e+02	1.000000e-05	1.000000e+05	1.295283e-02	2.151888e-02	5.222208e-02
7	7_11056	11056	1	A	C	0.467	1.101373e+02	1.399074e+02	-1.180803e+02	1.000000e-05	1.000000e+05	4.442789e-01	4.491254e-01	4.655855e-01
7	7_14006	14006	1	A	G	0.200	-1.573240e+02	1.732872e+02	-1.180846e+02	1.000000e-05	1.000000e+05	3.793044e-01	4.525260e-01	4.688084e-01
7	7_36839	36839	0	G	A	0.188	-1.615007e+02	1.715930e+02	-1.182239e+02	1.000000e-05	1.000000e+05	3.625681e-01	5.930114e-01	6.029989e-01
7	7_49744	49744	0	G	A	0.062	-1.430513e+02	2.827314e+02	-1.182978e+02	1.000000e-05	1.000000e+05	6.207564e-01	7.103050e-01	7.164483e-01
7	7_164473	164473	2	G	A	0.357	1.212983e+02	1.506331e+02	-1.176845e+02	1.000000e-05	1.000000e+05	4.341357e-01	2.427771e-01	2.719645e-01
7	7_164511	164511	0	C	T	0.438	4.694334e+01	1.386480e+02	-1.183580e+02	1.000000e-05	1.000000e+05	7.399510e-01	8.950356e-01	8.969408e-01
7	7_164589	164589	0	C	T	0.375	-1.301976e+01	1.426101e+02	-1.182586e+02	1.000000e-05	1.000000e+05	9.285506e-01	6.419230e-01	6.501682e-01
7	7_164636	164636	1	A	G	0.400	3.150932e+01	1.453503e+02	-1.183321e+02	1.000000e-05	1.000000e+05	8.315055e-01	7.923811e-01	7.964305e-01
7	7_164887	164887	0	G	A	0.312	-7.810262e+01	1.475259e+02	-1.177569e+02	1.000000e-05	1.000000e+05	6.048107e-01	2.694408e-01	2.968360e-01
7	7_164926	164926	2	G	A	0.214	-2.449168e+01	1.798100e+02	-1.183472e+02	1.000000e-05	1.000000e+05	8.935955e-01	8.431170e-01	8.460548e-01
7	7_165027	165027	1	T	C	0.200	-1.128158e+01	1.782898e+02	-1.183553e+02	1.000000e-05	1.000000e+05	9.504408e-01	8.795365e-01	8.817408e-01
7	7_165292	165292	0	C	A	0.625	2.398291e+01	1.425082e+02	-1.183655e+02	1.000000e-05	1.000000e+05	8.687610e-01	9.608978e-01	9.615919e-01
7	7_165637	165637	0	G	A	0.562	-1.081259e+02	1.361820e+02	-1.178284e+02	1.000000e-05	1.000000e+05	4.404577e-01	2.994596e-01	3.248577e-01
7	7_165657	165657	2	A	G	0.357	-1.311796e+02	1.500404e+02	-1.179622e+02	1.000000e-05	1.000000e+05	3.967080e-01	3.683999e-01	3.894266e-01
7	7_165680	165680	0	T	C	0.375	-1.072137e+02	1.397447e+02	-1.181254e+02	1.000000e-05	1.000000e+05	4.557007e-01	4.872148e-01	5.017543e-01
7	7_165704	165704	1	A	G	0.533	2.680388e+01	1.427907e+02	-1.183660e+02	1.000000e-05	1.000000e+05	8.537939e-01	9.683085e-01	9.688702e-01
7	7_165798	165798	2	C	T	0.286	-5.623632e+01	1.627363e+02	-1.183447e+02	1.000000e-05	1.000000e+05	7.348055e-01	8.338702e-01	8.370021e-01
7	7_165854	165854	2	C	T	0.357	-2.224991e+02	1.421449e+02	-1.167953e+02	1.000000e-05	1.000000e+05	1.398309e-01	7.625880e-02	1.133145e-01
7	7_165873	165873	0	A	G	0.312	-2.910257e+02	1.397392e+02	-1.159170e+02	9.846415e+00	1.000000e+05	5.610490e-02	2.686557e-02	5.910547e-02
7	7_165955	165955	1	T	C	0.467	-2.135360e+02	1.310863e+02	-1.177021e+02	1.000000e-05	1.000000e+05	1.256052e-01	2.489454e-01	2.777181e-01
7	7_166056	166056	1	A	C	0.467	-2.537052e+02	1.259109e+02	-1.164180e+02	1.030238e-03	1.000000e+05	6.352974e-02	4.835724e-02	8.404285e-02
7	7_166309	166309	1	G	A	0.467	3.507049e+01	1.426628e+02	-1.183153e+02	1.000000e-05	1.000000e+05	8.093829e-01	7.482822e-01	7.534050e-01
7	7_166838	166838	0	T	A	0.188	-1.039727e-01	1.769384e+02	-1.183558e+02	1.000000e-05	1.000000e+05	9.995394e-01	8.825324e-01	8.846784e-01
7	7_166992	166992	0	A	G	0.312	9.942370e+01	1.466069e+02	-1.179380e+02	1.000000e-05	1.000000e+05	5.087216e-01	3.544404e-01	3.763212e-01
7	7_167034	167034	2	T	C	0.286	1.639091e+02	1.574483e+02	-1.177303e+02	1.000000e-05	1.000000e+05	3.155048e-01	2.592225e-01	2.873039e-01
7	7_167035	167035	1	C	A	0.333	1.159391e+02	1.480989e+02	-1.178395e+02	1.000000e-05	1.000000e+05	4.467566e-01	3.044887e-01	3.295564e-01
7	7_167135	167135	2	A	G	0.500	-1.478136e+02	1.422764e+02	-1.174693e+02	1.000000e-05	1.000000e+05	3.164541e-01	1.803271e-01	2.135867e-01
7	7_167192	167192	0	C	T	0.438	-1.360094e+02	1.343849e+02	-1.175877e+02	1.000000e-05	1.000000e+05	3.286689e-01	2.119380e-01	2.431802e-01
7	7_167224	167224	1	T	A	0.333	-1.180386e+02	1.479801e+02	-1.176238e+02	1.000000e-05	1.000000e+05	4.383854e-01	2.228463e-01	2.533672e-01
7	7_167292	167292	2	A	G	0.429	-9.493275e+01	1.470160e+02	-1.183040e+02	1.000000e-05	1.000000e+05	5.288962e-01	7.232504e-01	7.290349e-01
7	7_167370	167370	1	A	G	0.400	-2.391901e+01	1.454534e+02	-1.181829e+02	1.000000e-05	1.000000e+05	8.717319e-01	5.443050e-01	5.562489e-01
7	7_167655	167655	2	G	A	0.429	-1.797831e+02	1.412401e+02	-1.171645e+02	1.000000e-05	1.000000e+05	2.237895e-01	1.209809e-01	1.573199e-01
7	7_167687	167687	1	A	C	0.200	-1.450995e+02	1.740474e+02	-1.181556e+02	1.000000e-05	1.000000e+05	4.184600e-01	5.157779e-01	5.289769e-01
7	7_453828	453828	1	T	C	0.200	-1.232728e+02	1.752453e+02	-1.180220e+02	1.000000e-05	1.000000e+05	4.933214e-01	4.063150e-01	4.251150e-01
7	7_479542	479542	0	A	G	0.125	2.078796e+01	2.087476e+02	-1.182782e+02	1.000000e-05	1.000000e+05	9.220864e-01	6.738250e-01	6.810442e-01
7	7_672119	672119	0	G	A	0.312	1.032647e+01	1.489698e+02	-1.182023e+02	1.000000e-05	1.000000e+05	9.457159e-01	5.662893e-01	5.773217e-01
7	7_752860	752860	2	A	T	0.286	3.101579e+01	1.632184e+02	-1.180744e+02	1.000000e-05	1.000000e+05	8.520163e-01	4.444940e-01	4.611980e-01
7	7_752861	752861	0	A	T	0.188	-1.037892e-01	1.769383e+02	-1.182847e+02	1.000000e-05	1.000000e+05	9.995403e-01	6.854284e-01	6.922946e-01
7	7_908360	908360	1	C	A	0.133	-1.650599e+02	2.051331e+02	-1.180836e+02	1.000000e-05	1.000000e+05	4.344756e-01	4.517282e-01	4.680522e-01
7	7_1196178	1196178	0	C	T	0.625	1.027512e+02	1.399842e+02	-1.176324e+02	1.000000e-05	1.000000e+05	4.750511e-01	2.255676e-01	2.559074e-01
7	7_1205599	1205599	2	G	T	0.286	-1.709901e+02	1.569093e+02	-1.174649e+02	1.000000e-05	1.000000e+05	2.942309e-01	1.792696e-01	2.125938e-01
7	7_1205600	1205600	1	G	A	0.267	-1.552220e+02	1.558660e+02	-1.175421e+02	1.000000e-05	1.000000e+05	3.362161e-01	1.990496e-01	2.311303e-01
7	7_1205735	1205735	2	T	A	0.214	2.528707e+02	1.669837e+02	-1.165622e+02	7.365026e-02	1.000000e+05	1.521855e-01	5.746606e-02	9.385435e-02
7	7_1263585	1263585	0	T	C	0.375	1.741293e+01	1.425766e+02	-1.181730e+02	1.000000e-05	1.000000e+05	9.045316e-01	5.336412e-01	5.460446e-01
7	7_1263610	1263610	0	G	A	0.438	8.323385e+01	1.374257e+02	-1.180752e+02	1.000000e-05	1.000000e+05	5.544304e-01	4.451067e-01	4.617783e-01
7	7_1263646	1263646	0	G	A	0.125	-1.532700e+02	2.047644e+02	-1.180773e+02	1.000000e-05	1.000000e+05	4.665373e-01	4.467529e-01	4.633377e-01
7	7_1263647	1263647	0	G	T	0.125	-1.532700e+02	2.047644e+02	-1.180773e+02	1.000000e-05	1.000000e+05	4.665373e-01	4.467529e-01	4.633377e-01
7	7_1266484	1266484	1	T	A	0.400	-2.359407e+02	1.312300e+02	-1.173175e+02	1.000000e-05	1.000000e+05	9.378338e-02	1.474496e-01	1.825870e-01
7	7_1276916	1276916	0	A	G	0.188	-3.610577e-01	1.769383e+02	-1.183655e+02	1.000000e-05	1.000000e+05	9.984006e-01	9.598497e-01	9.605624e-01
7	7_1276919	1276919	0	G	A	0.125	-1.532698e+02	2.047643e+02	-1.180301e+02	1.000000e-05	1.000000e+05	4.665376e-01	4.118899e-01	4.303745e-01
7	7_1341024	1341024	0	A	C	0.312	1.146903e+02	1.533473e+02	-1.175513e+02	4.024836e-01	1.000000e+05	4.668917e-01	2.015791e-01	2.334967e-01
8	8_817562	817562	2	T	C	0.071	2.884529e+02	2.761125e+02	-1.179355e+02	1.000000e-05	1.000000e+05	3.138684e-01	3.530349e-01	3.750027e-01
8	8_817567	817567	2	C	T	0.071	2.884529e+02	2.761125e+02	-1.179355e+02	1.000000e-05	1.000000e+05	3.138684e-01	3.530349e-01	3.750027e-01
8	8_817674	817674	1	A	G	0.133	7.656078e+01	2.088232e+02	-1.181789e+02	1.000000e-05	1.000000e+05	7.193770e-01	5.399035e-01	5.520356e-01
8	8_818838	818838	3	G	A	0.385	3.905665e+01	1.571375e+02	-1.180203e+02	1.000000e-05	1.000000e+05	8.073172e-01	4.051586e-01	4.240244e-01
8	8_847517	847517	0	A	G	0.188	-1.410741e+02	1.728747e+02	-1.183381e+02	1.000000e-05	1.000000e+05	4.281394e-01	8.108976e-01	8.145275e-01
8	8_874822	874822	1	G	A	0.133	-1.363358e+02	2.066351e+02	-1.179493e+02	1.000000e-05	1.000000e+05	5.200958e-01	3.608584e-01	3.823444e-01
8	8_874895	874895	2	T	C	0.143	-1.788148e+02	2.055017e+02	-1.178866e+02	1.000000e-05	1.000000e+05	3.988991e-01	3.271243e-01	3.507247e-01
8	8_874992	874992	0	C	T	0.125	-1.532698e+02	2.047644e+02	-1.180149e+02	1.000000e-05	1.000000e+05	4.665378e-01	4.015265e-01	4.205999e-01
8	8_1252135	1252135	1	T	C	0.400	4.614697e+01	1.464510e+02	-1.179457e+02	4.616548e-02	1.000000e+05	7.573320e-01	3.588156e-01	3.804269e-01
8	8_1326133	1326133	0	A	G	0.188	1.312125e+02	1.734285e+02	-1.182940e+02	1.000000e-05	1.000000e+05	4.618445e-01	7.029436e-01	7.092961e-01
8	8_1326140	1326140	0	G	A	0.125	2.593955e+02	1.969779e+02	-1.179328e+02	1.000000e-05	1.000000e+05	2.090297e-01	3.515554e-01	3.736149e-01
8	8_1383765	1383765	0	A	G	0.438	1.123766e+02	1.359361e+02	-1.178972e+02	1.000000e-05	1.000000e+05	4.222812e-01	3.325325e-01	3.557877e-01
9	9_5213	5213	1	G	C	0.067	9.188699e+02	1.462478e+02	-1.072309e+02	5.183744e+00	1.000000e+05	2.012072e-05	2.366688e-06	3.772066e-03
9	9_6619	6619	0	C	T	0.250	3.359395e+02	1.352616e+02	-1.147935e+02	2.457088e+00	1.000000e+05	2.628451e-02	7.511167e-03	3.082265e-02
9	9_7470	7470	0	A	G	0.375	-1.052104e+02	1.398536e+02	-1.182712e+02	1.000000e-05	1.000000e+05	4.643385e-01	6.619434e-01	6.695351e-01
9	9_7729	7729	0	C	T	0.375	3.826211e+00	1.426485e+02	-1.183653e+02	1.000000e-05	1.000000e+05	9.789798e-01	9.572061e-01	9.579662e-01
9	9_8171	8171	1	G	A	0.533	1.325732e+01	1.429267e+02	-1.183609e+02	1.000000e-05	1.000000e+05	9.274116e-01	9.142518e-01	9.157949e-01
9	9_10033	10033	0	C	T	0.250	-1.618310e+02	1.535136e+02	-1.178832e+02	1.000000e-05	1.000000e+05	3.096547e-01	3.254253e-01	3.491346e-01
9	9_220237	220237	1	A	G	0.133	-1.640307e+02	2.051923e+02	-1.183397e+02	1.000000e-05	1.000000e+05	4.374122e-01	8.160806e-01	8.195960e-01
9	9_220963	220963	0	C	T	0.188	-1.645828e+02	1.713837e+02	-1.179738e+02	1.000000e-05	1.000000e+05	3.531881e-01	3.753477e-01	3.959560e-01
9	9_705343	705343	1	G	A	0.200	7.532874e+01	1.771753e+02	-1.182583e+02	1.000000e-05	1.000000e+05	6.771788e-01	6.414711e-01	6.497314e-01
9	9_705571	705571	0	C	T	0.500	-2.541957e+01	1.379555e+02	-1.182118e+02	1.000000e-05	1.000000e+05	8.564525e-01	5.777355e-01	5.883120e-01
9	9_706175	706175	1	G	A	0.400	-1.533115e+02	1.397093e+02	-1.174721e+02	1.000000e-05	1.000000e+05	2.910000e-01	1.810081e-01	2.142258e-01
9	9_1115286	1115286	0	G	A	0.500	2.512890e+01	1.379592e+02	-1.181638e+02	1.000000e-05	1.000000e+05	8.580782e-01	5.240176e-01	5.368455e-01
10	10_15220	15220	0	T	A	0.125	-1.526064e+02	2.048001e+02	-1.180058e+02	1.000000e-05	1.000000e+05	4.685081e-01	3.955489e-01	4.149668e-01
10	10_15279	15279	1	A	G	0.267	-1.917175e+02	1.529373e+02	-1.176104e+02	1.000000e-05	1.000000e+05	2.305292e-01	2.187342e-01	2.495280e-01
10	10_15288	15288	1	C	T	0.267	-1.640262e+02	1.552207e+02	-1.179777e+02	1.000000e-05	1.000000e+05	3.085298e-01	3.777059e-01	3.981732e-01
10	10_15302	15302	2	T	C	0.357	-2.015150e+02	1.443630e+02	-1.170621e+02	1.000000e-05	1.000000e+05	1.844913e-01	1.062367e-01	1.430493e-01
10	10_15428	15428	1	C	G	0.133	-1.643898e+02	2.051719e+02	-1.177966e+02	1.000000e-05	1.000000e+05	4.363867e-01	2.855886e-01	3.119048e-01
10	10_15438	15438	0	G	A	0.125	-1.526060e+02	2.048000e+02	-1.179959e+02	1.000000e-05	1.000000e+05	4.685088e-01	3.891326e-01	4.089243e-01
10	10_15441	15441	1	A	G	0.133	-1.643898e+02	2.051719e+02	-1.177966e+02	1.000000e-05	1.000000e+05	4.363867e-01	2.855886e-01	3.119048e-01
10	10_15449	15449	1	C	T	0.067	-1.520250e+02	2.830398e+02	-1.182710e+02	1.000000e-05	1.000000e+05	5.996212e-01	6.616916e-01	6.692912e-01
10	10_15455	15455	0	C	T	0.062	-1.418123e+02	2.827764e+02	-1.183276e+02	1.000000e-05	1.000000e+05	6.238129e-01	7.795147e-01	7.838660e-01
10	10_15458	15458	0	G	A	0.062	-1.418123e+02	2.827764e+02	-1.183276e+02	1.000000e-05	1.000000e+05	6.238129e-01	7.795147e-01	7.838660e-01
10	10_15461	15461	0	T	C	0.062	-1.418123e+02	2.827764e+02	-1.183276e+02	1.000000e-05	1.000000e+05	6.238129e-01	7.795147e-01	7.838660e-01
10	10_15463	15463	0	A	T	0.062	-1.418123e+02	2.827764e+02	-1.183276e+02	1.000000e-05	1.000000e+05	6.238129e-01	7.795147e-01	7.838660e-01
10	10_15473	15473	0	C	T	0.062	-1.418123e+02	2.827764e+02	-1.183276e+02	1.000000e-05	1.000000e+05	6.238129e-01	7.795147e-01	7.838660e-01
10	10_17879	17879	0	T	C	0.250	2.635918e+02	1.435608e+02	-1.163858e+02	1.085681e-01	1.000000e+05	8.766810e-02	4.654328e-02	8.204876e-02
10	10_17897	17897	0	A	G	0.250	2.635918e+02	1.435608e+02	-1.163858e+02	1.085681e-01	1.000000e+05	8.766810e-02	4.654328e-02	8.204876e-02
10	10_18092	18092	0	A	G	0.438	-1.216152e+02	1.353669e+02	-1.183385e+02	1.000000e-05	1.000000e+05	3.841576e-01	8.122694e-01	8.158689e-01
10	10_18647	18647	2	C	T	0.143	-1.921734e+02	2.010170e+02	-1.167815e+02	5.546784e-01	1.000000e+05	3.552872e-01	7.498076e-02	1.120166e-01
10	10_18785	18785	0	G	A	0.125	-1.529118e+02	2.047834e+02	-1.181250e+02	1.000000e-05	1.000000e+05	4.675999e-01	4.868862e-01	5.014417e-01
10	10_18869	18869	0	G	A	0.250	-1.786059e+02	1.521792e+02	-1.179393e+02	1.000000e-05	1.000000e+05	2.601135e-01	3.551619e-01	3.769982e-01
10	10_18908	18908	0	G	A	0.438	-4.191338e+01	1.387630e+02	-1.183667e+02	1.000000e-05	1.000000e+05	7.670544e-01	9.962799e-01	9.963457e-01
10	10_18915	18915	0	T	C	0.438	-4.191338e+01	1.387630e+02	-1.183667e+02	1.000000e-05	1.000000e+05	7.670544e-01	9.962799e-01	9.963457e-01
10	10_18933	18933	0	A	G	0.438	-1.731682e+01	1.391375e+02	-1.183142e+02	1.000000e-05	1.000000e+05	9.027217e-01	7.458329e-01	7.510187e-01
10	10_18941	18941	2	T	C	0.500	7.961687e+01	1.461180e+02	-1.181834e+02	1.000000e-05	1.000000e+05	5.944097e-01	5.448433e-01	5.567644e-01
10	10_18943	18943	1	G	A	0.533	2.278238e+02	1.293566e+02	-1.166893e+02	1.000000e-05	1.000000e+05	1.000179e-01	6.700475e-02	1.038400e-01
10	10_18988	18988	3	A	G	0.077	-1.359616e+02	2.852194e+02	-1.183148e+02	1.000000e-05	1.000000e+05	6.409367e-01	7.472776e-01	7.524262e-01
10	10_18992	18992	0	A	G	0.062	-1.337976e+02	2.830547e+02	-1.183069e+02	1.000000e-05	1.000000e+05	6.437177e-01	7.293447e-01	7.349644e-01
10	10_18997	18997	2	G	A	0.071	-1.248356e+02	2.847248e+02	-1.182926e+02	1.000000e-05	1.000000e+05	6.677549e-01	7.002012e-01	7.066326e-01
10	10_19002	19002	0	T	C	0.125	-1.483127e+02	2.050251e+02	-1.183015e+02	1.000000e-05	1.000000e+05	4.813539e-01	7.179662e-01	7.238958e-01
10	10_19004	19004	0	G	A	0.125	-1.483127e+02	2.050251e+02	-1.183015e+02	1.000000e-05	1.000000e+05	4.813539e-01	7.179662e-01	7.238958e-01
10	10_19015	19015	0	A	G	0.125	-1.483127e+02	2.050251e+02	-1.183015e+02	1.000000e-05	1.000000e+05	4.813539e-01	7.179662e-01	7.238958e-01
10	10_19031	19031	0	G	A	0.062	-1.337976e+02	2.830547e+02	-1.183069e+02	1.000000e-05	1.000000e+05	6.437177e-01	7.293447e-01	7.349644e-01
10	10_19067	19067	1	A	T	0.133	7.650877e+01	2.088244e+02	-1.183451e+02	1.000000e-05	1.000000e+05	7.195603e-01	8.353647e-01	8.384649e-01
10	10_318276	318276	0	G	A	0.250	-1.782186e+02	1.522117e+02	-1.179304e+02	1.000000e-05	1.000000e+05	2.611990e-01	3.501855e-01	3.723301e-01
10	10_387430	387430	1	G	A	0.133	6.721882e+01	2.090531e+02	-1.180464e+02	1.000000e-05	1.000000e+05	7.525520e-01	4.234616e-01	4.413016e-01
10	10_583208	583208	1	A	G	0.533	-1.039143e+02	1.402470e+02	-1.172705e+02	1.000000e-05	1.000000e+05	4.709772e-01	1.386889e-01	1.742637e-01
10	10_584652	584652	0	G	T	0.438	-4.396133e+01	1.387178e+02	-1.182178e+02	1.000000e-05	1.000000e+05	7.559869e-01	5.852456e-01	5.955298e-01
10	10_724149	724149	0	G	A	0.188	2.295693e+02	1.659601e+02	-1.170208e+02	1.000000e-05	1.000000e+05	1.882419e-01	1.008585e-01	1.377963e-01
10	10_724150	724150	0	A	G	0.188	2.295693e+02	1.659601e+02	-1.170208e+02	1.000000e-05	1.000000e+05	1.882419e-01	1.008585e-01	1.377963e-01
11	11_9749	9749	0	A	G	0.125	-1.526060e+02	2.048000e+02	-1.181746e+02	1.000000e-05	1.000000e+05	4.685091e-01	5.352650e-01	5.475977e-01
11	11_10019	10019	1	G	C	0.400	1.579943e+02	1.393360e+02	-1.177774e+02	1.000000e-05	1.000000e+05	2.758768e-01	2.776177e-01	3.044654e-01
11	11_10896	10896	0	C	G	0.062	-1.430527e+02	2.827313e+02	-1.180867e+02	1.000000e-05	1.000000e+05	6.207529e-01	4.541909e-01	4.703868e-01
11	11_10931	10931	0	T	A	0.125	-1.483120e+02	2.050250e+02	-1.183617e+02	1.000000e-05	1.000000e+05	4.813557e-01	9.200643e-01	9.214996e-01
11	11_10934	10934	0	G	T	0.188	-1.615007e+02	1.715930e+02	-1.183078e+02	1.000000e-05	1.000000e+05	3.625678e-01	7.313283e-01	7.368948e-01
11	11_104630	104630	0	A	G	0.188	6.505423e+00	1.769299e+02	-1.183134e+02	1.000000e-05	1.000000e+05	9.711888e-01	7.440537e-01	7.492855e-01
11	11_104688	104688	1	G	A	0.200	-1.450991e+02	1.740476e+02	-1.182669e+02	1.000000e-05	1.000000e+05	4.184615e-01	6.549973e-01	6.628120e-01
11	11_384025	384025	0	T	C	0.188	2.464137e+02	1.642136e+02	-1.165017e+02	3.590060e-01	1.000000e+05	1.556797e-01	5.344281e-02	8.955899e-02
11	11_547884	547884	0	C	T	0.125	7.679670e+01	2.078109e+02	-1.179793e+02	1.000000e-05	1.000000e+05	7.172469e-01	3.787265e-01	3.991330e-01
11	11_804706	804706	1	A	G	0.267	-1.072283e+02	1.587258e+02	-1.182534e+02	1.000000e-05	1.000000e+05	5.103271e-01	6.339874e-01	6.425010e-01
11	11_804710	804710	3	C	T	0.231	-7.612701e+01	1.807047e+02	-1.183567e+02	1.000000e-05	1.000000e+05	6.799481e-01	8.875085e-01	8.895582e-01
11	11_804742	804742	1	G	A	0.400	-6.409451e+01	1.445826e+02	-1.183231e+02	1.000000e-05	1.000000e+05	6.643172e-01	7.676062e-01	7.722449e-01
11	11_804763	804763	1	C	T	0.200	9.255409e+00	1.782982e+02	-1.183118e+02	1.000000e-05	1.000000e+05	9.593340e-01	7.402639e-01	7.455943e-01
11	11_966513	966513	1	T	A	0.133	-1.042148e+02	2.079663e+02	-1.182667e+02	1.000000e-05	1.000000e+05	6.240775e-01	6.546336e-01	6.624600e-01
11	11_966516	966516	0	C	T	0.125	-1.248187e+02	2.061399e+02	-1.182097e+02	1.000000e-05	1.000000e+05	5.545333e-01	5.752413e-01	5.859160e-01
11	11_966519	966519	0	C	T	0.125	-1.248187e+02	2.061399e+02	-1.182097e+02	1.000000e-05	1.000000e+05	5.545333e-01	5.752413e-01	5.859160e-01
11	11_966569	966569	1	C	G	0.133	-1.042148e+02	2.079663e+02	-1.182667e+02	1.000000e-05	1.000000e+05	6.240775e-01	6.546336e-01	6.624600e-01
11	11_966644	966644	2	C	A	0.214	-1.260792e+01	1.798975e+02	-1.183637e+02	1.000000e-05	1.000000e+05	9.451181e-01	9.373463e-01	9.384647e-01
11	11_966669	966669	1	C	T	0.400	-1.189631e+02	1.420800e+02	-1.182343e+02	1.000000e-05	1.000000e+05	4.164906e-01	6.067730e-01	6.162486e-01
11	11_966684	966684	2	T	C	0.429	6.505102e+01	1.481729e+02	-1.183457e+02	1.000000e-05	1.000000e+05	6.673462e-01	8.375995e-01	8.406526e-01
11	11_966699	966699	1	T	C	0.333	-8.655992e+01	1.495266e+02	-1.183288e+02	1.000000e-05	1.000000e+05	5.718581e-01	7.829901e-01	7.872589e-01
11	11_966700	966700	1	G	A	0.333	-8.655992e+01	1.495266e+02	-1.183288e+02	1.000000e-05	1.000000e+05	5.718581e-01	7.829901e-01	7.872589e-01
11	11_966735	966735	0	A	C	0.250	-1.593265e+02	1.537008e+02	-1.183032e+02	1.000000e-05	1.000000e+05	3.174953e-01	7.214742e-01	7.273073e-01
11	11_966738	966738	1	T	A	0.267	-1.875868e+02	1.533029e+02	-1.182633e+02	1.000000e-05	1.000000e+05	2.412856e-01	6.491557e-01	6.571610e-01
11	11_966756	966756	0	A	G	0.188	-1.615004e+02	1.715932e+02	-1.183564e+02	1.000000e-05	1.000000e+05	3.625690e-01	8.854971e-01	8.875856e-01
11	11_966757	966757	0	T	C	0.188	-1.615004e+02	1.715932e+02	-1.183564e+02	1.000000e-05	1.000000e+05	3.625690e-01	8.854971e-01	8.875856e-01
11	11_966771	966771	0	T	C	0.250	-1.759229e+02	1.524024e+02	-1.182920e+02	1.000000e-05	1.000000e+05	2.676890e-01	6.989410e-01	7.054089e-01
11	11_1478119	1478119	0	A	G	0.312	-8.911300e+01	1.470797e+02	-1.183502e+02	1.000000e-05	1.000000e+05	5.542894e-01	8.555201e-01	8.582029e-01
12	12_11092	11092	0	G	A	0.312	1.066515e+01	1.489686e+02	-1.183662e+02	1.000000e-05	1.000000e+05	9.439383e-01	9.739202e-01	9.743821e-01
12	12_11094	11094	0	A	G	0.500	8.326544e+01	1.395168e+02	-1.180022e+02	9.179522e-02	1.000000e+05	5.601603e-01	3.931945e-01	4.127491e-01
12	12_11122	11122	0	G	C	0.312	-7.794673e+01	1.475322e+02	-1.181449e+02	1.000000e-05	1.000000e+05	6.055399e-01	5.053016e-01	5.189824e-01
12	12_11170	11170	0	C	T	0.375	-9.490273e+01	1.410066e+02	-1.180032e+02	2.051946e-02	1.000000e+05	5.118811e-01	3.938273e-01	4.133452e-01
12	12_11223	11223	0	G	C	0.312	-7.089262e+01	1.477860e+02	-1.180404e+02	1.000000e-05	1.000000e+05	6.388498e-01	4.191735e-01	4.372507e-01
12	12_11400	11400	0	A	C	0.438	-1.408607e+02	1.393330e+02	-1.173868e+02	2.119343e-01	1.000000e+05	3.291878e-01	1.615146e-01	1.958873e-01
12	12_11406	11406	0	A	G	0.438	-1.408607e+02	1.393330e+02	-1.173868e+02	2.119343e-01	1.000000e+05	3.291878e-01	1.615146e-01	1.958873e-01
12	12_11407	11407	0	C	A	0.438	-1.408607e+02	1.393330e+02	-1.173868e+02	2.119343e-01	1.000000e+05	3.291878e-01	1.615146e-01	1.958873e-01
12	12_11410	11410	0	C	T	0.438	-1.408607e+02	1.393330e+02	-1.173868e+02	2.119343e-01	1.000000e+05	3.291878e-01	1.615146e-01	1.958873e-01
12	12_11413	11413	1	T	G	0.467	-3.364547e+01	1.426876e+02	-1.182918e+02	1.000000e-05	1.000000e+05	8.170039e-01	6.986460e-01	7.051224e-01
12	12_13936	13936	0	C	T	0.125	4.923922e+01	2.084065e+02	-1.183644e+02	1.000000e-05	1.000000e+05	8.166485e-01	9.457432e-01	9.467094e-01
12	12_13979	13979	2	T	C	0.143	1.080722e+02	2.089992e+02	-1.183387e+02	1.000000e-05	1.000000e+05	6.131627e-01	8.128945e-01	8.164802e-01
12	12_14009	14009	0	C	T	0.250	2.599518e+02	1.435629e+02	-1.169683e+02	1.000000e-05	1.000000e+05	9.169235e-02	9.445307e-02	1.314998e-01
12	12_14035	14035	1	C	T	0.400	1.272190e+02	1.415682e+02	-1.180666e+02	1.000000e-05	1.000000e+05	3.840392e-01	4.384930e-01	4.555165e-01
12	12_14096	14096	0	C	T	0.375	4.303724e+00	1.426476e+02	-1.182141e+02	1.000000e-05	1.000000e+05	9.763571e-01	5.805281e-01	5.909952e-01
12	12_14104	14104	1	C	T	0.400	-9.454205e+00	1.455719e+02	-1.181680e+02	1.000000e-05	1.000000e+05	9.491359e-01	5.284343e-01	5.410662e-01
12	12_14114	14114	0	T	C	0.312	-7.307734e+01	1.477098e+02	-1.183654e+02	1.000000e-05	1.000000e+05	6.284600e-01	9.592927e-01	9.600154e-01
12	12_14125	14125	1	A	G	0.267	-5.210982e+01	1.606900e+02	-1.183663e+02	1.000000e-05	1.000000e+05	7.505144e-01	9.754480e-01	9.758828e-01
12	12_14197	14197	0	G	A	0.125	-1.522474e+02	2.048190e+02	-1.183195e+02	1.000000e-05	1.000000e+05	4.695752e-01	7.586570e-01	7.635172e-01
12	12_14202	14202	0	A	G	0.125	-1.522474e+02	2.048190e+02	-1.183195e+02	1.000000e-05	1.000000e+05	4.695752e-01	7.586570e-01	7.635172e-01
12	12_14301	14301	2	G	A	0.571	-1.356371e+01	1.491454e+02	-1.183667e+02	1.000000e-05	1.000000e+05	9.288264e-01	9.901331e-01	9.903076e-01
12	12_14318	14318	0	A	G	0.312	1.319824e+02	1.447598e+02	-1.178208e+02	1.000000e-05	1.000000e+05	3.773413e-01	2.960463e-01	3.216694e-01
12	12_14741	14741	1	C	G	0.400	7.611531e+01	1.441658e+02	-1.182155e+02	1.000000e-05	1.000000e+05	6.057876e-01	5.822912e-01	5.926898e-01
12	12_14783	14783	2	A	G	0.071	-1.341810e+02	2.844209e+02	-1.168604e+02	1.000000e-05	1.000000e+05	6.443598e-01	8.261531e-02	1.197260e-01
12	12_15014	15014	1	A	G	0.400	1.765181e+02	1.369839e+02	-1.165773e+02	8.102797e-01	1.000000e+05	2.184239e-01	5.851676e-02	9.496721e-02
12	12_19728	19728	0	A	G	0.125	-1.483127e+02	2.050251e+02	-1.183015e+02	1.000000e-05	1.000000e+05	4.813539e-01	7.179662e-01	7.238958e-01
12	12_19741	19741	0	C	T	0.188	-1.612436e+02	1.716103e+02	-1.182908e+02	1.000000e-05	1.000000e+05	3.633565e-01	6.966783e-01	7.032119e-01
12	12_356356	356356	0	A	G	0.125	-1.248193e+02	2.061397e+02	-1.180246e+02	1.000000e-05	1.000000e+05	5.545310e-01	4.081194e-01	4.268169e-01
12	12_356358	356358	0	A	G	0.125	-1.248193e+02	2.061397e+02	-1.180246e+02	1.000000e-05	1.000000e+05	5.545310e-01	4.081194e-01	4.268169e-01
12	12_356374	356374	0	G	A	0.125	-1.248193e+02	2.061397e+02	-1.180246e+02	1.000000e-05	1.000000e+05	5.545310e-01	4.081194e-01	4.268169e-01
12	12_502808	502808	2	A	G	0.357	1.142809e+02	1.510247e+02	-1.174114e+02	1.000000e-05	1.000000e+05	4.617728e-01	1.668880e-01	2.009520e-01
12	12_502864	502864	2	T	C	0.500	-1.748352e+01	1.475852e+02	-1.183171e+02	1.000000e-05	1.000000e+05	9.073830e-01	7.526614e-01	7.576726e-01
12	12_502865	502865	2	G	T	0.500	-1.748352e+01	1.475852e+02	-1.183171e+02	1.000000e-05	1.000000e+05	9.073830e-01	7.526614e-01	7.576726e-01
12	12_502882	502882	2	G	A	0.429	1.855789e+01	1.491069e+02	-1.183660e+02	1.000000e-05	1.000000e+05	9.027202e-01	9.688392e-01	9.693915e-01
12	12_502888	502888	0	G	A	0.500	-1.529830e+01	1.380620e+02	-1.181792e+02	1.000000e-05	1.000000e+05	9.133419e-01	5.402186e-01	5.523373e-01
12	12_502890	502890	3	G	A	0.462	5.795785e+01	1.529059e+02	-1.183506e+02	1.000000e-05	1.000000e+05	7.103430e-01	8.575991e-01	8.602396e-01
12	12_502909	502909	0	C	T	0.375	1.009545e+02	1.400776e+02	-1.176235e+02	1.000000e-05	1.000000e+05	4.829529e-01	2.227566e-01	2.532835e-01
12	12_502926	502926	2	G	C	0.429	-4.523768e+01	1.486987e+02	-1.183465e+02	1.000000e-05	1.000000e+05	7.654325e-01	8.405407e-01	8.435322e-01
12	12_502937	502937	2	C	T	0.357	-1.562798e+01	1.540255e+02	-1.182914e+02	1.000000e-05	1.000000e+05	9.206213e-01	6.979046e-01	7.044026e-01
12	12_502942	502942	0	T	C	0.375	-2.367314e+01	1.425120e+02	-1.183346e+02	1.000000e-05	1.000000e+05	8.704429e-01	7.998519e-01	8.037300e-01
12	12_502956	502956	1	A	G	0.333	2.526929e-01	1.513056e+02	-1.182587e+02	1.000000e-05	1.000000e+05	9.986910e-01	6.420756e-01	6.503156e-01
12	12_503049	503049	1	C	G	0.200	-7.666363e+00	1.783035e+02	-1.180216e+02	1.000000e-05	1.000000e+05	9.663118e-01	4.060537e-01	4.248685e-01
12	12_503112	503112	2	G	A	0.286	-2.407814e+01	1.633019e+02	-1.182554e+02	1.000000e-05	1.000000e+05	8.848828e-01	6.369715e-01	6.453835e-01
12	12_503171	503171	3	G	A	0.308	-3.400650e+01	1.657535e+02	-1.181392e+02	1.000000e-05	1.000000e+05	8.403978e-01	4.999167e-01	5.138496e-01
12	12_503254	503254	0	C	G	0.312	8.475644e+01	1.472634e+02	-1.183667e+02	1.000000e-05	1.000000e+05	5.740592e-01	9.954079e-01	9.954892e-01
12	12_503293	503293	1	A	C	0.400	1.461466e+02	1.402569e+02	-1.181124e+02	1.000000e-05	1.000000e+05	3.150759e-01	4.756693e-01	4.907749e-01
12	12_503311	503311	1	A	C	0.400	3.430834e+01	1.453048e+02	-1.182344e+02	1.000000e-05	1.000000e+05	8.167644e-01	6.068939e-01	6.163651e-01
12	12_503313	503313	2	T	A	0.571	-6.873884e+01	1.480539e+02	-1.183355e+02	1.000000e-05	1.000000e+05	6.495827e-01	8.026575e-01	8.064719e-01
12	12_503321	503321	2	C	T	0.500	2.450718e+01	1.475138e+02	-1.181090e+02	1.000000e-05	1.000000e+05	8.704263e-01	4.727463e-01	4.879974e-01
12	12_503327	503327	1	A	C	0.400	8.163839e+01	1.439498e+02	-1.179426e+02	1.000000e-05	1.000000e+05	5.796056e-01	3.570206e-01	3.787423e-01
12	12_503356	503356	0	A	C	0.312	1.317999e+02	1.447719e+02	-1.181582e+02	1.000000e-05	1.000000e+05	3.780213e-01	5.183886e-01	5.314693e-01
12	12_503357	503357	0	T	G	0.312	1.317999e+02	1.447719e+02	-1.181582e+02	1.000000e-05	1.000000e+05	3.780213e-01	5.183886e-01	5.314693e-01
12	12_503364	503364	0	T	C	0.312	1.317999e+02	1.447719e+02	-1.181582e+02	1.000000e-05	1.000000e+05	3.780213e-01	5.183886e-01	5.314693e-01
12	12_503366	503366	0	C	T	0.312	1.317999e+02	1.447719e+02	-1.181582e+02	1.000000e-05	1.000000e+05	3.780213e-01	5.183886e-01	5.314693e-01
12	12_503401	503401	0	A	G	0.375	3.826271e+00	1.426486e+02	-1.183667e+02	1.000000e-05	1.000000e+05	9.789795e-01	9.912341e-01	9.913891e-01
12	12_503416	503416	0	G	A	0.188	1.246040e+02	1.737766e+02	-1.182286e+02	1.000000e-05	1.000000e+05	4.851439e-01	5.991421e-01	6.088994e-01
12	12_503422	503422	0	T	G	0.125	2.501910e+02	1.978269e+02	-1.174852e+02	1.000000e-05	1.000000e+05	2.266282e-01	1.842449e-01	2.172626e-01
12	12_503453	503453	0	T	C	0.062	1.818565e+02	2.811341e+02	-1.183351e+02	1.000000e-05	1.000000e+05	5.281815e-01	8.013019e-01	8.051470e-01
12	12_537923	537923	0	G	A	0.375	2.603349e+02	1.245337e+02	-1.173965e+02	1.000000e-05	1.000000e+05	5.529817e-02	1.636120e-01	1.978652e-01
13	13_11108	11108	0	C	T	0.125	4.008216e+02	1.795778e+02	-1.154428e+02	1.301060e-01	1.000000e+05	4.246798e-02	1.559535e-02	4.399525e-02
13	13_11118	11118	0	T	C	0.250	-1.784281e+02	1.521942e+02	-1.167281e+02	1.000000e-05	1.000000e+05	2.606119e-01	7.024210e-02	1.071756e-01
13	13_11130	11130	0	A	G	0.250	1.422085e+02	1.548953e+02	-1.181626e+02	1.000000e-05	1.000000e+05	3.741162e-01	5.227920e-01	5.356747e-01
13	13_52884	52884	0	A	G	0.125	-1.857526e+02	1.985933e+02	-1.166596e+02	3.931247e-01	1.000000e+05	3.654665e-01	6.463473e-02	1.013821e-01
13	13_128625	128625	4	A	G	0.333	7.806819e+01	1.678730e+02	-1.182201e+02	1.000000e-05	1.000000e+05	6.490513e-01	5.881774e-01	5.983489e-01
13	13_128715	128715	3	G	A	0.308	6.286788e+01	1.651499e+02	-1.183419e+02	1.000000e-05	1.000000e+05	7.091608e-01	8.234492e-01	8.268040e-01
13	13_128729	128729	3	G	A	0.308	6.286788e+01	1.651499e+02	-1.183419e+02	1.000000e-05	1.000000e+05	7.091608e-01	8.234492e-01	8.268040e-01
13	13_162462	162462	0	A	G	0.188	2.006514e+01	1.768571e+02	-1.183664e+02	1.000000e-05	1.000000e+05	9.112815e-01	9.779908e-01	9.783805e-01
13	13_219021	219021	1	C	T	0.133	-1.643895e+02	2.051719e+02	-1.181869e+02	1.000000e-05	1.000000e+05	4.363877e-01	5.486242e-01	5.603852e-01
13	13_219311	219311	0	A	T	0.125	2.145257e+01	2.087430e+02	-1.183666e+02	1.000000e-05	1.000000e+05	9.196029e-01	9.843480e-01	9.846249e-01
13	13_219312	219312	0	A	G	0.125	2.145257e+01	2.087430e+02	-1.183666e+02	1.000000e-05	1.000000e+05	9.196029e-01	9.843480e-01	9.846249e-01
13	13_655915	655915	0	A	G	0.438	-1.194324e+02	1.355056e+02	-1.178563e+02	1.000000e-05	1.000000e+05	3.929910e-01	3.123153e-01	3.368718e-01
13	13_742766	742766	2	G	A	0.214	-1.073589e+02	1.776267e+02	-1.181947e+02	1.000000e-05	1.000000e+05	5.552420e-01	5.574923e-01	5.688837e-01
13	13_742771	742771	0	C	A	0.250	1.606621e+02	1.573152e+02	-1.172781e+02	2.932858e-01	1.000000e+05	3.244486e-01	1.400521e-01	1.755611e-01
14	14_155590	155590	0	T	C	0.125	-1.938409e+02	2.073042e+02	-1.170047e+02	4.746870e-01	1.000000e+05	3.656090e-01	9.885001e-02	1.358269e-01
14	14_342562	342562	0	G	T	0.375	1.625727e+02	1.358744e+02	-1.170759e+02	1.000000e-05	1.000000e+05	2.513747e-01	1.081008e-01	1.448635e-01
14	14_383626	383626	0	G	A	0.125	7.679670e+01	2.078109e+02	-1.179793e+02	1.000000e-05	1.000000e+05	7.172469e-01	3.787265e-01	3.991330e-01
14	14_852745	852745	0	G	T	0.125	7.679670e+01	2.078109e+02	-1.179793e+02	1.000000e-05	1.000000e+05	7.172469e-01	3.787265e-01	3.991330e-01
14	14_908850	908850	0	G	A	0.375	-1.153895e+02	1.415633e+02	-1.173035e+02	2.041074e-01	1.000000e+05	4.286595e-01	1.447767e-01	1.800511e-01
14	14_908994	908994	1	C	T	0.133	-1.612297e+02	2.053508e+02	-1.181744e+02	1.000000e-05	1.000000e+05	4.454542e-01	5.350626e-01	5.474041e-01
14	14_909011	909011	1	T	C	0.133	-1.612297e+02	2.053508e+02	-1.181744e+02	1.000000e-05	1.000000e+05	4.454542e-01	5.350626e-01	5.474041e-01
14	14_909450	909450	0	G	T	0.250	-2.223961e+02	1.458931e+02	-1.163243e+02	1.183673e+00	1.000000e+05	1.496821e-01	4.326951e-02	7.840987e-02
14	14_909472	909472	0	G	T	0.312	8.493957e+01	1.472561e+02	-1.182045e+02	1.000000e-05	1.000000e+05	5.732227e-01	5.688725e-01	5.798009e-01
14	14_909504	909504	1	T	G	0.333	7.418273e+01	1.500012e+02	-1.182713e+02	1.000000e-05	1.000000e+05	6.285895e-01	6.621473e-01	6.697324e-01
14	14_909638	909638	0	C	T	0.250	-1.759233e+02	1.524024e+02	-1.179919e+02	1.000000e-05	1.000000e+05	2.676879e-01	3.865666e-01	4.065089e-01
14	14_909661	909661	0	G	A	0.250	-1.755356e+02	1.524342e+02	-1.181751e+02	1.000000e-05	1.000000e+05	2.687933e-01	5.358776e-01	5.481836e-01
14	14_909704	909704	0	G	A	0.375	-1.986775e+02	1.324017e+02	-1.178949e+02	1.000000e-05	1.000000e+05	1.556803e-01	3.313441e-01	3.546750e-01
14	14_910040	910040	1	A	G	0.400	1.417096e+02	1.409035e+02	-1.173358e+02	2.605570e-02	1.000000e+05	3.316171e-01	1.510131e-01	1.859635e-01
14	14_910103	910103	0	A	G	0.438	2.237222e+02	1.352063e+02	-1.162836e+02	9.247060e-01	1.000000e+05	1.202275e-01	4.123449e-02	7.611939e-02
14	14_910152	910152	1	A	G	0.333	-1.181992e+02	1.479714e+02	-1.182380e+02	1.000000e-05	1.000000e+05	4.377501e-01	6.117984e-01	6.210914e-01
14	14_910181	910181	1	G	A	0.400	1.052762e+02	1.514987e+02	-1.175212e+02	4.144083e-01	1.000000e+05	4.984907e-01	1.934549e-01	2.258936e-01
14	14_910258	910258	1	T	G	0.467	2.936350e+00	1.429685e+02	-1.181826e+02	1.000000e-05	1.000000e+05	9.839037e-01	5.439742e-01	5.559322e-01
14	14_910323	910323	0	T	C	0.375	-2.398375e+01	1.425082e+02	-1.181305e+02	1.000000e-05	1.000000e+05	8.687565e-01	4.918252e-01	5.061426e-01
14	14_910328	910328	0	G	A	0.438	1.873928e+02	1.298936e+02	-1.176593e+02	1.000000e-05	1.000000e+05	1.711141e-01	2.342564e-01	2.640156e-01
14	14_910510	910510	1	A	G	0.400	-4.211969e+01	1.451580e+02	-1.181445e+02	1.000000e-05	1.000000e+05	7.759440e-01	5.049416e-01	5.186392e-01
14	14_910555	910555	1	C	T	0.333	2.405679e+00	1.513043e+02	-1.183630e+02	1.000000e-05	1.000000e+05	9.875388e-01	9.313245e-01	9.325527e-01
14	14_910742	910742	0	A	G	0.312	-6.361778e+01	1.480221e+02	-1.183415e+02	1.000000e-05	1.000000e+05	6.738930e-01	8.221696e-01	8.255522e-01
14	14_910822	910822	0	G	A	0.188	-1.443763e+02	1.726799e+02	-1.181949e+02	1.000000e-05	1.000000e+05	4.171455e-01	5.577070e-01	5.690895e-01
14	14_910834	910834	1	T	A	0.067	-9.992429e+01	2.846909e+02	-1.182876e+02	1.000000e-05	1.000000e+05	7.308199e-01	6.906530e-01	6.973635e-01
14	14_910926	910926	2	G	A	0.357	-2.228606e+02	1.421044e+02	-1.168752e+02	1.000000e-05	1.000000e+05	1.391333e-01	8.414274e-02	1.212566e-01
14	14_910939	910939	2	A	C	0.429	-1.068329e+02	1.464315e+02	-1.181199e+02	1.000000e-05	1.000000e+05	4.776796e-01	4.822795e-01	4.970592e-01
14	14_910964	910964	1	A	G	0.467	2.111345e+02	1.313636e+02	-1.172248e+02	1.000000e-05	1.000000e+05	1.303111e-01	1.307180e-01	1.666589e-01
14	14_910966	910966	0	T	C	0.500	-1.791773e+02	1.295556e+02	-1.175540e+02	1.000000e-05	1.000000e+05	1.883214e-01	2.023145e-01	2.341845e-01
14	14_910979	910979	1	A	G	0.400	1.471764e+02	1.401798e+02	-1.175743e+02	1.000000e-05	1.000000e+05	3.115455e-01	2.080528e-01	2.395496e-01
14	14_911099	911099	2	A	G	0.429	-2.014271e+02	1.391381e+02	-1.173496e+02	1.000000e-05	1.000000e+05	1.697291e-01	1.537810e-01	1.885828e-01
14	14_911129	911129	0	T	C	0.438	-1.195682e+02	1.354972e+02	-1.181406e+02	1.000000e-05	1.000000e+05	3.924386e-01	5.012479e-01	5.151182e-01
14	14_911206	911206	0	G	A	0.250	-3.962746e+01	1.591380e+02	-1.182508e+02	1.000000e-05	1.000000e+05	8.069667e-01	6.301483e-01	6.387937e-01
14	14_911262	911262	0	A	C	0.125	8.533709e+01	2.075724e+02	-1.183348e+02	1.000000e-05	1.000000e+05	6.872088e-01	8.003774e-01	8.042435e-01
14	14_911292	911292	1	A	G	0.200	2.219805e+02	1.681569e+02	-1.173078e+02	1.000000e-05	1.000000e+05	2.079860e-01	1.455816e-01	1.808150e-01
14	14_911297	911297	2	A	C	0.214	2.509721e+02	1.669594e+02	-1.170203e+02	1.000000e-05	1.000000e+05	1.550091e-01	1.007906e-01	1.377298e-01
14	14_911308	911308	0	C	T	0.125	3.963922e+02	1.799531e+02	-1.156435e+02	1.000000e-05	1.000000e+05	4.486811e-02	1.960880e-02	4.965187e-02
14	14_911314	911314	0	A	G	0.125	3.963922e+02	1.799531e+02	-1.156435e+02	1.000000e-05	1.000000e+05	4.486811e-02	1.960880e-02	4.965187e-02
14	14_911321	911321	0	G	A	0.188	4.008776e+02	1.408136e+02	-1.137828e+02	1.000000e-05	1.000000e+05	1.292954e-02	2.463010e-03	1.933962e-02
14	14_911352	911352	1	G	A	0.400	-1.536346e+02	1.396838e+02	-1.166674e+02	1.000000e-05	1.000000e+05	2.899405e-01	6.524700e-02	1.020184e-01
14	14_911375	911375	1	G	A	0.267	3.472609e+01	1.610251e+02	-1.183666e+02	1.000000e-05	1.000000e+05	8.323659e-01	9.861129e-01	9.863586e-01
14	14_911385	911385	0	G	A	0.312	2.062301e+02	1.384260e+02	-1.171167e+02	1.000000e-05	1.000000e+05	1.584524e-01	1.138328e-01	1.504231e-01
14	14_911414	911414	1	G	A	0.200	3.959654e+02	1.435173e+02	-1.141326e+02	1.000000e-05	1.000000e+05	1.537066e-02	3.614008e-03	2.248679e-02
14	14_924025	924025	0	C	T	0.375	-2.581946e+01	1.424855e+02	-1.183625e+02	1.000000e-05	1.000000e+05	8.588018e-01	9.269823e-01	9.282900e-01
14	14_924047	924047	0	A	C	0.312	1.066520e+01	1.489685e+02	-1.183667e+02	1.000000e-05	1.000000e+05	9.439380e-01	9.993520e-01	9.993634e-01
14	14_924049	924049	0	A	T	0.312	1.066520e+01	1.489685e+02	-1.183667e+02	1.000000e-05	1.000000e+05	9.439380e-01	9.993520e-01	9.993634e-01
14	14_924050	924050	0	G	C	0.312	1.066520e+01	1.489685e+02	-1.183667e+02	1.000000e-05	1.000000e+05	9.439380e-01	9.993520e-01	9.993634e-01
14	14_924059	924059	0	T	C	0.250	-7.689376e+01	1.581607e+02	-1.180724e+02	1.000000e-05	1.000000e+05	6.343650e-01	4.429507e-01	4.597366e-01
14	14_924128	924128	0	G	A	0.125	-1.526058e+02	2.048000e+02	-1.182376e+02	1.000000e-05	1.000000e+05	4.685096e-01	6.113152e-01	6.206256e-01
14	14_924776	924776	0	A	G	0.125	-1.526058e+02	2.048000e+02	-1.182376e+02	1.000000e-05	1.000000e+05	4.685096e-01	6.113152e-01	6.206256e-01
14	14_924866	924866	0	G	A	0.438	1.914843e+02	1.294667e+02	-1.175828e+02	1.000000e-05	1.000000e+05	1.612803e-01	2.105131e-01	2.418487e-01
