chr	rs	ps	n_miss	allele1	allele0	af	beta	se	logl_H1	l_remle	l_mle	p_wald	p_lrt	p_score
1	1_44747	44747	0	C	G	0.188	-2.236257e+00	4.715101e+00	-6.025645e+01	1.000000e-05	1.000000e+05	6.426158e-01	8.205480e-01	8.239658e-01
1	1_44753	44753	1	G	A	0.200	-2.793253e+00	4.731282e+00	-6.022091e+01	1.000000e-05	1.000000e+05	5.643451e-01	7.262978e-01	7.319996e-01
1	1_44785	44785	1	G	A	0.133	-4.027314e+00	5.532432e+00	-6.007392e+01	1.000000e-05	1.000000e+05	4.786455e-01	5.186845e-01	5.317518e-01
1	1_47564	47564	0	G	A	0.438	-1.872399e+00	3.705872e+00	-6.019645e+01	1.000000e-05	1.000000e+05	6.212422e-01	6.788301e-01	6.858958e-01
1	1_47575	47575	0	G	A	0.500	-3.409303e+00	3.596550e+00	-6.006272e+01	1.000000e-05	1.000000e+05	3.592380e-01	5.076518e-01	5.212235e-01
1	1_47671	47671	1	G	A	0.467	-4.480165e+00	3.648965e+00	-5.983116e+01	1.000000e-05	1.000000e+05	2.397693e-01	3.422385e-01	3.648799e-01
1	1_47684	47684	2	C	G	0.500	-4.814906e+00	3.751792e+00	-5.958995e+01	1.000000e-05	1.000000e+05	2.202025e-01	2.393429e-01	2.687610e-01
1	1_47686	47686	2	A	G	0.500	-4.814906e+00	3.751792e+00	-5.958995e+01	1.000000e-05	1.000000e+05	2.202025e-01	2.393429e-01	2.687610e-01
1	1_309593	309593	0	A	G	0.438	1.283669e+00	3.723734e+00	-6.028162e+01	1.000000e-05	1.000000e+05	7.354239e-01	9.733485e-01	9.738206e-01
1	1_477160	477160	0	A	C	0.062	-3.952897e+00	7.591570e+00	-5.961780e+01	4.503595e-03	1.000000e+05	6.107158e-01	2.490253e-01	2.777927e-01
1	1_678413	678413	0	C	T	0.125	-3.691824e+00	5.547468e+00	-5.950183e+01	7.696926e-02	1.000000e+05	5.165477e-01	2.115635e-01	2.428303e-01
1	1_971811	971811	1	G	T	0.067	-7.159593e+00	7.438619e+00	-5.988232e+01	1.000000e-05	1.000000e+05	3.521345e-01	3.711813e-01	3.920400e-01
1	1_975012	975012	0	C	T	0.125	8.186417e-01	5.604990e+00	-5.995385e+01	1.000000e-05	1.000000e+05	8.859595e-01	4.177422e-01	4.358991e-01
1	1_975152	975152	1	T	C	0.333	2.780785e+00	3.995763e+00	-6.016615e+01	1.000000e-05	1.000000e+05	4.978618e-01	6.300120e-01	6.386620e-01
1	1_975212	975212	0	C	T	0.375	5.081295e+00	3.583136e+00	-5.978491e+01	1.000000e-05	1.000000e+05	1.780317e-01	3.186366e-01	3.427831e-01
1	1_975397	975397	2	T	C	0.357	5.535796e+00	3.865402e+00	-5.909770e+01	1.000000e-05	1.000000e+05	1.740517e-01	1.237697e-01	1.600008e-01
1	1_975445	975445	2	T	C	0.214	1.287996e+00	4.820890e+00	-6.022331e+01	1.000000e-05	1.000000e+05	7.932339e-01	7.315113e-01	7.370730e-01
1	1_975457	975457	1	A	G	0.333	-2.070053e+00	4.026460e+00	-5.983461e+01	1.000000e-05	1.000000e+05	6.151923e-01	3.440886e-01	3.666139e-01
1	1_975510	975510	1	T	C	0.133	-3.177767e-01	5.635518e+00	-6.022268e+01	1.000000e-05	1.000000e+05	9.558294e-01	7.301365e-01	7.357350e-01
1	1_1231132	1231132	0	A	G	0.125	-4.104921e+00	5.500928e+00	-6.021490e+01	1.000000e-05	1.000000e+05	4.678788e-01	7.137599e-01	7.198063e-01
1	1_1231136	1231136	0	G	C	0.125	-4.104921e+00	5.500928e+00	-6.021490e+01	1.000000e-05	1.000000e+05	4.678788e-01	7.137599e-01	7.198063e-01
1	1_1231137	1231137	0	G	A	0.125	-4.104921e+00	5.500928e+00	-6.021490e+01	1.000000e-05	1.000000e+05	4.678788e-01	7.137599e-01	7.198063e-01
1	1_1581524	1581524	1	A	G	0.133	6.874618e+00	5.328281e+00	-5.977655e+01	1.000000e-05	1.000000e+05	2.178805e-01	3.146033e-01	3.390111e-01
2	2_270700	270700	2	T	C	0.357	4.513740e+00	3.959168e+00	-5.936005e+01	1.000000e-05	1.000000e+05	2.733856e-01	1.744528e-01	2.080691e-01
2	2_270855	270855	0	G	A	0.438	2.143072e+00	3.695389e+00	-6.025452e+01	1.000000e-05	1.000000e+05	5.711769e-01	8.140461e-01	8.176064e-01
2	2_270969	270969	1	T	G	0.467	5.217015e+00	3.578352e+00	-5.967532e+01	1.000000e-05	1.000000e+05	1.669237e-01	2.705986e-01	2.979162e-01
2	2_270970	270970	1	T	A	0.467	5.217015e+00	3.578352e+00	-5.967532e+01	1.000000e-05	1.000000e+05	1.669237e-01	2.705986e-01	2.979162e-01
2	2_270971	270971	1	C	A	0.467	5.217015e+00	3.578352e+00	-5.967532e+01	1.000000e-05	1.000000e+05	1.669237e-01	2.705986e-01	2.979162e-01
2	2_270994	270994	0	A	G	0.500	4.677209e+00	3.493259e+00	-6.005506e+01	1.000000e-05	1.000000e+05	2.019311e-01	5.003285e-01	5.142421e-01
2	2_294465	294465	1	G	A	0.133	6.280748e+00	5.380393e+00	-6.017274e+01	1.000000e-05	1.000000e+05	2.625711e-01	6.398919e-01	6.482053e-01
2	2_697983	697983	0	G	A	0.125	-7.567487e+00	5.456996e+00	-5.934005e+01	2.009416e-01	1.000000e+05	1.872037e-01	1.698505e-01	2.037409e-01
2	2_983795	983795	0	C	G	0.125	-7.567487e+00	5.456996e+00	-5.934005e+01	2.009416e-01	1.000000e+05	1.872037e-01	1.698505e-01	2.037409e-01
2	2_1225303	1225303	0	G	A	0.125	-7.567487e+00	5.456996e+00	-5.934005e+01	2.009416e-01	1.000000e+05	1.872037e-01	1.698505e-01	2.037409e-01
3	3_10892	10892	0	C	G	0.062	7.408120e-01	7.661146e+00	-6.022891e+01	1.000000e-05	1.000000e+05	9.243374e-01	7.441354e-01	7.493651e-01
3	3_207299	207299	1	A	G	0.133	3.555830e+00	5.572853e+00	-5.967756e+01	1.452478e-01	1.000000e+05	5.337311e-01	2.714820e-01	2.987403e-01
3	3_750294	750294	0	T	G	0.312	3.966807e-01	4.000837e+00	-6.022833e+01	1.000000e-05	1.000000e+05	9.224254e-01	7.427757e-01	7.480406e-01
3	3_860957	860957	0	A	T	0.500	1.526268e+00	3.687683e+00	-6.027687e+01	1.000000e-05	1.000000e+05	6.852308e-01	9.179419e-01	9.194165e-01
3	3_862065	862065	0	G	A	0.250	-2.123268e+00	4.246391e+00	-6.027356e+01	1.000000e-05	1.000000e+05	6.248302e-01	8.955466e-01	8.974421e-01
3	3_862068	862068	0	G	A	0.250	-2.123268e+00	4.246391e+00	-6.027356e+01	1.000000e-05	1.000000e+05	6.248302e-01	8.955466e-01	8.974421e-01
3	3_862069	862069	1	A	G	0.267	-2.741043e+00	4.270167e+00	-6.026612e+01	1.000000e-05	1.000000e+05	5.313051e-01	8.577639e-01	8.604011e-01
3	3_1071924	1071924	0	G	A	0.312	6.013058e+00	3.665421e+00	-5.929414e+01	1.000000e-05	1.000000e+05	1.231717e-01	1.598052e-01	1.942744e-01
3	3_1071929	1071929	0	C	T	0.312	6.013058e+00	3.665421e+00	-5.929414e+01	1.000000e-05	1.000000e+05	1.231717e-01	1.598052e-01	1.942744e-01
3	3_1234218	1234218	0	G	A	0.312	2.482603e+00	3.946857e+00	-5.984473e+01	1.000000e-05	1.000000e+05	5.394726e-01	3.496060e-01	3.717867e-01
4	4_667433	667433	0	G	T	0.188	1.363024e+00	4.738849e+00	-6.001052e+01	1.000000e-05	1.000000e+05	7.778455e-01	4.610666e-01	4.769081e-01
4	4_667446	667446	0	G	A	0.188	1.363024e+00	4.738849e+00	-6.001052e+01	1.000000e-05	1.000000e+05	7.778455e-01	4.610666e-01	4.769081e-01
4	4_667490	667490	1	G	A	0.267	-9.399148e-01	4.325262e+00	-6.027058e+01	1.000000e-05	1.000000e+05	8.311033e-01	8.789400e-01	8.811560e-01
4	4_995956	995956	2	A	G	0.214	-3.942468e-01	4.832011e+00	-6.028167e+01	1.000000e-05	1.000000e+05	9.361272e-01	9.744831e-01	9.749350e-01
4	4_1076446	1076446	0	G	A	0.375	1.812079e+00	3.801127e+00	-6.015044e+01	1.000000e-05	1.000000e+05	6.409157e-01	6.077408e-01	6.171811e-01
4	4_1076465	1076465	0	G	A	0.438	3.680668e+00	3.607802e+00	-5.976996e+01	1.000000e-05	1.000000e+05	3.249420e-01	3.114706e-01	3.360821e-01
5	5_7093	7093	0	G	A	0.312	9.492791e+00	3.185764e+00	-5.570569e+01	3.332889e-01	1.000000e+05	9.942508e-03	2.483139e-03	1.939975e-02
5	5_276722	276722	0	G	A	0.125	-7.567487e+00	5.456996e+00	-5.934005e+01	2.009416e-01	1.000000e+05	1.872037e-01	1.698505e-01	2.037409e-01
5	5_475470	475470	0	T	C	0.312	-1.470948e+00	3.982883e+00	-6.026549e+01	1.000000e-05	1.000000e+05	7.174171e-01	8.550431e-01	8.577355e-01
5	5_476407	476407	0	A	T	0.375	-2.197067e+00	3.786594e+00	-5.991324e+01	1.000000e-05	1.000000e+05	5.709860e-01	3.903427e-01	4.100636e-01
5	5_500266	500266	1	G	A	0.400	4.288029e-01	3.909192e+00	-6.019939e+01	1.000000e-05	1.000000e+05	9.142113e-01	6.840688e-01	6.909757e-01
5	5_676974	676974	0	A	C	0.438	1.808750e+00	3.790049e+00	-5.976480e+01	1.695146e-01	1.000000e+05	6.405580e-01	3.090457e-01	3.338153e-01
5	5_835130	835130	1	A	G	0.400	-7.105699e+00	3.418828e+00	-5.836977e+01	1.000000e-05	1.000000e+05	5.654468e-02	5.049873e-02	8.637840e-02
5	5_835251	835251	1	G	C	0.333	-2.204634e+00	4.021357e+00	-6.018402e+01	1.000000e-05	1.000000e+05	5.921682e-01	6.577186e-01	6.654455e-01
5	5_835261	835261	0	A	G	0.312	-1.530345e+00	3.981287e+00	-6.024089e+01	1.000000e-05	1.000000e+05	7.064689e-01	7.738501e-01	7.783371e-01
5	5_836479	836479	0	G	A	0.312	5.552907e+00	3.716909e+00	-5.899253e+01	1.000000e-05	1.000000e+05	1.573803e-01	1.082705e-01	1.450285e-01
5	5_836568	836568	0	A	G	0.438	5.757239e+00	3.465313e+00	-5.827245e+01	7.985458e-01	1.000000e+05	1.188552e-01	4.497824e-02	8.031589e-02
5	5_836697	836697	0	A	G	0.500	-1.255250e+00	3.694976e+00	-5.963880e+01	1.000000e-05	1.000000e+05	7.391116e-01	2.566453e-01	2.849001e-01
5	5_836899	836899	1	G	A	0.067	-7.159570e+00	7.438625e+00	-6.020383e+01	1.000000e-05	1.000000e+05	3.521364e-01	6.922117e-01	6.988762e-01
5	5_1210544	1210544	0	G	A	0.125	-7.567487e+00	5.456996e+00	-5.934005e+01	2.009416e-01	1.000000e+05	1.872037e-01	1.698505e-01	2.037409e-01
5	5_1245074	1245074	0	A	G	0.250	1.167519e+00	4.272772e+00	-6.022697e+01	1.000000e-05	1.000000e+05	7.886535e-01	7.396750e-01	7.450208e-01
5	5_1770892	1770892	0	G	A	0.438	-5.516521e+00	3.436595e+00	-5.911976e+01	1.000000e-05	1.000000e+05	1.307571e-01	1.273232e-01	1.634095e-01
5	5_1773044	1773044	0	G	A	0.125	-5.876609e+00	5.404935e+00	-5.916672e+01	1.228916e-01	1.000000e+05	2.952838e-01	1.352735e-01	1.710092e-01
5	5_1773047	1773047	0	G	A	0.250	-4.429322e-01	4.282504e+00	-6.020238e+01	1.000000e-05	1.000000e+05	9.190900e-01	6.895294e-01	6.962732e-01
6	6_191358	191358	0	C	T	0.062	8.210489e+00	7.342832e+00	-5.974040e+01	1.000000e-05	1.000000e+05	2.823175e-01	2.979036e-01	3.234042e-01
6	6_220264	220264	1	G	A	0.533	-4.943477e+00	3.712760e+00	-5.864331e+01	2.583606e-01	1.000000e+05	2.043048e-01	7.022543e-02	1.071584e-01
6	6_220267	220267	1	G	A	0.533	-4.943477e+00	3.712760e+00	-5.864331e+01	2.583606e-01	1.000000e+05	2.043048e-01	7.022543e-02	1.071584e-01
6	6_221273	221273	2	A	G	0.429	-9.029578e+00	3.405227e+00	-5.663603e+01	3.749300e+00	1.000000e+05	1.896675e-02	6.925131e-03	2.970516e-02
6	6_221275	221275	1	A	G	0.467	-9.312715e+00	3.135325e+00	-5.600630e+01	4.168351e+00	1.000000e+05	1.013133e-02	3.451902e-03	2.207363e-02
6	6_221282	221282	0	C	A	0.500	9.481552e+00	2.855882e+00	-5.547494e+01	1.419040e+01	1.000000e+05	5.056903e-03	1.930497e-03	1.765648e-02
6	6_739933	739933	0	G	T	0.375	-8.419011e+00	3.177929e+00	-5.654876e+01	7.890475e-01	1.000000e+05	1.905838e-02	6.284629e-03	2.844156e-02
6	6_988043	988043	0	T	C	0.250	-1.180866e-01	4.284028e+00	-5.984832e+01	1.000000e-05	1.000000e+05	9.783986e-01	3.515914e-01	3.736487e-01
6	6_988098	988098	0	A	G	0.312	9.898252e-02	4.002154e+00	-6.005718e+01	1.000000e-05	1.000000e+05	9.806176e-01	5.023398e-01	5.161589e-01
6	6_988261	988261	2	A	G	0.143	5.733878e+00	5.456270e+00	-5.942132e+01	1.000000e-05	1.000000e+05	3.111164e-01	1.894718e-01	2.221626e-01
6	6_988405	988405	1	T	C	0.267	-3.281348e+00	4.241753e+00	-5.927637e+01	1.772761e-01	1.000000e+05	4.520428e-01	1.560996e-01	1.907748e-01
6	6_988465	988465	0	T	C	0.500	6.968977e-02	3.710133e+00	-6.022225e+01	1.000000e-05	1.000000e+05	9.852788e-01	7.291969e-01	7.348205e-01
6	6_988478	988478	1	G	A	0.467	2.872583e+00	3.762875e+00	-5.963300e+01	1.000000e-05	1.000000e+05	4.578964e-01	2.545152e-01	2.829133e-01
6	6_988549	988549	1	A	G	0.267	6.460135e+00	3.973672e+00	-5.931217e+01	1.000000e-05	1.000000e+05	1.262973e-01	1.636670e-01	1.979171e-01
6	6_988553	988553	1	T	G	0.267	5.014690e+00	4.120049e+00	-5.979072e+01	1.000000e-05	1.000000e+05	2.436695e-01	3.214783e-01	3.454414e-01
6	6_988631	988631	0	G	A	0.188	-8.300742e-01	4.747647e+00	-6.023079e+01	1.000000e-05	1.000000e+05	8.637094e-01	7.485294e-01	7.536459e-01
6	6_988733	988733	1	A	G	0.600	-1.427950e+00	3.892201e+00	-5.991017e+01	1.000000e-05	1.000000e+05	7.191982e-01	3.883769e-01	4.082129e-01
6	6_988843	988843	3	A	G	0.462	3.468849e+00	4.022856e+00	-5.994268e+01	1.000000e-05	1.000000e+05	4.030597e-01	4.099360e-01	4.285307e-01
6	6_988922	988922	3	A	G	0.385	-4.991711e+00	4.014376e+00	-5.973811e+01	1.000000e-05	1.000000e+05	2.341191e-01	2.968864e-01	3.224541e-01
6	6_988930	988930	1	G	A	0.267	-4.593296e+00	4.154992e+00	-5.983123e+01	1.000000e-05	1.000000e+05	2.875842e-01	3.422766e-01	3.649156e-01
6	6_988960	988960	1	T	G	0.267	-4.871153e+00	4.132326e+00	-6.001994e+01	1.000000e-05	1.000000e+05	2.581279e-01	4.689402e-01	4.843821e-01
6	6_989188	989188	0	T	C	0.312	-6.495563e-01	3.998471e+00	-6.024453e+01	1.000000e-05	1.000000e+05	8.732720e-01	7.837794e-01	7.880296e-01
6	6_989334	989334	2	G	C	0.357	1.706404e+00	4.113672e+00	-5.988689e+01	1.000000e-05	1.000000e+05	6.845653e-01	3.739249e-01	3.946185e-01
6	6_989453	989453	2	G	A	0.286	-1.264872e+00	4.376904e+00	-6.028202e+01	1.000000e-05	1.000000e+05	7.768258e-01	9.858926e-01	9.861422e-01
6	6_989490	989490	0	T	C	0.312	-2.611543e+00	3.940909e+00	-5.988402e+01	1.000000e-05	1.000000e+05	5.183003e-01	3.721948e-01	3.929925e-01
6	6_989528	989528	0	T	C	0.562	1.478454e+00	3.718574e+00	-6.025349e+01	1.000000e-05	1.000000e+05	6.969313e-01	8.106943e-01	8.143287e-01
6	6_989732	989732	2	T	C	0.286	3.504972e+00	4.288828e+00	-5.994143e+01	1.000000e-05	1.000000e+05	4.274845e-01	4.090719e-01	4.277155e-01
6	6_989861	989861	2	A	G	0.500	4.104820e+00	3.811605e+00	-6.001683e+01	1.000000e-05	1.000000e+05	2.997209e-01	4.663159e-01	4.818903e-01
6	6_989960	989960	0	A	G	0.500	5.226867e-01	3.707543e+00	-6.028024e+01	1.000000e-05	1.000000e+05	8.898947e-01	9.504282e-01	9.513100e-01
6	6_990258	990258	0	G	T	0.375	1.869616e+00	3.799136e+00	-5.977292e+01	1.000000e-05	1.000000e+05	6.302641e-01	3.128728e-01	3.373930e-01
6	6_990671	990671	4	A	G	0.333	7.045895e+00	4.317641e+00	-5.855762e+01	6.494425e-01	1.000000e+05	1.249854e-01	6.328530e-02	9.997618e-02
6	6_990699	990699	2	A	G	0.286	3.508348e+00	4.321719e+00	-5.963488e+01	5.851441e-02	1.000000e+05	4.304964e-01	2.552013e-01	2.835532e-01
6	6_990701	990701	1	G	A	0.267	3.225928e-01	4.331700e+00	-6.026665e+01	1.000000e-05	1.000000e+05	9.416880e-01	8.601035e-01	8.626934e-01
6	6_990771	990771	2	T	C	0.286	3.964666e-02	4.472369e+00	-6.027927e+01	6.502019e-02	1.000000e+05	9.930521e-01	9.392204e-01	9.403048e-01
6	6_990777	990777	0	A	G	0.312	4.918202e+00	4.307860e+00	-5.930968e+01	6.616341e-01	1.000000e+05	2.727386e-01	1.631263e-01	1.974073e-01
6	6_990851	990851	1	T	C	0.267	6.046514e-01	4.487348e+00	-6.027846e+01	1.216706e-01	1.000000e+05	8.947309e-01	9.312850e-01	9.325140e-01
6	6_990862	990862	0	G	T	0.250	-9.105960e-01	4.356500e+00	-6.019709e+01	6.181455e-02	1.000000e+05	8.374433e-01	6.799652e-01	6.869963e-01
6	6_990885	990885	2	A	G	0.143	2.985670e+00	5.692501e+00	-5.998335e+01	1.007188e-01	1.000000e+05	6.081417e-01	4.394719e-01	4.564430e-01
6	6_990992	990992	1	T	C	0.267	4.683073e+00	4.539881e+00	-5.930184e+01	5.050347e-01	1.000000e+05	3.197793e-01	1.614420e-01	1.958189e-01
6	6_991027	991027	0	T	C	0.188	-1.187314e+00	4.742235e+00	-6.028109e+01	1.000000e-05	1.000000e+05	8.059380e-01	9.627691e-01	9.634297e-01
6	6_1031241	1031241	1	G	A	0.267	1.204895e+00	4.320575e+00	-6.021919e+01	1.000000e-05	1.000000e+05	7.844187e-01	7.226447e-01	7.284458e-01
6	6_1160524	1160524	0	A	G	0.312	2.942740e+00	3.924205e+00	-6.010293e+01	1.000000e-05	1.000000e+05	4.657342e-01	5.493442e-01	5.610750e-01
6	6_1160528	1160528	0	A	G	0.312	2.942740e+00	3.924205e+00	-6.010293e+01	1.000000e-05	1.000000e+05	4.657342e-01	5.493442e-01	5.610750e-01
6	6_1160532	1160532	0	A	G	0.312	2.942740e+00	3.924205e+00	-6.010293e+01	1.000000e-05	1.000000e+05	4.657342e-01	5.493442e-01	5.610750e-01
7	7_11056	11056	1	A	C	0.467	1.393086e+00	3.822306e+00	-6.027348e+01	1.000000e-05	1.000000e+05	7.209589e-01	8.950605e-01	8.969653e-01
7	7_14006	14006	1	A	G	0.200	-3.465535e+00	4.699414e+00	-6.011929e+01	1.000000e-05	1.000000e+05	4.730343e-01	5.681630e-01	5.791199e-01
7	7_36839	36839	0	G	A	0.188	-6.670942e-01	4.749483e+00	-6.018664e+01	1.000000e-05	1.000000e+05	8.903004e-01	6.620300e-01	6.696189e-01
7	7_49744	49744	0	G	A	0.062	-2.651478e+00	7.630873e+00	-6.015456e+01	1.000000e-05	1.000000e+05	7.334088e-01	6.134084e-01	6.226434e-01
7	7_164473	164473	2	G	A	0.357	8.721117e-02	4.138808e+00	-6.008999e+01	1.000000e-05	1.000000e+05	9.834859e-01	5.352745e-01	5.476068e-01
7	7_164511	164511	0	C	T	0.438	1.767754e+00	3.709543e+00	-6.015909e+01	1.000000e-05	1.000000e+05	6.410402e-01	6.197760e-01	6.287837e-01
7	7_164589	164589	0	C	T	0.375	-1.957156e+00	3.795989e+00	-6.012980e+01	1.000000e-05	1.000000e+05	6.141893e-01	5.809129e-01	5.913651e-01
7	7_164636	164636	1	A	G	0.400	4.673953e-01	3.908876e+00	-6.006283e+01	1.000000e-05	1.000000e+05	9.065205e-01	5.077541e-01	5.213211e-01
7	7_164887	164887	0	G	A	0.312	-2.376363e+00	3.951522e+00	-6.001123e+01	1.000000e-05	1.000000e+05	5.572005e-01	4.616490e-01	4.774608e-01
7	7_164926	164926	2	G	A	0.214	-3.676075e+00	4.732251e+00	-5.972060e+01	1.000000e-05	1.000000e+05	4.501955e-01	2.892392e-01	3.153129e-01
7	7_165027	165027	1	T	C	0.200	-3.013794e+00	4.721603e+00	-5.995804e+01	1.000000e-05	1.000000e+05	5.335819e-01	4.207285e-01	4.387195e-01
7	7_165292	165292	0	C	A	0.625	-1.552180e+00	3.809329e+00	-5.987835e+01	1.000000e-05	1.000000e+05	6.898264e-01	3.688135e-01	3.898152e-01
7	7_165637	165637	0	G	A	0.562	1.718833e+00	3.711179e+00	-6.020792e+01	1.000000e-05	1.000000e+05	6.503744e-01	6.999676e-01	7.064058e-01
7	7_165657	165657	2	A	G	0.357	-1.677681e+00	4.114513e+00	-6.014170e+01	1.000000e-05	1.000000e+05	6.896262e-01	5.960727e-01	6.059448e-01
7	7_165680	165680	0	T	C	0.375	-3.857396e+00	3.690563e+00	-5.985660e+01	1.000000e-05	1.000000e+05	3.136399e-01	3.562288e-01	3.779993e-01
7	7_165704	165704	1	A	G	0.533	3.158598e+00	3.746465e+00	-6.012832e+01	1.000000e-05	1.000000e+05	4.133523e-01	5.790804e-01	5.896042e-01
7	7_165798	165798	2	C	T	0.286	-1.639745e+00	4.368013e+00	-6.027998e+01	1.000000e-05	1.000000e+05	7.129907e-01	9.471989e-01	9.481389e-01
7	7_165854	165854	2	C	T	0.357	-1.546799e+00	4.118177e+00	-6.025151e+01	1.000000e-05	1.000000e+05	7.128418e-01	8.044075e-01	8.081825e-01
7	7_165873	165873	0	A	G	0.312	-8.078964e-01	3.996412e+00	-5.994552e+01	1.000000e-05	1.000000e+05	8.427034e-01	4.119007e-01	4.303847e-01
7	7_165955	165955	1	T	C	0.467	-4.487425e+00	3.648334e+00	-5.975115e+01	1.000000e-05	1.000000e+05	2.389688e-01	3.027467e-01	3.279287e-01
7	7_166056	166056	1	A	C	0.467	-6.915850e+00	3.426409e+00	-5.847115e+01	5.824768e-02	1.000000e+05	6.313178e-02	5.701826e-02	9.337897e-02
7	7_166309	166309	1	G	A	0.467	2.256161e+00	3.792764e+00	-6.020979e+01	1.000000e-05	1.000000e+05	5.614295e-01	7.035776e-01	7.099119e-01
7	7_166838	166838	0	T	A	0.188	-5.091287e+00	4.553883e+00	-6.006018e+01	1.000000e-05	1.000000e+05	2.823809e-01	5.052041e-01	5.188894e-01
7	7_166992	166992	0	A	G	0.312	-8.897492e-01	3.995171e+00	-6.028060e+01	1.000000e-05	1.000000e+05	8.269806e-01	9.552146e-01	9.560103e-01
7	7_167034	167034	2	T	C	0.286	4.485097e+00	4.223117e+00	-5.954066e+01	1.000000e-05	1.000000e+05	3.061975e-01	2.233010e-01	2.537917e-01
7	7_167035	167035	1	C	A	0.333	4.096594e+00	3.914049e+00	-5.945654e+01	1.000000e-05	1.000000e+05	3.130011e-01	1.987853e-01	2.308831e-01
7	7_167135	167135	2	A	G	0.500	-7.307038e+00	3.452261e+00	-5.714042e+01	1.000000e-05	1.000000e+05	5.268856e-02	1.218664e-02	3.882273e-02
7	7_167192	167192	0	C	T	0.438	-6.944169e+00	3.242942e+00	-5.728162e+01	6.100452e-02	1.000000e+05	5.032383e-02	1.429688e-02	4.207251e-02
7	7_167224	167224	1	T	A	0.333	-5.575729e+00	3.775164e+00	-5.832500e+01	2.285696e-02	1.000000e+05	1.618279e-01	4.787520e-02	8.351439e-02
7	7_167292	167292	2	A	G	0.429	-7.666612e+00	3.440667e+00	-5.748114e+01	4.434654e-02	1.000000e+05	4.277163e-02	1.793924e-02	4.734540e-02
7	7_167370	167370	1	A	G	0.400	8.780630e+00	3.128542e+00	-5.717697e+01	1.000000e-05	1.000000e+05	1.399672e-02	1.270002e-02	3.962927e-02
7	7_167655	167655	2	G	A	0.429	-4.951787e+00	3.782619e+00	-5.927677e+01	1.000000e-05	1.000000e+05	2.115841e-01	1.561806e-01	1.908514e-01
7	7_167687	167687	1	A	C	0.200	-4.620757e+00	4.627875e+00	-5.987079e+01	1.000000e-05	1.000000e+05	3.350010e-01	3.643719e-01	3.856433e-01
7	7_453828	453828	1	T	C	0.200	-3.209075e+00	4.712403e+00	-6.018634e+01	1.000000e-05	1.000000e+05	5.069891e-01	6.615257e-01	6.691306e-01
7	7_479542	479542	0	A	G	0.125	1.926061e+00	5.585586e+00	-6.002208e+01	1.000000e-05	1.000000e+05	7.353500e-01	4.707559e-01	4.861066e-01
7	7_672119	672119	0	G	A	0.312	3.919094e-01	4.000866e+00	-6.023757e+01	1.000000e-05	1.000000e+05	9.233558e-01	7.651696e-01	7.698682e-01
7	7_752860	752860	2	A	T	0.286	4.689384e+00	4.207236e+00	-5.951096e+01	1.000000e-05	1.000000e+05	2.837910e-01	2.142548e-01	2.453446e-01
7	7_752861	752861	0	A	T	0.188	-5.091284e+00	4.553883e+00	-6.012303e+01	1.000000e-05	1.000000e+05	2.823812e-01	5.726342e-01	5.834123e-01
7	7_908360	908360	1	C	A	0.133	-4.000800e+00	5.533799e+00	-5.976187e+01	1.000000e-05	1.000000e+05	4.815997e-01	3.076780e-01	3.325369e-01
7	7_1196178	1196178	0	C	T	0.625	-3.060471e+00	3.743538e+00	-6.015116e+01	1.000000e-05	1.000000e+05	4.273180e-01	6.087229e-01	6.181274e-01
7	7_1205599	1205599	2	G	T	0.286	-9.426493e+00	3.757007e+00	-5.712638e+01	1.220146e+01	1.000000e+05	2.502544e-02	1.199509e-02	3.851891e-02
7	7_1205600	1205600	1	G	A	0.267	-9.446236e+00	3.786020e+00	-5.733921e+01	1.000000e+05	1.000000e+05	2.571229e-02	1.526230e-02	4.350704e-02
7	7_1205735	1205735	2	T	A	0.214	6.110039e-01	4.830403e+00	-6.027303e+01	1.000000e-05	1.000000e+05	9.011417e-01	8.924243e-01	8.943795e-01
7	7_1263585	1263585	0	T	C	0.375	-1.118236e+00	3.885092e+00	-5.994100e+01	8.737191e-02	1.000000e+05	7.776957e-01	4.087781e-01	4.274384e-01
7	7_1263610	1263610	0	G	A	0.438	-1.939972e+00	3.703391e+00	-6.019312e+01	1.000000e-05	1.000000e+05	6.085856e-01	6.730026e-01	6.802473e-01
7	7_1263646	1263646	0	G	A	0.125	-7.159591e+00	5.272793e+00	-5.975241e+01	1.000000e-05	1.000000e+05	1.959986e-01	3.033208e-01	3.284651e-01
7	7_1263647	1263647	0	G	T	0.125	-7.159591e+00	5.272793e+00	-5.975241e+01	1.000000e-05	1.000000e+05	1.959986e-01	3.033208e-01	3.284651e-01
7	7_1266484	1266484	1	T	A	0.400	-2.050145e+00	3.872296e+00	-6.027598e+01	1.000000e-05	1.000000e+05	6.047953e-01	9.113663e-01	9.129632e-01
7	7_1276916	1276916	0	A	G	0.188	-3.522135e+00	4.658676e+00	-5.969296e+01	1.000000e-05	1.000000e+05	4.621593e-01	2.776768e-01	3.045206e-01
7	7_1276919	1276919	0	G	A	0.125	-1.326029e+00	5.598047e+00	-6.003682e+01	1.000000e-05	1.000000e+05	8.161859e-01	4.836130e-01	4.983276e-01
7	7_1341024	1341024	0	A	C	0.312	-2.094098e+00	3.962920e+00	-6.020154e+01	1.000000e-05	1.000000e+05	6.054818e-01	6.879905e-01	6.947801e-01
8	8_817562	817562	2	T	C	0.071	1.673249e+01	6.268873e+00	-5.674225e+01	1.000000e-05	1.000000e+05	1.833077e-02	7.795568e-03	3.135309e-02
8	8_817567	817567	2	C	T	0.071	1.673249e+01	6.268873e+00	-5.674225e+01	1.000000e-05	1.000000e+05	1.833077e-02	7.795568e-03	3.135309e-02
8	8_817674	817674	1	A	G	0.133	5.548790e+00	5.437567e+00	-5.928585e+01	1.000000e-05	1.000000e+05	3.248240e-01	1.580639e-01	1.926305e-01
8	8_818838	818838	3	G	A	0.385	3.019226e+00	4.152575e+00	-5.970833e+01	1.000000e-05	1.000000e+05	4.791636e-01	2.840307e-01	3.104507e-01
8	8_847517	847517	0	A	G	0.188	-1.111878e+00	4.743531e+00	-6.028030e+01	1.000000e-05	1.000000e+05	8.180687e-01	9.511948e-01	9.520628e-01
8	8_874822	874822	1	G	A	0.133	-2.647185e+00	5.591579e+00	-6.003477e+01	1.000000e-05	1.000000e+05	6.432085e-01	4.817911e-01	4.965948e-01
8	8_874895	874895	2	T	C	0.143	-2.183333e+00	5.637262e+00	-5.991307e+01	1.000000e-05	1.000000e+05	7.043554e-01	3.902366e-01	4.099637e-01
8	8_874992	874992	0	C	T	0.125	-5.000222e+00	5.447741e+00	-6.005919e+01	1.000000e-05	1.000000e+05	3.742384e-01	5.042533e-01	5.179830e-01
8	8_1252135	1252135	1	T	C	0.400	-4.014898e+00	3.760792e+00	-6.013469e+01	1.000000e-05	1.000000e+05	3.037796e-01	5.870497e-01	5.972645e-01
8	8_1326133	1326133	0	A	G	0.188	8.947841e+00	4.107376e+00	-5.807051e+01	1.000000e-05	1.000000e+05	4.695410e-02	3.545072e-02	6.947019e-02
8	8_1326140	1326140	0	G	A	0.125	1.486515e+01	3.977968e+00	-5.442046e+01	5.442271e-01	1.000000e+05	2.210032e-03	6.171770e-04	1.204514e-02
8	8_1383765	1383765	0	A	G	0.438	6.104034e-01	3.735946e+00	-6.023245e+01	1.000000e-05	1.000000e+05	8.725492e-01	7.524770e-01	7.574928e-01
9	9_5213	5213	1	G	C	0.067	7.799667e+00	7.392508e+00	-5.980624e+01	1.000000e-05	1.000000e+05	3.092585e-01	3.292428e-01	3.527077e-01
9	9_6619	6619	0	C	T	0.250	1.158816e+01	2.960077e+00	-5.367662e+01	1.000000e-05	1.000000e+05	1.555731e-03	2.782952e-04	9.573297e-03
9	9_7470	7470	0	A	G	0.375	-2.870002e-01	3.831085e+00	-6.019376e+01	1.000000e-05	1.000000e+05	9.413434e-01	6.741029e-01	6.813135e-01
9	9_7729	7729	0	C	T	0.375	2.065031e+00	3.791895e+00	-6.001973e+01	1.000000e-05	1.000000e+05	5.946039e-01	4.687582e-01	4.842093e-01
9	9_8171	8171	1	G	A	0.533	1.337620e+00	3.823728e+00	-6.028184e+01	1.000000e-05	1.000000e+05	7.316797e-01	9.793169e-01	9.796831e-01
9	9_10033	10033	0	C	T	0.250	-4.453630e+00	4.115469e+00	-5.944965e+01	1.000000e-05	1.000000e+05	2.974657e-01	1.969235e-01	2.291408e-01
9	9_220237	220237	1	A	G	0.133	-3.491994e+00	5.558355e+00	-6.012582e+01	1.000000e-05	1.000000e+05	5.399594e-01	5.760246e-01	5.866684e-01
9	9_220963	220963	0	C	T	0.188	-6.160015e+00	4.458581e+00	-5.966696e+01	1.000000e-05	1.000000e+05	1.887435e-01	2.673214e-01	2.948588e-01
9	9_705343	705343	1	G	A	0.200	4.678678e+00	4.623719e+00	-5.995626e+01	1.000000e-05	1.000000e+05	3.287621e-01	4.194578e-01	4.375193e-01
9	9_705571	705571	0	C	T	0.500	7.763546e-02	3.710123e+00	-6.017462e+01	1.000000e-05	1.000000e+05	9.836006e-01	6.427825e-01	6.509990e-01
9	9_706175	706175	1	G	A	0.400	1.917250e+00	3.877155e+00	-6.003840e+01	1.000000e-05	1.000000e+05	6.286228e-01	4.850171e-01	4.996633e-01
9	9_1115286	1115286	0	G	A	0.500	-7.762882e-02	3.710120e+00	-6.026419e+01	1.000000e-05	1.000000e+05	9.836019e-01	8.495604e-01	8.523649e-01
10	10_15220	15220	0	T	A	0.125	-3.528732e+00	5.552487e+00	-5.967554e+01	2.777867e-02	1.000000e+05	5.353381e-01	2.706866e-01	2.979983e-01
10	10_15279	15279	1	A	G	0.267	-4.547784e+00	4.158569e+00	-5.952725e+01	1.000000e-05	1.000000e+05	2.925935e-01	2.191622e-01	2.499277e-01
10	10_15288	15288	1	C	T	0.267	-3.102333e+00	4.252476e+00	-6.007159e+01	1.000000e-05	1.000000e+05	4.777033e-01	5.163521e-01	5.295250e-01
10	10_15302	15302	2	T	C	0.357	-6.491010e+00	3.757757e+00	-5.831659e+01	1.000000e-05	1.000000e+05	1.060877e-01	4.739878e-02	8.299108e-02
10	10_15428	15428	1	C	G	0.133	-7.710342e+00	5.245946e+00	-5.946982e+01	1.000000e-05	1.000000e+05	1.637365e-01	2.024355e-01	2.342976e-01
10	10_15438	15438	0	G	A	0.125	-7.159599e+00	5.272796e+00	-5.973825e+01	1.000000e-05	1.000000e+05	1.959984e-01	2.969457e-01	3.225094e-01
10	10_15441	15441	1	A	G	0.133	-7.710342e+00	5.245946e+00	-5.946982e+01	1.000000e-05	1.000000e+05	1.637365e-01	2.024355e-01	2.342976e-01
10	10_15449	15449	1	C	T	0.067	-7.360465e+00	7.547661e+00	-5.957087e+01	9.146408e-02	1.000000e+05	3.460122e-01	2.329748e-01	2.628199e-01
10	10_15455	15455	0	C	T	0.062	-6.682316e+00	7.452719e+00	-5.977431e+01	1.000000e-05	1.000000e+05	3.850764e-01	3.135324e-01	3.380097e-01
10	10_15458	15458	0	G	A	0.062	-6.682316e+00	7.452719e+00	-5.977431e+01	1.000000e-05	1.000000e+05	3.850764e-01	3.135324e-01	3.380097e-01
10	10_15461	15461	0	T	C	0.062	-6.682316e+00	7.452719e+00	-5.977431e+01	1.000000e-05	1.000000e+05	3.850764e-01	3.135324e-01	3.380097e-01
10	10_15463	15463	0	A	T	0.062	-6.682316e+00	7.452719e+00	-5.977431e+01	1.000000e-05	1.000000e+05	3.850764e-01	3.135324e-01	3.380097e-01
10	10_15473	15473	0	C	T	0.062	-6.682316e+00	7.452719e+00	-5.977431e+01	1.000000e-05	1.000000e+05	3.850764e-01	3.135324e-01	3.380097e-01
10	10_17879	17879	0	T	C	0.250	4.750296e+00	4.100565e+00	-5.931028e+01	9.896558e-02	1.000000e+05	2.660608e-01	1.632582e-01	1.975316e-01
10	10_17897	17897	0	A	G	0.250	4.750296e+00	4.100565e+00	-5.931028e+01	9.896558e-02	1.000000e+05	2.660608e-01	1.632582e-01	1.975316e-01
10	10_18092	18092	0	A	G	0.438	-6.398903e+00	3.325537e+00	-5.895709e+01	1.000000e-05	1.000000e+05	7.490344e-02	1.035389e-01	1.404179e-01
10	10_18647	18647	2	C	T	0.143	-2.225885e+00	5.636073e+00	-5.913298e+01	1.000000e-05	1.000000e+05	6.988420e-01	1.295081e-01	1.655016e-01
10	10_18785	18785	0	G	A	0.125	1.625561e-01	5.609086e+00	-6.024734e+01	1.000000e-05	1.000000e+05	9.772889e-01	7.918047e-01	7.958675e-01
10	10_18869	18869	0	G	A	0.250	1.508596e+00	4.265124e+00	-6.026070e+01	1.000000e-05	1.000000e+05	7.288300e-01	8.358116e-01	8.389024e-01
10	10_18908	18908	0	G	A	0.438	2.503933e+00	3.682186e+00	-5.962980e+01	3.184829e-02	1.000000e+05	5.075861e-01	2.533459e-01	2.818226e-01
10	10_18915	18915	0	T	C	0.438	2.503933e+00	3.682186e+00	-5.962980e+01	3.184829e-02	1.000000e+05	5.075861e-01	2.533459e-01	2.818226e-01
10	10_18933	18933	0	A	G	0.438	-2.537582e+00	3.677493e+00	-5.987004e+01	1.000000e-05	1.000000e+05	5.014544e-01	3.639331e-01	3.852313e-01
10	10_18941	18941	2	T	C	0.500	-2.110268e+00	3.926042e+00	-5.997309e+01	1.000000e-05	1.000000e+05	5.993591e-01	4.317300e-01	4.491179e-01
10	10_18943	18943	1	G	A	0.533	7.618968e-01	3.834995e+00	-6.027596e+01	1.000000e-05	1.000000e+05	8.453774e-01	9.112387e-01	9.128380e-01
10	10_18988	18988	3	A	G	0.077	-5.993470e-01	7.721682e+00	-6.027091e+01	1.000000e-05	1.000000e+05	9.392298e-01	8.806662e-01	8.828485e-01
10	10_18992	18992	0	A	G	0.062	7.408120e-01	7.661146e+00	-6.022891e+01	1.000000e-05	1.000000e+05	9.243374e-01	7.441354e-01	7.493651e-01
10	10_18997	18997	2	G	A	0.071	-1.792479e-02	7.700459e+00	-6.026276e+01	1.000000e-05	1.000000e+05	9.981756e-01	8.437832e-01	8.467071e-01
10	10_19002	19002	0	T	C	0.125	4.912676e-01	5.607722e+00	-6.027193e+01	1.000000e-05	1.000000e+05	9.314309e-01	8.861504e-01	8.882263e-01
10	10_19004	19004	0	G	A	0.125	4.912676e-01	5.607722e+00	-6.027193e+01	1.000000e-05	1.000000e+05	9.314309e-01	8.861504e-01	8.882263e-01
10	10_19015	19015	0	A	G	0.125	4.912676e-01	5.607722e+00	-6.027193e+01	1.000000e-05	1.000000e+05	9.314309e-01	8.861504e-01	8.882263e-01
10	10_19031	19031	0	G	A	0.062	7.408120e-01	7.661146e+00	-6.022891e+01	1.000000e-05	1.000000e+05	9.243374e-01	7.441354e-01	7.493651e-01
10	10_19067	19067	1	A	T	0.133	9.302567e+00	5.058166e+00	-5.892976e+01	1.000000e-05	1.000000e+05	8.719992e-02	1.000451e-01	1.369992e-01
10	10_318276	318276	0	G	A	0.250	-4.081603e+00	4.142934e+00	-5.988286e+01	1.000000e-05	1.000000e+05	3.412490e-01	3.715031e-01	3.923425e-01
10	10_387430	387430	1	G	A	0.133	-7.895148e+00	5.575225e+00	-5.920721e+01	3.136428e-01	1.000000e+05	1.786055e-01	1.425757e-01	1.779606e-01
10	10_583208	583208	1	A	G	0.533	-5.689383e+00	3.526551e+00	-5.837007e+01	1.000000e-05	1.000000e+05	1.289858e-01	5.051696e-02	8.639821e-02
10	10_584652	584652	0	G	T	0.438	-3.974061e+00	3.585503e+00	-5.978720e+01	1.000000e-05	1.000000e+05	2.863809e-01	3.197525e-01	3.438269e-01
10	10_724149	724149	0	G	A	0.188	-9.266944e-01	4.746370e+00	-6.025705e+01	1.000000e-05	1.000000e+05	8.480081e-01	8.226245e-01	8.259972e-01
10	10_724150	724150	0	A	G	0.188	-9.266944e-01	4.746370e+00	-6.025705e+01	1.000000e-05	1.000000e+05	8.480081e-01	8.226245e-01	8.259972e-01
11	11_9749	9749	0	A	G	0.125	2.423616e+00	5.571737e+00	-6.003951e+01	1.000000e-05	1.000000e+05	6.702046e-01	4.860127e-01	5.006105e-01
11	11_10019	10019	1	G	C	0.400	7.083267e-01	3.906280e+00	-6.022511e+01	1.000000e-05	1.000000e+05	8.587074e-01	7.354944e-01	7.409502e-01
11	11_10896	10896	0	C	G	0.062	-3.952897e+00	7.591570e+00	-5.961780e+01	4.503595e-03	1.000000e+05	6.107158e-01	2.490253e-01	2.777927e-01
11	11_10931	10931	0	T	A	0.125	-3.182937e+00	5.544376e+00	-6.018889e+01	1.000000e-05	1.000000e+05	5.750192e-01	6.657890e-01	6.732588e-01
11	11_10934	10934	0	G	T	0.188	-3.799659e+00	4.643072e+00	-5.975242e+01	1.000000e-05	1.000000e+05	4.268674e-01	3.033270e-01	3.284709e-01
11	11_104630	104630	0	A	G	0.188	5.538523e+00	4.516446e+00	-5.925219e+01	1.000000e-05	1.000000e+05	2.403121e-01	1.512122e-01	1.861520e-01
11	11_104688	104688	1	G	A	0.200	-4.118357e+00	4.661637e+00	-6.013075e+01	1.000000e-05	1.000000e+05	3.919079e-01	5.821047e-01	5.925105e-01
11	11_384025	384025	0	T	C	0.188	6.367090e-01	4.749779e+00	-6.015026e+01	1.000000e-05	1.000000e+05	8.952708e-01	6.074957e-01	6.169449e-01
11	11_547884	547884	0	C	T	0.125	-7.567487e+00	5.456996e+00	-5.934005e+01	2.009416e-01	1.000000e+05	1.872037e-01	1.698505e-01	2.037409e-01
11	11_804706	804706	1	A	G	0.267	-4.773742e+00	4.140435e+00	-5.907953e+01	1.000000e-05	1.000000e+05	2.682342e-01	1.209251e-01	1.572662e-01
11	11_804710	804710	3	C	T	0.231	-4.656102e+00	4.723500e+00	-5.953203e+01	1.000000e-05	1.000000e+05	3.409954e-01	2.206273e-01	2.512956e-01
11	11_804742	804742	1	G	A	0.400	2.221400e+00	3.865541e+00	-5.966556e+01	1.000000e-05	1.000000e+05	5.746353e-01	2.667807e-01	2.943544e-01
11	11_804763	804763	1	C	T	0.200	-4.018963e+00	4.667828e+00	-6.009411e+01	1.000000e-05	1.000000e+05	4.037476e-01	5.396752e-01	5.518172e-01
11	11_966513	966513	1	T	A	0.133	-7.437462e-01	5.632656e+00	-6.027867e+01	1.000000e-05	1.000000e+05	8.968301e-01	9.332449e-01	9.344380e-01
11	11_966516	966516	0	C	T	0.125	-1.945551e+00	5.585107e+00	-6.026513e+01	1.000000e-05	1.000000e+05	7.327629e-01	8.535072e-01	8.562309e-01
11	11_966519	966519	0	C	T	0.125	-1.945551e+00	5.585107e+00	-6.026513e+01	1.000000e-05	1.000000e+05	7.327629e-01	8.535072e-01	8.562309e-01
11	11_966569	966569	1	C	G	0.133	-7.437462e-01	5.632656e+00	-6.027867e+01	1.000000e-05	1.000000e+05	8.968301e-01	9.332449e-01	9.344380e-01
11	11_966644	966644	2	C	A	0.214	5.726415e+00	4.584448e+00	-5.974149e+01	1.000000e-05	1.000000e+05	2.321122e-01	2.983894e-01	3.238580e-01
11	11_966669	966669	1	C	T	0.400	-5.774317e+00	3.593504e+00	-5.964121e+01	1.000000e-05	1.000000e+05	1.303937e-01	2.575397e-01	2.857344e-01
11	11_966684	966684	2	T	C	0.429	1.813243e+00	3.978040e+00	-6.027617e+01	1.000000e-05	1.000000e+05	6.555143e-01	9.127129e-01	9.142847e-01
11	11_966699	966699	1	T	C	0.333	-6.267452e+00	3.703067e+00	-5.957743e+01	1.000000e-05	1.000000e+05	1.126759e-01	2.351416e-01	2.648415e-01
11	11_966700	966700	1	G	A	0.333	-6.267452e+00	3.703067e+00	-5.957743e+01	1.000000e-05	1.000000e+05	1.126759e-01	2.351416e-01	2.648415e-01
11	11_966735	966735	0	A	C	0.250	-2.991623e+00	4.208874e+00	-6.013979e+01	1.000000e-05	1.000000e+05	4.888879e-01	5.935930e-01	6.035586e-01
11	11_966738	966738	1	T	A	0.267	-4.965547e+00	4.124298e+00	-5.990291e+01	1.000000e-05	1.000000e+05	2.485617e-01	3.837893e-01	4.038954e-01
11	11_966756	966756	0	A	G	0.188	-3.304991e+00	4.670031e+00	-6.001162e+01	1.000000e-05	1.000000e+05	4.907449e-01	4.619702e-01	4.777656e-01
11	11_966757	966757	0	T	C	0.188	-3.304991e+00	4.670031e+00	-6.001162e+01	1.000000e-05	1.000000e+05	4.907449e-01	4.619702e-01	4.777656e-01
11	11_966771	966771	0	T	C	0.250	-4.773516e+00	4.089778e+00	-5.988436e+01	1.000000e-05	1.000000e+05	2.626327e-01	3.724039e-01	3.931890e-01
11	11_1478119	1478119	0	A	G	0.312	1.921130e-01	4.001910e+00	-6.019770e+01	1.000000e-05	1.000000e+05	9.623901e-01	6.810403e-01	6.880387e-01
12	12_11092	11092	0	G	A	0.312	-2.616300e+00	3.940695e+00	-6.008390e+01	1.000000e-05	1.000000e+05	5.175277e-01	5.288794e-01	5.414917e-01
12	12_11094	11094	0	A	G	0.500	5.610457e+00	3.393684e+00	-5.939532e+01	1.000000e-05	1.000000e+05	1.205291e-01	1.829224e-01	2.160220e-01
12	12_11122	11122	0	G	C	0.312	-7.241729e+00	3.503152e+00	-5.846813e+01	1.000000e-05	1.000000e+05	5.772376e-02	5.681172e-02	9.315949e-02
12	12_11170	11170	0	C	T	0.375	-6.883307e+00	3.361379e+00	-5.893187e+01	1.000000e-05	1.000000e+05	5.982465e-02	1.003095e-01	1.372584e-01
12	12_11223	11223	0	G	C	0.312	1.956125e+00	3.967950e+00	-6.027578e+01	1.000000e-05	1.000000e+05	6.296680e-01	9.099188e-01	9.115428e-01
12	12_11400	11400	0	A	C	0.438	3.744619e+00	3.603105e+00	-6.011046e+01	1.000000e-05	1.000000e+05	3.162935e-01	5.578505e-01	5.692271e-01
12	12_11406	11406	0	A	G	0.438	3.744619e+00	3.603105e+00	-6.011046e+01	1.000000e-05	1.000000e+05	3.162935e-01	5.578505e-01	5.692271e-01
12	12_11407	11407	0	C	A	0.438	3.744619e+00	3.603105e+00	-6.011046e+01	1.000000e-05	1.000000e+05	3.162935e-01	5.578505e-01	5.692271e-01
12	12_11410	11410	0	C	T	0.438	3.744619e+00	3.603105e+00	-6.011046e+01	1.000000e-05	1.000000e+05	3.162935e-01	5.578505e-01	5.692271e-01
12	12_11413	11413	1	T	G	0.467	4.911577e+00	3.609099e+00	-5.981546e+01	1.000000e-05	1.000000e+05	1.950549e-01	3.339702e-01	3.571340e-01
12	12_13936	13936	0	C	T	0.125	5.572376e+00	5.450418e+00	-5.939138e+01	3.003934e-01	1.000000e+05	3.239456e-01	1.819536e-01	2.151131e-01
12	12_13979	13979	2	T	C	0.143	5.987836e+00	5.490754e+00	-5.927001e+01	3.986883e-01	1.000000e+05	2.938936e-01	1.547972e-01	1.895438e-01
12	12_14009	14009	0	C	T	0.250	4.011996e+00	4.204888e+00	-5.928628e+01	3.944161e-01	1.000000e+05	3.562045e-01	1.581525e-01	1.927142e-01
12	12_14035	14035	1	C	T	0.400	8.486872e-01	3.904287e+00	-6.001966e+01	1.000000e-05	1.000000e+05	8.310536e-01	4.687042e-01	4.841580e-01
12	12_14096	14096	0	C	T	0.375	2.052778e+00	3.792373e+00	-5.985433e+01	1.000000e-05	1.000000e+05	5.968159e-01	3.549472e-01	3.767968e-01
12	12_14104	14104	1	C	T	0.400	2.215478e+00	3.865784e+00	-5.977494e+01	1.000000e-05	1.000000e+05	5.756676e-01	3.138356e-01	3.382932e-01
12	12_14114	14114	0	T	C	0.312	4.061839e+00	3.852201e+00	-5.926717e+01	1.000000e-05	1.000000e+05	3.095486e-01	1.542183e-01	1.889963e-01
12	12_14125	14125	1	A	G	0.267	6.491390e+00	4.012052e+00	-5.812959e+01	1.808867e-01	1.000000e+05	1.279698e-01	3.799640e-02	7.242418e-02
12	12_14197	14197	0	G	A	0.125	-3.511651e+00	5.530186e+00	-6.013513e+01	1.000000e-05	1.000000e+05	5.356712e-01	5.876033e-01	5.977968e-01
12	12_14202	14202	0	A	G	0.125	-3.511651e+00	5.530186e+00	-6.013513e+01	1.000000e-05	1.000000e+05	5.356712e-01	5.876033e-01	5.977968e-01
12	12_14301	14301	2	G	A	0.571	8.430791e-01	4.001110e+00	-5.964623e+01	1.000000e-05	1.000000e+05	8.361487e-01	2.594114e-01	2.874801e-01
12	12_14318	14318	0	A	G	0.312	4.703762e+00	3.869956e+00	-5.882548e+01	7.162479e-01	1.000000e+05	2.442921e-01	8.784664e-02	1.249533e-01
12	12_14741	14741	1	C	G	0.400	-6.672339e-01	3.906802e+00	-6.021811e+01	1.000000e-05	1.000000e+05	8.668344e-01	7.203651e-01	7.262286e-01
12	12_14783	14783	2	A	G	0.071	-1.079964e+01	6.686561e+00	-5.844108e+01	3.714124e+00	1.000000e+05	1.285880e-01	5.499634e-02	9.122424e-02
12	12_15014	15014	1	A	G	0.400	-2.837980e+00	3.836610e+00	-6.022759e+01	1.000000e-05	1.000000e+05	4.716984e-01	7.410969e-01	7.464055e-01
12	12_19728	19728	0	A	G	0.125	4.912676e-01	5.607722e+00	-6.027193e+01	1.000000e-05	1.000000e+05	9.314309e-01	8.861504e-01	8.882263e-01
12	12_19741	19741	0	C	T	0.188	4.016347e-01	4.751615e+00	-6.028185e+01	1.000000e-05	1.000000e+05	9.338351e-01	9.797003e-01	9.800597e-01
12	12_356356	356356	0	A	G	0.125	-2.634561e+00	5.564889e+00	-6.007139e+01	1.000000e-05	1.000000e+05	6.432070e-01	5.161565e-01	5.293382e-01
12	12_356358	356358	0	A	G	0.125	-2.634561e+00	5.564889e+00	-6.007139e+01	1.000000e-05	1.000000e+05	6.432070e-01	5.161565e-01	5.293382e-01
12	12_356374	356374	0	G	A	0.125	-2.634561e+00	5.564889e+00	-6.007139e+01	1.000000e-05	1.000000e+05	6.432070e-01	5.161565e-01	5.293382e-01
12	12_502808	502808	2	A	G	0.357	4.139627e+00	4.101029e+00	-5.905052e+01	3.914485e-01	1.000000e+05	3.299058e-01	1.165328e-01	1.530326e-01
12	12_502864	502864	2	T	C	0.500	-1.094330e+00	3.955547e+00	-6.022651e+01	1.000000e-05	1.000000e+05	7.860860e-01	7.386282e-01	7.440014e-01
12	12_502865	502865	2	G	T	0.500	-1.094330e+00	3.955547e+00	-6.022651e+01	1.000000e-05	1.000000e+05	7.860860e-01	7.386282e-01	7.440014e-01
12	12_502882	502882	2	G	A	0.429	-4.811291e+00	3.795547e+00	-5.930564e+01	1.000000e-05	1.000000e+05	2.256140e-01	1.622554e-01	1.965861e-01
12	12_502888	502888	0	G	A	0.500	-5.150201e+00	3.445402e+00	-5.856948e+01	1.000000e-05	1.000000e+05	1.571618e-01	6.420125e-02	1.009310e-01
12	12_502890	502890	3	G	A	0.462	-2.912510e+00	4.054252e+00	-5.951811e+01	1.000000e-05	1.000000e+05	4.843379e-01	2.163912e-01	2.473400e-01
12	12_502909	502909	0	C	T	0.375	4.288428e+00	3.829604e+00	-5.889688e+01	6.821861e-01	1.000000e+05	2.816390e-01	9.601031e-02	1.330349e-01
12	12_502926	502926	2	G	C	0.429	-2.748685e+00	3.939542e+00	-6.023615e+01	1.000000e-05	1.000000e+05	4.967794e-01	7.615709e-01	7.663584e-01
12	12_502937	502937	2	C	T	0.357	-2.515601e+00	4.083904e+00	-6.015366e+01	1.000000e-05	1.000000e+05	5.477930e-01	6.121635e-01	6.214433e-01
12	12_502942	502942	0	T	C	0.375	-3.241526e+00	3.732636e+00	-6.008631e+01	1.000000e-05	1.000000e+05	3.998026e-01	5.313931e-01	5.438949e-01
12	12_502956	502956	1	A	G	0.333	-1.755399e+00	4.037126e+00	-6.018995e+01	1.000000e-05	1.000000e+05	6.703250e-01	6.675786e-01	6.749922e-01
12	12_503049	503049	1	C	G	0.200	-2.793248e+00	4.731279e+00	-6.024780e+01	1.000000e-05	1.000000e+05	5.643455e-01	7.931664e-01	7.971977e-01
12	12_503112	503112	2	G	A	0.286	-3.552145e-01	4.388911e+00	-6.028194e+01	1.000000e-05	1.000000e+05	9.366396e-01	9.826496e-01	9.829567e-01
12	12_503171	503171	3	G	A	0.308	2.266994e+00	4.417719e+00	-5.984173e+01	1.000000e-05	1.000000e+05	6.158415e-01	3.479553e-01	3.702388e-01
12	12_503254	503254	0	C	G	0.312	1.698668e+00	3.976406e+00	-6.027563e+01	1.000000e-05	1.000000e+05	6.757403e-01	9.088858e-01	9.105291e-01
12	12_503293	503293	1	A	C	0.400	-2.203014e-01	3.910428e+00	-6.000922e+01	1.000000e-05	1.000000e+05	9.558696e-01	4.599946e-01	4.758910e-01
12	12_503311	503311	1	A	C	0.400	-2.202884e-01	3.910424e+00	-6.023476e+01	1.000000e-05	1.000000e+05	9.558721e-01	7.581277e-01	7.630011e-01
12	12_503313	503313	2	T	A	0.571	1.022042e+00	3.998126e+00	-6.016996e+01	1.000000e-05	1.000000e+05	8.019539e-01	6.356756e-01	6.441317e-01
12	12_503321	503321	2	C	T	0.500	2.025702e+00	3.929222e+00	-5.997297e+01	1.000000e-05	1.000000e+05	6.142147e-01	4.316347e-01	4.490278e-01
12	12_503327	503327	1	A	C	0.400	3.718577e+00	3.782485e+00	-5.954606e+01	1.000000e-05	1.000000e+05	3.422418e-01	2.249922e-01	2.553703e-01
12	12_503356	503356	0	A	C	0.312	4.570459e+00	3.811284e+00	-5.966285e+01	1.000000e-05	1.000000e+05	2.503571e-01	2.657315e-01	2.933756e-01
12	12_503357	503357	0	T	G	0.312	4.570459e+00	3.811284e+00	-5.966285e+01	1.000000e-05	1.000000e+05	2.503571e-01	2.657315e-01	2.933756e-01
12	12_503364	503364	0	T	C	0.312	4.570459e+00	3.811284e+00	-5.966285e+01	1.000000e-05	1.000000e+05	2.503571e-01	2.657315e-01	2.933756e-01
12	12_503366	503366	0	C	T	0.312	4.570459e+00	3.811284e+00	-5.966285e+01	1.000000e-05	1.000000e+05	2.503571e-01	2.657315e-01	2.933756e-01
12	12_503401	503401	0	A	G	0.375	-7.132592e-01	3.827108e+00	-6.023288e+01	1.000000e-05	1.000000e+05	8.548280e-01	7.535321e-01	7.585212e-01
12	12_503416	503416	0	G	A	0.188	1.462788e+00	4.748214e+00	-6.026351e+01	1.146056e-02	1.000000e+05	7.625641e-01	8.467972e-01	8.496587e-01
12	12_503422	503422	0	T	G	0.125	2.035735e+00	5.631800e+00	-6.006206e+01	5.218318e-02	1.000000e+05	7.231440e-01	5.070074e-01	5.206090e-01
12	12_503453	503453	0	T	C	0.062	1.055239e+01	7.126853e+00	-5.914619e+01	1.610548e-01	1.000000e+05	1.608510e-01	1.317316e-01	1.676279e-01
12	12_537923	537923	0	G	A	0.375	6.091240e-01	3.828391e+00	-6.027812e+01	1.000000e-05	1.000000e+05	8.758570e-01	9.282675e-01	9.295517e-01
13	13_11108	11108	0	C	T	0.125	1.040189e+01	4.871882e+00	-5.811711e+01	1.000000e-05	1.000000e+05	5.091040e-02	3.744322e-02	7.178615e-02
13	13_11118	11118	0	T	C	0.250	-1.503052e+00	4.265267e+00	-5.978035e+01	1.000000e-05	1.000000e+05	7.297918e-01	3.164288e-01	3.407181e-01
13	13_11130	11130	0	A	G	0.250	-2.591160e+00	4.229291e+00	-5.938960e+01	7.762078e-02	1.000000e+05	5.499176e-01	1.815170e-01	2.147034e-01
13	13_52884	52884	0	A	G	0.125	-7.180480e+00	5.259881e+00	-5.880207e+01	2.617600e-02	1.000000e+05	1.937455e-01	8.533637e-02	1.224501e-01
13	13_128625	128625	4	A	G	0.333	1.045285e+00	4.535418e+00	-6.006453e+01	1.000000e-05	1.000000e+05	8.210591e-01	5.094049e-01	5.228956e-01
13	13_128715	128715	3	G	A	0.308	-2.131459e+00	4.422535e+00	-6.026769e+01	1.000000e-05	1.000000e+05	6.372859e-01	8.648395e-01	8.673343e-01
13	13_128729	128729	3	G	A	0.308	-2.131459e+00	4.422535e+00	-6.026769e+01	1.000000e-05	1.000000e+05	6.372859e-01	8.648395e-01	8.673343e-01
13	13_162462	162462	0	A	G	0.188	-5.517227e+00	4.518308e+00	-6.010476e+01	1.000000e-05	1.000000e+05	2.422209e-01	5.513847e-01	5.630299e-01
13	13_219021	219021	1	C	T	0.133	-7.215730e+00	5.295969e+00	-5.978774e+01	1.000000e-05	1.000000e+05	1.945593e-01	3.200166e-01	3.440740e-01
13	13_219311	219311	0	A	T	0.125	1.926054e+00	5.585593e+00	-6.014351e+01	1.000000e-05	1.000000e+05	7.353511e-01	5.984486e-01	6.082318e-01
13	13_219312	219312	0	A	G	0.125	1.926054e+00	5.585593e+00	-6.014351e+01	1.000000e-05	1.000000e+05	7.353511e-01	5.984486e-01	6.082318e-01
13	13_655915	655915	0	A	G	0.438	2.386808e+00	3.684695e+00	-5.991586e+01	1.000000e-05	1.000000e+05	5.276191e-01	3.920324e-01	4.116547e-01
13	13_742766	742766	2	G	A	0.214	-2.625513e+00	4.827721e+00	-5.961543e+01	9.373670e-02	1.000000e+05	5.951061e-01	2.481853e-01	2.770092e-01
13	13_742771	742771	0	C	A	0.250	5.464394e-01	4.281654e+00	-6.026034e+01	1.000000e-05	1.000000e+05	9.002620e-01	8.344434e-01	8.375631e-01
14	14_155590	155590	0	T	C	0.125	-1.183409e+01	4.935587e+00	-5.752982e+01	1.000000e+05	1.000000e+05	3.100485e-02	1.896518e-02	4.876982e-02
14	14_342562	342562	0	G	T	0.375	1.312071e+00	3.815775e+00	-6.015852e+01	1.000000e-05	1.000000e+05	7.360655e-01	6.189741e-01	6.280102e-01
14	14_383626	383626	0	G	A	0.125	-7.567487e+00	5.456996e+00	-5.934005e+01	2.009416e-01	1.000000e+05	1.872037e-01	1.698505e-01	2.037409e-01
14	14_852745	852745	0	G	T	0.125	-7.567487e+00	5.456996e+00	-5.934005e+01	2.009416e-01	1.000000e+05	1.872037e-01	1.698505e-01	2.037409e-01
14	14_908850	908850	0	G	A	0.375	2.044256e+00	3.792705e+00	-6.026017e+01	1.000000e-05	1.000000e+05	5.983563e-01	8.338303e-01	8.369630e-01
14	14_908994	908994	1	C	T	0.133	-5.118989e+00	5.467595e+00	-6.009899e+01	1.000000e-05	1.000000e+05	3.650191e-01	5.449880e-01	5.569029e-01
14	14_909011	909011	1	T	C	0.133	-5.118989e+00	5.467595e+00	-6.009899e+01	1.000000e-05	1.000000e+05	3.650191e-01	5.449880e-01	5.569029e-01
14	14_909450	909450	0	G	T	0.250	-8.763436e+00	3.451774e+00	-5.679986e+01	3.728243e+00	1.000000e+05	2.362384e-02	8.313686e-03	3.230133e-02
14	14_909472	909472	0	G	T	0.312	-2.557241e+00	4.039173e+00	-5.940767e+01	2.572968e-01	1.000000e+05	5.368672e-01	1.860012e-01	2.189096e-01
14	14_909504	909504	1	T	G	0.333	-3.917344e+00	4.145222e+00	-5.908536e+01	8.788721e-01	1.000000e+05	3.606708e-01	1.218301e-01	1.581367e-01
14	14_909638	909638	0	C	T	0.250	2.959981e+00	4.210471e+00	-6.007122e+01	1.000000e-05	1.000000e+05	4.935782e-01	5.159861e-01	5.291756e-01
14	14_909661	909661	0	G	A	0.250	-2.630233e+00	4.226077e+00	-5.988862e+01	1.000000e-05	1.000000e+05	5.436954e-01	3.749729e-01	3.956037e-01
14	14_909704	909704	0	G	A	0.375	-5.553521e-01	3.828978e+00	-6.028218e+01	1.000000e-05	1.000000e+05	8.867473e-01	9.994743e-01	9.994835e-01
14	14_910040	910040	1	A	G	0.400	-5.485519e+00	3.625679e+00	-5.956908e+01	1.000000e-05	1.000000e+05	1.525326e-01	2.323859e-01	2.622703e-01
14	14_910103	910103	0	A	G	0.438	-1.931868e+00	3.703693e+00	-6.027501e+01	1.000000e-05	1.000000e+05	6.100980e-01	9.047064e-01	9.064283e-01
14	14_910152	910152	1	A	G	0.333	-5.578410e+00	3.780976e+00	-5.956892e+01	1.000000e-05	1.000000e+05	1.622415e-01	2.323332e-01	2.622212e-01
14	14_910181	910181	1	G	A	0.400	-1.976788e+00	3.875025e+00	-6.028217e+01	1.000000e-05	1.000000e+05	6.179041e-01	9.968091e-01	9.968655e-01
14	14_910258	910258	1	T	G	0.467	-3.831690e+00	3.701350e+00	-6.008298e+01	1.000000e-05	1.000000e+05	3.181204e-01	5.279172e-01	5.405719e-01
14	14_910323	910323	0	T	C	0.375	1.230620e+00	3.817711e+00	-6.025648e+01	1.000000e-05	1.000000e+05	7.519545e-01	8.206606e-01	8.240759e-01
14	14_910328	910328	0	G	A	0.438	3.126899e+00	3.644928e+00	-6.023237e+01	1.000000e-05	1.000000e+05	4.054082e-01	7.523037e-01	7.573239e-01
14	14_910510	910510	1	A	G	0.400	-1.396698e+00	3.893012e+00	-5.973550e+01	1.000000e-05	1.000000e+05	7.251196e-01	2.957297e-01	3.213737e-01
14	14_910555	910555	1	C	T	0.333	-8.981256e-01	4.057200e+00	-6.022568e+01	1.000000e-05	1.000000e+05	8.280038e-01	7.367684e-01	7.421906e-01
14	14_910742	910742	0	A	G	0.312	-2.730149e+00	3.935163e+00	-6.003119e+01	1.000000e-05	1.000000e+05	4.991688e-01	4.786308e-01	4.935898e-01
14	14_910822	910822	0	G	A	0.188	-1.347876e+00	4.739159e+00	-6.028022e+01	1.000000e-05	1.000000e+05	7.802577e-01	9.501725e-01	9.510589e-01
14	14_910834	910834	1	T	A	0.067	-1.162146e+00	7.674510e+00	-6.025462e+01	1.000000e-05	1.000000e+05	8.817975e-01	8.143843e-01	8.179371e-01
14	14_910926	910926	2	G	A	0.357	-5.543917e+00	3.864571e+00	-5.901198e+01	1.000000e-05	1.000000e+05	1.733754e-01	1.109669e-01	1.476469e-01
14	14_910939	910939	2	A	C	0.429	-3.129493e+00	3.919191e+00	-6.009297e+01	1.000000e-05	1.000000e+05	4.379142e-01	5.384568e-01	5.506512e-01
14	14_910964	910964	1	A	G	0.467	1.046515e+00	3.830198e+00	-6.027291e+01	1.000000e-05	1.000000e+05	7.886677e-01	8.917001e-01	8.936691e-01
14	14_910966	910966	0	T	C	0.500	-4.845431e-01	3.707915e+00	-6.018798e+01	1.000000e-05	1.000000e+05	8.978892e-01	6.642570e-01	6.717752e-01
14	14_910979	910979	1	A	G	0.400	1.241719e+00	3.896762e+00	-6.026561e+01	1.000000e-05	1.000000e+05	7.546932e-01	8.555609e-01	8.582428e-01
14	14_911099	911099	2	A	G	0.429	-6.616330e-01	4.003546e+00	-6.028075e+01	1.000000e-05	1.000000e+05	8.711006e-01	9.573737e-01	9.581308e-01
14	14_911129	911129	0	T	C	0.438	3.334857e+00	3.631741e+00	-5.965421e+01	1.000000e-05	1.000000e+05	3.740358e-01	2.624228e-01	2.902891e-01
14	14_911206	911206	0	G	A	0.250	1.141572e+00	4.273262e+00	-6.024650e+01	1.000000e-05	1.000000e+05	7.932541e-01	7.893650e-01	7.934843e-01
14	14_911262	911262	0	A	C	0.125	6.957212e+00	5.292113e+00	-5.955838e+01	1.000000e-05	1.000000e+05	2.097614e-01	2.289142e-01	2.590308e-01
14	14_911292	911292	1	A	G	0.200	-1.463233e+00	4.773827e+00	-6.017476e+01	1.000000e-05	1.000000e+05	7.637264e-01	6.430109e-01	6.512197e-01
14	14_911297	911297	2	A	C	0.214	-8.538163e-02	4.833112e+00	-6.027717e+01	1.000000e-05	1.000000e+05	9.861546e-01	9.202603e-01	9.216919e-01
14	14_911308	911308	0	C	T	0.125	2.289034e+00	5.575797e+00	-6.028213e+01	1.000000e-05	1.000000e+05	6.876309e-01	9.920482e-01	9.921888e-01
14	14_911314	911314	0	A	G	0.125	2.289034e+00	5.575797e+00	-6.028213e+01	1.000000e-05	1.000000e+05	6.876309e-01	9.920482e-01	9.921888e-01
14	14_911321	911321	0	G	A	0.188	8.152809e+00	4.223940e+00	-5.872866e+01	1.000000e-05	1.000000e+05	7.410192e-02	7.795477e-02	1.150321e-01
14	14_911352	911352	1	G	A	0.400	2.832940e+00	3.836875e+00	-6.027583e+01	1.000000e-05	1.000000e+05	4.725011e-01	9.102864e-01	9.119035e-01
14	14_911375	911375	1	G	A	0.267	5.790252e-01	4.329787e+00	-6.013596e+01	1.000000e-05	1.000000e+05	8.955189e-01	5.886604e-01	5.988134e-01
14	14_911385	911385	0	G	A	0.312	2.136202e+00	3.961310e+00	-5.981236e+01	1.000000e-05	1.000000e+05	5.981751e-01	3.323736e-01	3.556389e-01
14	14_911414	911414	1	G	A	0.200	7.758144e+00	4.317773e+00	-5.881096e+01	1.000000e-05	1.000000e+05	9.396914e-02	8.628038e-02	1.233926e-01
14	14_924025	924025	0	C	T	0.375	-4.081093e+00	3.673346e+00	-6.018375e+01	1.000000e-05	1.000000e+05	2.852845e-01	6.572696e-01	6.650109e-01
14	14_924047	924047	0	A	C	0.312	-4.486803e+00	3.818380e+00	-6.011139e+01	1.000000e-05	1.000000e+05	2.595717e-01	5.589171e-01	5.702498e-01
14	14_924049	924049	0	A	T	0.312	-4.486803e+00	3.818380e+00	-6.011139e+01	1.000000e-05	1.000000e+05	2.595717e-01	5.589171e-01	5.702498e-01
14	14_924050	924050	0	G	C	0.312	-4.486803e+00	3.818380e+00	-6.011139e+01	1.000000e-05	1.000000e+05	2.595717e-01	5.589171e-01	5.702498e-01
14	14_924059	924059	0	T	C	0.250	-3.052896e+00	4.205731e+00	-6.027717e+01	1.000000e-05	1.000000e+05	4.798665e-01	9.203203e-01	9.217508e-01
14	14_924128	924128	0	G	A	0.125	-7.159595e+00	5.272797e+00	-5.985192e+01	1.000000e-05	1.000000e+05	1.959987e-01	3.535932e-01	3.755264e-01
14	14_924776	924776	0	A	G	0.125	-7.159595e+00	5.272797e+00	-5.985192e+01	1.000000e-05	1.000000e+05	1.959987e-01	3.535932e-01	3.755264e-01
14	14_924866	924866	0	G	A	0.438	4.488340e+00	3.541887e+00	-6.007440e+01	1.000000e-05	1.000000e+05	2.257520e-01	5.191679e-01	5.322134e-01
