chr	rs	ps	n_miss	allele1	allele0	af	beta	se	logl_H1	l_remle	l_mle	p_wald	p_lrt	p_score
1	1_44747	44747	0	C	G	0.188	9.921700e-01	9.592280e-01	-3.353263e+01	1.000000e+05	1.000000e+05	3.185136e-01	2.777157e-01	3.045569e-01
1	1_44753	44753	1	G	A	0.200	8.953770e-01	9.772730e-01	-3.365591e+01	1.000000e+05	1.000000e+05	3.750749e-01	3.344271e-01	3.575619e-01
1	1_44785	44785	1	G	A	0.133	4.335979e-02	1.243112e+00	-3.412105e+01	1.000000e+05	1.000000e+05	9.726678e-01	9.702558e-01	9.707829e-01
1	1_47564	47564	0	G	A	0.438	4.916452e-01	7.962001e-01	-3.390678e+01	1.000000e+05	1.000000e+05	5.468250e-01	5.120207e-01	5.253912e-01
1	1_47575	47575	0	G	A	0.500	3.778596e-02	8.046283e-01	-3.412049e+01	1.000000e+05	1.000000e+05	9.632078e-01	9.599621e-01	9.606728e-01
1	1_47671	47671	1	G	A	0.467	-1.064318e+00	7.505948e-01	-3.321092e+01	1.000000e-05	1.000000e+05	1.780738e-01	1.771151e-01	2.105706e-01
1	1_47684	47684	2	C	G	0.500	-6.738599e-01	8.426100e-01	-3.376438e+01	1.000000e+05	1.000000e+05	4.372274e-01	3.978782e-01	4.171614e-01
1	1_47686	47686	2	A	G	0.500	-6.738599e-01	8.426100e-01	-3.376438e+01	1.000000e+05	1.000000e+05	4.372274e-01	3.978782e-01	4.171614e-01
1	1_309593	309593	0	A	G	0.438	6.102729e-01	7.596536e-01	-3.376121e+01	1.000000e+05	1.000000e+05	4.351966e-01	3.957886e-01	4.151926e-01
1	1_477160	477160	0	A	C	0.062	-1.323438e+00	1.562261e+00	-3.381115e+01	1.000000e-05	1.000000e+05	4.111706e-01	4.306046e-01	4.480537e-01
1	1_678413	678413	0	C	T	0.125	-1.512624e+00	1.139368e+00	-3.317313e+01	1.000000e+05	1.000000e+05	2.055526e-01	1.683874e-01	2.023637e-01
1	1_971811	971811	1	G	T	0.067	-1.417969e+00	1.559999e+00	-3.367916e+01	1.000000e-05	1.000000e+05	3.787559e-01	3.467885e-01	3.691448e-01
1	1_975012	975012	0	C	T	0.125	-1.092545e-01	1.193774e+00	-3.411789e+01	1.323436e+01	1.000000e+05	9.283758e-01	9.299842e-01	9.312369e-01
1	1_975152	975152	1	T	C	0.333	-8.994273e-01	7.418415e-01	-3.332300e+01	1.000000e+05	1.000000e+05	2.454135e-01	2.062580e-01	2.378718e-01
1	1_975212	975212	0	C	T	0.375	-1.084244e+00	8.199383e-01	-3.318019e+01	1.000000e+05	1.000000e+05	2.072494e-01	1.699809e-01	2.038635e-01
1	1_975397	975397	2	T	C	0.357	7.471939e-01	8.047898e-01	-3.364375e+01	1.000000e+05	1.000000e+05	3.689141e-01	3.281986e-01	3.517302e-01
1	1_975445	975445	2	T	C	0.214	1.018639e+00	9.934207e-01	-3.354243e+01	1.000000e+05	1.000000e+05	3.225731e-01	2.817487e-01	3.083207e-01
1	1_975457	975457	1	A	G	0.333	4.507276e-01	7.917863e-01	-3.393869e+01	1.000000e+05	1.000000e+05	5.782032e-01	5.451257e-01	5.570347e-01
1	1_975510	975510	1	T	C	0.133	2.493062e+00	9.714820e-01	-3.145819e+01	1.000000e-05	1.000000e+05	2.239995e-02	2.099618e-02	5.152541e-02
1	1_1231132	1231132	0	A	G	0.125	1.183846e+00	1.173415e+00	-3.356029e+01	1.000000e+05	1.000000e+05	3.301475e-01	2.892898e-01	3.153602e-01
1	1_1231136	1231136	0	G	C	0.125	1.183846e+00	1.173415e+00	-3.356029e+01	1.000000e+05	1.000000e+05	3.301475e-01	2.892898e-01	3.153602e-01
1	1_1231137	1231137	0	G	A	0.125	1.183846e+00	1.173415e+00	-3.356029e+01	1.000000e+05	1.000000e+05	3.301475e-01	2.892898e-01	3.153602e-01
1	1_1581524	1581524	1	A	G	0.133	1.275348e+00	1.127632e+00	-3.393322e+01	1.000000e-05	1.000000e+05	2.770596e-01	5.391874e-01	5.513504e-01
2	2_270700	270700	2	T	C	0.357	-7.513007e-01	8.513093e-01	-3.368863e+01	1.000000e+05	1.000000e+05	3.923952e-01	3.519999e-01	3.740318e-01
2	2_270855	270855	0	G	A	0.438	9.608223e-01	8.884009e-01	-3.356069e+01	3.929883e+00	1.000000e+05	2.977444e-01	2.894626e-01	3.155215e-01
2	2_270969	270969	1	T	G	0.467	9.584263e-01	9.342657e-01	-3.354191e+01	1.000000e+05	1.000000e+05	3.223570e-01	2.815338e-01	3.081201e-01
2	2_270970	270970	1	T	A	0.467	9.584263e-01	9.342657e-01	-3.354191e+01	1.000000e+05	1.000000e+05	3.223570e-01	2.815338e-01	3.081201e-01
2	2_270971	270971	1	C	A	0.467	9.584263e-01	9.342657e-01	-3.354191e+01	1.000000e+05	1.000000e+05	3.223570e-01	2.815338e-01	3.081201e-01
2	2_270994	270994	0	A	G	0.500	7.781780e-01	9.376947e-01	-3.373757e+01	1.000000e+05	1.000000e+05	4.205306e-01	3.807289e-01	4.010163e-01
2	2_294465	294465	1	G	A	0.133	-1.740659e+00	1.079057e+00	-3.275793e+01	1.000000e+05	1.000000e+05	1.290227e-01	9.862514e-02	1.356061e-01
2	2_697983	697983	0	G	A	0.125	-3.527853e-01	1.334714e+00	-3.409900e+01	8.296114e+00	1.000000e+05	7.953883e-01	8.310887e-01	8.342796e-01
2	2_983795	983795	0	C	G	0.125	-3.527853e-01	1.334714e+00	-3.409900e+01	8.296114e+00	1.000000e+05	7.953883e-01	8.310887e-01	8.342796e-01
2	2_1225303	1225303	0	G	A	0.125	-3.527853e-01	1.334714e+00	-3.409900e+01	8.296114e+00	1.000000e+05	7.953883e-01	8.310887e-01	8.342796e-01
3	3_10892	10892	0	C	G	0.062	2.462844e+00	1.460310e+00	-3.291437e+01	1.000000e-05	1.000000e+05	1.138417e-01	1.201967e-01	1.565650e-01
3	3_207299	207299	1	A	G	0.133	-6.373667e-01	1.144670e+00	-3.395354e+01	3.813830e+00	1.000000e+05	5.864470e-01	5.619088e-01	5.731190e-01
3	3_750294	750294	0	T	G	0.312	4.829277e-01	8.698041e-01	-3.394751e+01	1.000000e+05	1.000000e+05	5.875104e-01	5.549760e-01	5.664715e-01
3	3_860957	860957	0	A	T	0.500	1.108174e+00	7.166821e-01	-3.343119e+01	1.000000e-05	1.000000e+05	1.443442e-01	2.399099e-01	2.692900e-01
3	3_862065	862065	0	G	A	0.250	9.324441e-01	8.318980e-01	-3.343988e+01	4.211987e+00	1.000000e+05	2.812051e-01	2.428900e-01	2.720699e-01
3	3_862068	862068	0	G	A	0.250	9.324441e-01	8.318980e-01	-3.343988e+01	4.211987e+00	1.000000e+05	2.812051e-01	2.428900e-01	2.720699e-01
3	3_862069	862069	1	A	G	0.267	8.279442e-01	8.564753e-01	-3.363916e+01	1.796708e+00	1.000000e+05	3.501037e-01	3.258845e-01	3.495643e-01
3	3_1071924	1071924	0	G	A	0.312	-7.139470e-01	8.988974e-01	-3.381508e+01	4.974025e+00	1.000000e+05	4.403076e-01	4.335314e-01	4.508218e-01
3	3_1071929	1071929	0	C	T	0.312	-7.139470e-01	8.988974e-01	-3.381508e+01	4.974025e+00	1.000000e+05	4.403076e-01	4.335314e-01	4.508218e-01
3	3_1234218	1234218	0	G	A	0.312	1.543819e-01	8.444157e-01	-3.410267e+01	1.000000e+05	1.000000e+05	8.575550e-01	8.451317e-01	8.480277e-01
4	4_667433	667433	0	G	T	0.188	1.359670e-01	1.024739e+00	-3.411162e+01	7.579619e+01	1.000000e+05	8.963311e-01	8.868307e-01	8.888935e-01
4	4_667446	667446	0	G	A	0.188	1.359670e-01	1.024739e+00	-3.411162e+01	7.579619e+01	1.000000e+05	8.963311e-01	8.868307e-01	8.888935e-01
4	4_667490	667490	1	G	A	0.267	-1.711851e-01	8.948161e-01	-3.410016e+01	1.099481e+01	1.000000e+05	8.510313e-01	8.353790e-01	8.384790e-01
4	4_995956	995956	2	A	G	0.214	-3.816754e-02	1.010133e+00	-3.411944e+01	1.000000e-05	1.000000e+05	9.703929e-01	9.458136e-01	9.467786e-01
4	4_1076446	1076446	0	G	A	0.375	-1.716383e+00	7.268087e-01	-3.149553e+01	5.795808e+00	1.000000e+05	3.322459e-02	2.191608e-02	5.274831e-02
4	4_1076465	1076465	0	G	A	0.438	-1.268570e+00	7.042361e-01	-3.317834e+01	1.000000e-05	1.000000e+05	9.321980e-02	1.695615e-01	2.034689e-01
5	5_7093	7093	0	G	A	0.312	3.640132e-01	8.247493e-01	-3.401120e+01	1.000000e+05	1.000000e+05	6.656908e-01	6.382071e-01	6.465773e-01
5	5_276722	276722	0	G	A	0.125	-3.527853e-01	1.334714e+00	-3.409900e+01	8.296114e+00	1.000000e+05	7.953883e-01	8.310887e-01	8.342796e-01
5	5_475470	475470	0	T	C	0.312	4.925254e-01	7.954125e-01	-3.390560e+01	1.000000e+05	1.000000e+05	5.457248e-01	5.108631e-01	5.242867e-01
5	5_476407	476407	0	A	T	0.375	5.123490e-01	7.778707e-01	-3.387761e+01	1.000000e+05	1.000000e+05	5.208028e-01	4.846974e-01	4.993591e-01
5	5_500266	500266	1	G	A	0.400	4.402157e-01	8.727872e-01	-3.398076e+01	3.003928e+01	1.000000e+05	6.218397e-01	5.954079e-01	6.053051e-01
5	5_676974	676974	0	A	C	0.438	4.323870e-01	8.726283e-01	-3.398267e+01	1.000000e+05	1.000000e+05	6.279344e-01	5.979084e-01	6.077117e-01
5	5_835130	835130	1	A	G	0.400	4.492271e-01	7.894632e-01	-3.393883e+01	1.000000e+05	1.000000e+05	5.783521e-01	5.452832e-01	5.571855e-01
5	5_835251	835251	1	G	C	0.333	-8.288079e-01	8.200949e-01	-3.369343e+01	1.000000e-05	1.000000e+05	3.293450e-01	3.546808e-01	3.765468e-01
5	5_835261	835261	0	A	G	0.312	-6.457438e-01	8.455702e-01	-3.383937e+01	3.205287e+00	1.000000e+05	4.577364e-01	4.523528e-01	4.686443e-01
5	5_836479	836479	0	G	A	0.312	-1.212168e-01	8.358849e-01	-3.412042e+01	1.000000e-05	1.000000e+05	8.867652e-01	9.588349e-01	9.595658e-01
5	5_836568	836568	0	A	G	0.438	8.321110e-01	7.258271e-01	-3.340391e+01	1.000000e+05	1.000000e+05	2.708340e-01	2.308396e-01	2.608275e-01
5	5_836697	836697	0	A	G	0.500	-8.739998e-01	7.071877e-01	-3.329336e+01	1.000000e+05	1.000000e+05	2.368387e-01	1.980382e-01	2.301839e-01
5	5_836899	836899	1	G	A	0.067	4.617837e-01	1.527496e+00	-3.406896e+01	1.507843e+02	1.000000e+05	7.668573e-01	7.452367e-01	7.504379e-01
5	5_1210544	1210544	0	G	A	0.125	-3.527853e-01	1.334714e+00	-3.409900e+01	8.296114e+00	1.000000e+05	7.953883e-01	8.310887e-01	8.342796e-01
5	5_1245074	1245074	0	A	G	0.250	6.598730e-01	1.025075e+00	-3.388839e+01	1.000000e+05	1.000000e+05	5.301546e-01	4.945024e-01	5.086918e-01
5	5_1770892	1770892	0	G	A	0.438	-1.507585e+00	6.879865e-01	-3.176259e+01	1.000000e+05	1.000000e+05	4.584142e-02	2.984289e-02	6.278070e-02
5	5_1773044	1773044	0	G	A	0.125	-1.434231e+00	1.114317e+00	-3.331817e+01	1.498898e+00	1.000000e+05	2.189352e-01	2.048912e-01	2.365940e-01
5	5_1773047	1773047	0	G	A	0.250	7.307555e-01	8.738752e-01	-3.386127e+01	1.000000e-05	1.000000e+05	4.170737e-01	4.704374e-01	4.858041e-01
6	6_191358	191358	0	C	T	0.062	1.476786e+00	1.431501e+00	-3.353560e+01	1.000000e+05	1.000000e+05	3.197366e-01	2.789301e-01	3.056902e-01
6	6_220264	220264	1	G	A	0.533	-1.686636e+00	6.919550e-01	-3.128972e+01	7.646761e+01	1.000000e+05	2.872637e-02	1.731611e-02	4.646844e-02
6	6_220267	220267	1	G	A	0.533	-1.686636e+00	6.919550e-01	-3.128972e+01	7.646761e+01	1.000000e+05	2.872637e-02	1.731611e-02	4.646844e-02
6	6_221273	221273	2	A	G	0.429	-4.440232e-01	8.295897e-01	-3.395970e+01	1.000000e+05	1.000000e+05	6.008884e-01	5.691578e-01	5.800747e-01
6	6_221275	221275	1	A	G	0.467	-6.103079e-01	7.837201e-01	-3.378252e+01	1.000000e+05	1.000000e+05	4.491005e-01	4.101158e-01	4.287004e-01
6	6_221282	221282	0	C	A	0.500	6.707702e-01	7.300623e-01	-3.365141e+01	1.617480e+01	1.000000e+05	3.737671e-01	3.321045e-01	3.553869e-01
6	6_739933	739933	0	G	T	0.375	-5.743271e-01	7.860537e-01	-3.395453e+01	1.000000e-05	1.000000e+05	4.770457e-01	5.630575e-01	5.742209e-01
6	6_988043	988043	0	T	C	0.250	-1.998347e+00	8.010925e-01	-3.117977e+01	1.000000e+05	1.000000e+05	2.573729e-02	1.527953e-02	4.353238e-02
6	6_988098	988098	0	A	G	0.312	-1.004358e+00	8.514202e-01	-3.336367e+01	1.000000e+05	1.000000e+05	2.578062e-01	2.182030e-01	2.490320e-01
6	6_988261	988261	2	A	G	0.143	1.214631e+00	1.101406e+00	-3.345534e+01	1.000000e+05	1.000000e+05	2.887106e-01	2.483041e-01	2.771200e-01
6	6_988405	988405	1	T	C	0.267	-2.133687e-01	9.037542e-01	-3.412095e+01	1.000000e-05	1.000000e+05	8.167807e-01	9.681276e-01	9.686926e-01
6	6_988465	988465	0	T	C	0.500	-9.576645e-01	7.320135e-01	-3.347006e+01	1.000000e-05	1.000000e+05	2.118575e-01	2.535974e-01	2.820571e-01
6	6_988478	988478	1	G	A	0.467	9.698935e-01	7.295317e-01	-3.317060e+01	1.000000e+05	1.000000e+05	2.049494e-01	1.678213e-01	2.018308e-01
6	6_988549	988549	1	A	G	0.267	-2.540067e-01	9.799253e-01	-3.408483e+01	6.444031e+01	1.000000e+05	7.992456e-01	7.858426e-01	7.900443e-01
6	6_988553	988553	1	T	G	0.267	-2.492640e-01	1.013627e+00	-3.408727e+01	1.000000e+05	1.000000e+05	8.093182e-01	7.928521e-01	7.968906e-01
6	6_988631	988631	0	G	A	0.188	-6.938566e-02	9.791630e-01	-3.412005e+01	7.675007e+00	1.000000e+05	9.445097e-01	9.534982e-01	9.543248e-01
6	6_988733	988733	1	A	G	0.600	9.696745e-01	7.752452e-01	-3.339635e+01	1.000000e-05	1.000000e+05	2.315091e-01	2.283988e-01	2.585498e-01
6	6_988843	988843	3	A	G	0.462	1.546579e+00	6.843412e-01	-3.163361e+01	1.000000e+05	1.000000e+05	4.029014e-02	2.569710e-02	5.763501e-02
6	6_988922	988922	3	A	G	0.385	1.400988e-01	8.512830e-01	-3.410355e+01	2.347529e+01	1.000000e+05	8.716321e-01	8.486994e-01	8.515216e-01
6	6_988930	988930	1	G	A	0.267	2.343239e-01	8.694678e-01	-3.408035e+01	1.000000e+05	1.000000e+05	7.914744e-01	7.735474e-01	7.780417e-01
6	6_988960	988960	1	T	G	0.267	1.917743e-01	9.040997e-01	-3.411022e+01	1.000000e-05	1.000000e+05	8.350735e-01	8.792950e-01	8.815041e-01
6	6_989188	989188	0	T	C	0.312	-9.022720e-01	7.356520e-01	-3.330528e+01	1.000000e+05	1.000000e+05	2.402421e-01	2.012961e-01	2.332320e-01
6	6_989334	989334	2	G	C	0.357	5.171847e-01	8.789508e-01	-3.392631e+01	1.000000e+05	1.000000e+05	5.656287e-01	5.318395e-01	5.443217e-01
6	6_989453	989453	2	G	A	0.286	-8.397305e-01	9.090605e-01	-3.364844e+01	1.000000e+05	1.000000e+05	3.712722e-01	3.305812e-01	3.539607e-01
6	6_989490	989490	0	T	C	0.312	1.255043e+00	7.663187e-01	-3.300585e+01	1.000000e-05	1.000000e+05	1.237443e-01	1.351957e-01	1.709350e-01
6	6_989528	989528	0	T	C	0.562	1.583670e+00	6.867397e-01	-3.154592e+01	1.000000e+05	1.000000e+05	3.692265e-02	2.322431e-02	5.446317e-02
6	6_989732	989732	2	T	C	0.286	2.220473e+00	6.249961e-01	-2.898023e+01	1.000000e+05	1.000000e+05	3.183315e-03	1.342593e-03	1.551447e-02
6	6_989861	989861	2	A	G	0.500	7.212757e-01	8.062865e-01	-3.390362e+01	1.000000e-05	1.000000e+05	3.861410e-01	5.089307e-01	5.224433e-01
6	6_989960	989960	0	A	G	0.500	6.345777e-01	7.566948e-01	-3.375657e+01	1.000000e-05	1.000000e+05	4.157733e-01	3.927673e-01	4.123468e-01
6	6_990258	990258	0	G	T	0.375	2.433948e-01	8.365308e-01	-3.407352e+01	1.000000e+05	1.000000e+05	7.753499e-01	7.561216e-01	7.610453e-01
6	6_990671	990671	4	A	G	0.333	9.530956e-02	9.839873e-01	-3.412026e+01	1.032162e+01	1.000000e+05	9.242101e-01	9.565609e-01	9.573325e-01
6	6_990699	990699	2	A	G	0.286	1.223285e+00	9.523579e-01	-3.323050e+01	1.000000e+05	1.000000e+05	2.198219e-01	1.818419e-01	2.150083e-01
6	6_990701	990701	1	G	A	0.267	1.337721e+00	9.804798e-01	-3.315395e+01	8.984723e+00	1.000000e+05	1.939875e-01	1.641473e-01	1.983698e-01
6	6_990771	990771	2	T	C	0.286	1.371821e-01	1.141751e+00	-3.411350e+01	1.000000e+05	1.000000e+05	9.060711e-01	8.978219e-01	8.996740e-01
6	6_990777	990777	0	A	G	0.312	-4.362908e-02	1.065748e+00	-3.412079e+01	1.000000e+05	1.000000e+05	9.679238e-01	9.650935e-01	9.657126e-01
6	6_990851	990851	1	T	C	0.267	3.931404e-01	1.178227e+00	-3.405838e+01	1.000000e+05	1.000000e+05	7.435728e-01	7.218381e-01	7.276612e-01
6	6_990862	990862	0	G	T	0.250	5.138528e-01	1.125830e+00	-3.400472e+01	1.507661e+02	1.000000e+05	6.550877e-01	6.285369e-01	6.372379e-01
6	6_990885	990885	2	A	G	0.143	-1.988922e+00	1.180806e+00	-3.264552e+01	1.000000e+05	1.000000e+05	1.142622e-01	8.574681e-02	1.228601e-01
6	6_990992	990992	1	T	C	0.267	-1.735435e+00	9.959882e-01	-3.255760e+01	3.861506e+01	1.000000e+05	1.033474e-01	7.694410e-02	1.140092e-01
6	6_991027	991027	0	T	C	0.188	-1.200004e+00	1.182318e+00	-3.355614e+01	8.587246e+01	1.000000e+05	3.273459e-01	2.875172e-01	3.137053e-01
6	6_1031241	1031241	1	G	A	0.267	8.315080e-01	1.008537e+00	-3.374245e+01	1.000000e+05	1.000000e+05	4.234976e-01	3.837710e-01	4.038782e-01
6	6_1160524	1160524	0	A	G	0.312	2.431522e-01	9.023542e-01	-3.408036e+01	1.000000e+05	1.000000e+05	7.915033e-01	7.735787e-01	7.780723e-01
6	6_1160528	1160528	0	A	G	0.312	2.431522e-01	9.023542e-01	-3.408036e+01	1.000000e+05	1.000000e+05	7.915033e-01	7.735787e-01	7.780723e-01
6	6_1160532	1160532	0	A	G	0.312	2.431522e-01	9.023542e-01	-3.408036e+01	1.000000e+05	1.000000e+05	7.915033e-01	7.735787e-01	7.780723e-01
7	7_11056	11056	1	A	C	0.467	9.506596e-01	7.614136e-01	-3.332146e+01	1.000000e-05	1.000000e+05	2.323075e-01	2.058224e-01	2.374647e-01
7	7_14006	14006	1	A	G	0.200	4.066514e-01	1.031843e+00	-3.403348e+01	1.000000e+05	1.000000e+05	6.994433e-01	6.743749e-01	6.815771e-01
7	7_36839	36839	0	G	A	0.188	1.922032e+00	8.502711e-01	-3.264093e+01	1.000000e-05	1.000000e+05	4.024913e-02	8.526179e-02	1.223756e-01
7	7_49744	49744	0	G	A	0.062	-1.531934e+00	1.567701e+00	-3.359390e+01	1.000000e+05	1.000000e+05	3.450618e-01	3.041986e-01	3.292853e-01
7	7_164473	164473	2	G	A	0.357	-2.578550e-03	8.621057e-01	-3.412137e+01	1.101825e+01	1.000000e+05	9.976557e-01	9.780314e-01	9.784203e-01
7	7_164511	164511	0	C	T	0.438	-2.371695e-01	8.727728e-01	-3.407966e+01	1.000000e+05	1.000000e+05	7.897862e-01	7.717222e-01	7.762606e-01
7	7_164589	164589	0	C	T	0.375	9.607996e-01	8.862389e-01	-3.347683e+01	1.000000e+05	1.000000e+05	2.966241e-01	2.560789e-01	2.843717e-01
7	7_164636	164636	1	A	G	0.400	-1.182306e-01	8.941576e-01	-3.411176e+01	1.000000e+05	1.000000e+05	8.966874e-01	8.876242e-01	8.896716e-01
7	7_164887	164887	0	G	A	0.312	-7.338309e-02	8.362823e-01	-3.411156e+01	1.000000e-05	1.000000e+05	9.313188e-01	8.864836e-01	8.885531e-01
7	7_164926	164926	2	G	A	0.214	1.878198e+00	8.562867e-01	-3.178792e+01	4.296815e+00	1.000000e+05	4.565955e-02	3.073573e-02	6.386467e-02
7	7_165027	165027	1	T	C	0.200	1.999283e+00	8.178839e-01	-3.127821e+01	1.000000e+05	1.000000e+05	2.834438e-02	1.709021e-02	4.614819e-02
7	7_165292	165292	0	C	A	0.625	2.407444e-01	7.635478e-01	-3.406514e+01	1.000000e+05	1.000000e+05	7.571868e-01	7.365159e-01	7.419447e-01
7	7_165637	165637	0	G	A	0.562	7.360324e-01	7.564386e-01	-3.384104e+01	1.000000e-05	1.000000e+05	3.470545e-01	4.536936e-01	4.699153e-01
7	7_165657	165657	2	A	G	0.357	-9.429407e-01	7.950221e-01	-3.335577e+01	1.000000e+05	1.000000e+05	2.553398e-01	2.158197e-01	2.468062e-01
7	7_165680	165680	0	T	C	0.375	-9.391073e-01	7.230531e-01	-3.322655e+01	2.226214e+00	1.000000e+05	2.149952e-01	1.808790e-01	2.141046e-01
7	7_165704	165704	1	A	G	0.533	6.634794e-01	7.828541e-01	-3.385768e+01	1.000000e-05	1.000000e+05	4.109642e-01	4.673923e-01	4.829123e-01
7	7_165798	165798	2	C	T	0.286	5.801684e-01	9.320414e-01	-3.390135e+01	3.105267e+01	1.000000e+05	5.436386e-01	5.067340e-01	5.203483e-01
7	7_165854	165854	2	C	T	0.357	1.295820e+00	7.927224e-01	-3.308685e+01	1.000000e-05	1.000000e+05	1.244006e-01	1.502411e-01	1.852323e-01
7	7_165873	165873	0	A	G	0.312	8.113106e-01	8.079223e-01	-3.398486e+01	1.000000e-05	1.000000e+05	3.323269e-01	6.008096e-01	6.105049e-01
7	7_165955	165955	1	T	C	0.467	-6.727208e-01	9.261335e-01	-3.382579e+01	1.000000e+05	1.000000e+05	4.795778e-01	4.416811e-01	4.585344e-01
7	7_166056	166056	1	A	C	0.467	-6.208012e-01	9.942798e-01	-3.390203e+01	1.000000e+05	1.000000e+05	5.424245e-01	5.073916e-01	5.209753e-01
7	7_166309	166309	1	G	A	0.467	-8.644260e-02	8.234564e-01	-3.411545e+01	1.000000e+05	1.000000e+05	9.178846e-01	9.106638e-01	9.122739e-01
7	7_166838	166838	0	T	A	0.188	3.067665e-01	9.725451e-01	-3.406510e+01	1.000000e+05	1.000000e+05	7.570907e-01	7.364122e-01	7.418437e-01
7	7_166992	166992	0	A	G	0.312	4.561650e-01	8.804593e-01	-3.396981e+01	1.000000e+05	1.000000e+05	6.124796e-01	5.814669e-01	5.918975e-01
7	7_167034	167034	2	T	C	0.286	-2.063810e-01	9.467048e-01	-3.410505e+01	6.598710e+00	1.000000e+05	8.305752e-01	8.550163e-01	8.577092e-01
7	7_167035	167035	1	C	A	0.333	2.037425e-01	8.945969e-01	-3.409216e+01	1.000000e+05	1.000000e+05	8.231349e-01	8.078136e-01	8.115122e-01
7	7_167135	167135	2	A	G	0.500	8.424397e-02	8.287045e-01	-3.412155e+01	1.000000e-05	1.000000e+05	9.204702e-01	9.839435e-01	9.842276e-01
7	7_167192	167192	0	C	T	0.438	3.899882e-01	7.746174e-01	-3.401763e+01	1.000000e-05	1.000000e+05	6.224699e-01	6.481476e-01	6.561861e-01
7	7_167224	167224	1	T	A	0.333	1.193112e-01	8.488834e-01	-3.410891e+01	1.000000e-05	1.000000e+05	8.902271e-01	8.726833e-01	8.750222e-01
7	7_167292	167292	2	A	G	0.429	-5.578429e-01	7.930441e-01	-3.384649e+01	6.714364e+00	1.000000e+05	4.933275e-01	4.581037e-01	4.740973e-01
7	7_167370	167370	1	A	G	0.400	5.267082e-01	8.052028e-01	-3.400094e+01	1.000000e-05	1.000000e+05	5.236280e-01	6.230380e-01	6.319307e-01
7	7_167655	167655	2	G	A	0.429	1.886282e-01	8.771728e-01	-3.410077e+01	1.276283e+01	1.000000e+05	8.328363e-01	8.376894e-01	8.407406e-01
7	7_167687	167687	1	A	C	0.200	4.659527e-01	9.622827e-01	-3.398888e+01	1.000000e+05	1.000000e+05	6.357197e-01	6.062030e-01	6.156995e-01
7	7_453828	453828	1	T	C	0.200	1.159564e-01	1.007205e+00	-3.411418e+01	1.000000e+05	1.000000e+05	9.099795e-01	9.020701e-01	9.038417e-01
7	7_479542	479542	0	A	G	0.125	-1.655327e+00	1.017366e+00	-3.273619e+01	1.000000e+05	1.000000e+05	1.260113e-01	9.597967e-02	1.330047e-01
7	7_672119	672119	0	G	A	0.312	-7.771109e-01	7.295919e-01	-3.349839e+01	1.000000e+05	1.000000e+05	3.048426e-01	2.641804e-01	2.919286e-01
7	7_752860	752860	2	A	T	0.286	5.201916e-01	8.926774e-01	-3.393002e+01	1.000000e+05	1.000000e+05	5.693414e-01	5.357596e-01	5.480708e-01
7	7_752861	752861	0	A	T	0.188	1.115506e+00	8.955517e-01	-3.328093e+01	1.000000e+05	1.000000e+05	2.333524e-01	1.947072e-01	2.270661e-01
7	7_908360	908360	1	C	A	0.133	1.275346e+00	1.127631e+00	-3.395587e+01	1.000000e-05	1.000000e+05	2.770599e-01	5.646301e-01	5.757297e-01
7	7_1196178	1196178	0	C	T	0.625	1.014269e+00	8.034038e-01	-3.325921e+01	1.000000e+05	1.000000e+05	2.274065e-01	1.890412e-01	2.217591e-01
7	7_1205599	1205599	2	G	T	0.286	-5.081105e-01	8.796930e-01	-3.393012e+01	2.291103e+01	1.000000e+05	5.727073e-01	5.358686e-01	5.481751e-01
7	7_1205600	1205600	1	G	A	0.267	-5.688120e-01	8.739966e-01	-3.388330e+01	1.000000e+05	1.000000e+05	5.257026e-01	4.898326e-01	5.042458e-01
7	7_1205735	1205735	2	T	A	0.214	6.996531e-01	9.097917e-01	-3.379075e+01	1.000000e+05	1.000000e+05	4.546571e-01	4.158547e-01	4.341169e-01
7	7_1263585	1263585	0	T	C	0.375	2.573591e-01	9.218137e-01	-3.408023e+01	3.899103e+01	1.000000e+05	7.841827e-01	7.732179e-01	7.777202e-01
7	7_1263610	1263610	0	G	A	0.438	-1.491582e+00	7.499684e-01	-3.213352e+01	3.309604e+01	1.000000e+05	6.662624e-02	4.614067e-02	8.160410e-02
7	7_1263646	1263646	0	G	A	0.125	-1.611529e+00	1.034666e+00	-3.284332e+01	1.000000e+05	1.000000e+05	1.416560e-01	1.098173e-01	1.465313e-01
7	7_1263647	1263647	0	G	T	0.125	-1.611529e+00	1.034666e+00	-3.284332e+01	1.000000e+05	1.000000e+05	1.416560e-01	1.098173e-01	1.465313e-01
7	7_1266484	1266484	1	T	A	0.400	1.365638e+00	7.314071e-01	-3.303489e+01	1.000000e-05	1.000000e+05	8.296200e-02	1.403870e-01	1.758797e-01
7	7_1276916	1276916	0	A	G	0.188	1.181173e+00	9.419009e-01	-3.357266e+01	1.000000e-05	1.000000e+05	2.303661e-01	2.946688e-01	3.203829e-01
7	7_1276919	1276919	0	G	A	0.125	1.357732e+00	1.114828e+00	-3.386285e+01	1.000000e-05	1.000000e+05	2.433963e-01	4.717817e-01	4.870810e-01
7	7_1341024	1341024	0	A	C	0.312	-5.543215e-01	8.952537e-01	-3.396766e+01	2.460630e+00	1.000000e+05	5.457436e-01	5.788012e-01	5.893359e-01
8	8_817562	817562	2	T	C	0.071	-1.370263e+00	1.567265e+00	-3.387117e+01	1.000000e-05	1.000000e+05	3.967045e-01	4.789887e-01	4.939301e-01
8	8_817567	817567	2	C	T	0.071	-1.370263e+00	1.567265e+00	-3.387117e+01	1.000000e-05	1.000000e+05	3.967045e-01	4.789887e-01	4.939301e-01
8	8_817674	817674	1	A	G	0.133	-1.447187e+00	1.156471e+00	-3.342757e+01	1.434857e+00	1.000000e+05	2.313021e-01	2.386813e-01	2.681438e-01
8	8_818838	818838	3	G	A	0.385	5.646940e-01	8.074815e-01	-3.384706e+01	1.000000e+05	1.000000e+05	4.958030e-01	4.585697e-01	4.745393e-01
8	8_847517	847517	0	A	G	0.188	7.868375e-01	1.015201e+00	-3.378603e+01	6.236897e+01	1.000000e+05	4.511998e-01	4.125499e-01	4.309973e-01
8	8_874822	874822	1	G	A	0.133	1.838081e-01	1.202233e+00	-3.410840e+01	1.000000e+05	1.000000e+05	8.806675e-01	8.702216e-01	8.726092e-01
8	8_874895	874895	2	T	C	0.143	1.179231e+00	1.141851e+00	-3.398535e+01	1.000000e-05	1.000000e+05	3.192387e-01	6.014614e-01	6.111325e-01
8	8_874992	874992	0	C	T	0.125	-1.481309e+00	1.000200e+00	-3.295738e+01	1.000000e+05	1.000000e+05	1.607561e-01	1.270045e-01	1.631041e-01
8	8_1252135	1252135	1	T	C	0.400	-2.796795e-01	9.799590e-01	-3.407534e+01	1.000000e+05	1.000000e+05	7.795172e-01	7.606235e-01	7.654346e-01
8	8_1326133	1326133	0	A	G	0.188	-1.670082e+00	9.426596e-01	-3.250344e+01	1.000000e+05	1.000000e+05	9.820459e-02	7.200920e-02	1.089863e-01
8	8_1326140	1326140	0	G	A	0.125	-1.410234e+00	1.082120e+00	-3.323856e+01	2.071665e+00	1.000000e+05	2.135281e-01	1.838317e-01	2.168751e-01
8	8_1383765	1383765	0	A	G	0.438	-1.175388e+00	7.156923e-01	-3.312110e+01	1.000000e-05	1.000000e+05	1.227891e-01	1.571651e-01	1.917816e-01
9	9_5213	5213	1	G	C	0.067	1.381649e+00	1.433334e+00	-3.360766e+01	1.000000e+05	1.000000e+05	3.514317e-01	3.105895e-01	3.352584e-01
9	9_6619	6619	0	C	T	0.250	9.469306e-01	7.917828e-01	-3.334355e+01	1.000000e+05	1.000000e+05	2.515805e-01	2.121928e-01	2.434182e-01
9	9_7470	7470	0	A	G	0.375	1.280918e+00	7.240475e-01	-3.294955e+01	1.000000e-05	1.000000e+05	9.864610e-02	1.257350e-01	1.618870e-01
9	9_7729	7729	0	C	T	0.375	3.343451e-01	7.958990e-01	-3.411904e+01	1.000000e-05	1.000000e+05	6.807994e-01	9.413040e-01	9.423506e-01
9	9_8171	8171	1	G	A	0.533	-2.383577e-01	9.498154e-01	-3.408584e+01	1.000000e+05	1.000000e+05	8.054973e-01	7.887166e-01	7.928511e-01
9	9_10033	10033	0	C	T	0.250	-9.596839e-01	8.759863e-01	-3.346716e+01	2.228639e+01	1.000000e+05	2.917665e-01	2.525451e-01	2.810756e-01
9	9_220237	220237	1	A	G	0.133	2.126591e-01	1.162825e+00	-3.409962e+01	2.463152e+01	1.000000e+05	8.575130e-01	8.333826e-01	8.365248e-01
9	9_220963	220963	0	C	T	0.188	-1.641177e+00	8.450935e-01	-3.221349e+01	1.000000e+05	1.000000e+05	7.253276e-02	5.074953e-02	8.665068e-02
9	9_705343	705343	1	G	A	0.200	-1.513246e+00	9.428832e-01	-3.290947e+01	1.001493e+00	1.000000e+05	1.308267e-01	1.194471e-01	1.558432e-01
9	9_705571	705571	0	C	T	0.500	7.220438e-01	8.529008e-01	-3.372235e+01	1.000000e+05	1.000000e+05	4.114703e-01	3.714536e-01	3.922959e-01
9	9_706175	706175	1	G	A	0.400	3.123364e-01	8.131419e-01	-3.412118e+01	1.000000e-05	1.000000e+05	7.066674e-01	9.731114e-01	9.735877e-01
9	9_1115286	1115286	0	G	A	0.500	-1.283727e-01	8.422999e-01	-3.410849e+01	1.000000e+05	1.000000e+05	8.810403e-01	8.706264e-01	8.730060e-01
10	10_15220	15220	0	T	A	0.125	1.357736e+00	1.114830e+00	-3.370543e+01	1.000000e-05	1.000000e+05	2.433958e-01	3.615092e-01	3.829553e-01
10	10_15279	15279	1	A	G	0.267	1.061374e+00	8.599762e-01	-3.390720e+01	1.000000e-05	1.000000e+05	2.374488e-01	5.124346e-01	5.257861e-01
10	10_15288	15288	1	C	T	0.267	1.061374e+00	8.599763e-01	-3.388458e+01	1.000000e-05	1.000000e+05	2.374488e-01	4.909980e-01	5.053551e-01
10	10_15302	15302	2	T	C	0.357	-9.148626e-01	7.523950e-01	-3.331859e+01	1.000000e+05	1.000000e+05	2.441156e-01	2.050114e-01	2.367064e-01
10	10_15428	15428	1	C	G	0.133	-1.991311e+00	1.104231e+00	-3.245076e+01	1.000000e+05	1.000000e+05	9.289135e-02	6.753307e-02	1.043860e-01
10	10_15438	15438	0	G	A	0.125	-1.862084e+00	1.127027e+00	-3.269668e+01	1.000000e+05	1.000000e+05	1.207341e-01	9.136568e-02	1.284475e-01
10	10_15441	15441	1	A	G	0.133	-1.991311e+00	1.104231e+00	-3.245076e+01	1.000000e+05	1.000000e+05	9.289135e-02	6.753307e-02	1.043860e-01
10	10_15449	15449	1	C	T	0.067	-2.070007e+00	1.807374e+00	-3.340525e+01	1.000000e+05	1.000000e+05	2.712820e-01	2.312755e-01	2.612343e-01
10	10_15455	15455	0	C	T	0.062	-1.882598e+00	1.816005e+00	-3.353007e+01	1.000000e+05	1.000000e+05	3.174646e-01	2.766746e-01	3.035854e-01
10	10_15458	15458	0	G	A	0.062	-1.882598e+00	1.816005e+00	-3.353007e+01	1.000000e+05	1.000000e+05	3.174646e-01	2.766746e-01	3.035854e-01
10	10_15461	15461	0	T	C	0.062	-1.882598e+00	1.816005e+00	-3.353007e+01	1.000000e+05	1.000000e+05	3.174646e-01	2.766746e-01	3.035854e-01
10	10_15463	15463	0	A	T	0.062	-1.882598e+00	1.816005e+00	-3.353007e+01	1.000000e+05	1.000000e+05	3.174646e-01	2.766746e-01	3.035854e-01
10	10_15473	15473	0	C	T	0.062	-1.882598e+00	1.816005e+00	-3.353007e+01	1.000000e+05	1.000000e+05	3.174646e-01	2.766746e-01	3.035854e-01
10	10_17879	17879	0	T	C	0.250	-3.261535e-01	8.911806e-01	-3.411214e+01	1.000000e-05	1.000000e+05	7.198517e-01	8.897286e-01	8.917354e-01
10	10_17897	17897	0	A	G	0.250	-3.261535e-01	8.911806e-01	-3.411214e+01	1.000000e-05	1.000000e+05	7.198517e-01	8.897286e-01	8.917354e-01
10	10_18092	18092	0	A	G	0.438	2.044617e-01	8.113969e-01	-3.408555e+01	1.000000e+05	1.000000e+05	8.047125e-01	7.878673e-01	7.920216e-01
10	10_18647	18647	2	C	T	0.143	1.355122e+00	1.127822e+00	-3.398278e+01	1.000000e-05	1.000000e+05	2.494745e-01	5.980554e-01	6.078533e-01
10	10_18785	18785	0	G	A	0.125	2.563850e+00	9.513105e-01	-3.122580e+01	1.000000e-05	1.000000e+05	1.742397e-02	1.610026e-02	4.472926e-02
10	10_18869	18869	0	G	A	0.250	1.367384e+00	8.174643e-01	-3.317953e+01	1.000000e-05	1.000000e+05	1.165730e-01	1.698311e-01	2.037226e-01
10	10_18908	18908	0	G	A	0.438	-1.152053e+00	7.183971e-01	-3.294852e+01	1.000000e-05	1.000000e+05	1.311075e-01	1.255685e-01	1.617273e-01
10	10_18915	18915	0	T	C	0.438	-1.152053e+00	7.183971e-01	-3.294852e+01	1.000000e-05	1.000000e+05	1.311075e-01	1.255685e-01	1.617273e-01
10	10_18933	18933	0	A	G	0.438	-7.091832e-01	7.582693e-01	-3.382169e+01	1.000000e-05	1.000000e+05	3.655044e-01	4.385343e-01	4.555555e-01
10	10_18941	18941	2	T	C	0.500	-8.742838e-01	7.953997e-01	-3.381968e+01	1.000000e-05	1.000000e+05	2.902348e-01	4.370064e-01	4.541096e-01
10	10_18943	18943	1	G	A	0.533	-7.362252e-01	7.781959e-01	-3.400632e+01	1.000000e-05	1.000000e+05	3.601583e-01	6.308889e-01	6.395087e-01
10	10_18988	18988	3	A	G	0.077	2.336462e+00	1.488597e+00	-3.306897e+01	1.000000e-05	1.000000e+05	1.388344e-01	1.467651e-01	1.819379e-01
10	10_18992	18992	0	A	G	0.062	2.462844e+00	1.460310e+00	-3.291437e+01	1.000000e-05	1.000000e+05	1.138417e-01	1.201967e-01	1.565650e-01
10	10_18997	18997	2	G	A	0.071	2.429783e+00	1.472661e+00	-3.291914e+01	1.000000e-05	1.000000e+05	1.212053e-01	1.209316e-01	1.572725e-01
10	10_19002	19002	0	T	C	0.125	3.386102e+00	7.453453e-01	-2.896885e+01	1.000000e-05	1.000000e+05	4.598023e-04	1.326135e-03	1.544848e-02
10	10_19004	19004	0	G	A	0.125	3.386102e+00	7.453453e-01	-2.896885e+01	1.000000e-05	1.000000e+05	4.598023e-04	1.326135e-03	1.544848e-02
10	10_19015	19015	0	A	G	0.125	3.386102e+00	7.453453e-01	-2.896885e+01	1.000000e-05	1.000000e+05	4.598023e-04	1.326135e-03	1.544848e-02
10	10_19031	19031	0	G	A	0.062	2.462844e+00	1.460310e+00	-3.291437e+01	1.000000e-05	1.000000e+05	1.138417e-01	1.201967e-01	1.565650e-01
10	10_19067	19067	1	A	T	0.133	1.548398e+00	1.102942e+00	-3.348346e+01	1.000000e-05	1.000000e+05	1.821471e-01	2.585361e-01	2.866637e-01
10	10_318276	318276	0	G	A	0.250	1.235585e+00	8.348290e-01	-3.295879e+01	1.000000e+05	1.000000e+05	1.610107e-01	1.272356e-01	1.633256e-01
10	10_387430	387430	1	G	A	0.133	2.120286e-02	1.374253e+00	-3.412161e+01	1.000000e+05	1.000000e+05	9.879079e-01	9.868404e-01	9.870732e-01
10	10_583208	583208	1	A	G	0.533	-1.257549e+00	7.289343e-01	-3.263735e+01	1.000000e-05	1.000000e+05	1.064885e-01	8.488460e-02	1.219987e-01
10	10_584652	584652	0	G	T	0.438	8.069260e-03	7.875935e-01	-3.412169e+01	7.705728e+00	1.000000e+05	9.919700e-01	9.911312e-01	9.912880e-01
10	10_724149	724149	0	G	A	0.188	4.230309e-01	9.610034e-01	-3.401178e+01	1.000000e+05	1.000000e+05	6.665144e-01	6.390880e-01	6.474285e-01
10	10_724150	724150	0	A	G	0.188	4.230309e-01	9.610034e-01	-3.401178e+01	1.000000e+05	1.000000e+05	6.665144e-01	6.390880e-01	6.474285e-01
11	11_9749	9749	0	A	G	0.125	-4.550296e-01	1.247849e+00	-3.404612e+01	1.000000e+05	1.000000e+05	7.208210e-01	6.973445e-01	7.038588e-01
11	11_10019	10019	1	G	C	0.400	-1.220429e-01	8.167636e-01	-3.410322e+01	1.000000e-05	1.000000e+05	8.833514e-01	8.473351e-01	8.501855e-01
11	11_10896	10896	0	C	G	0.062	-1.323438e+00	1.562261e+00	-3.381115e+01	1.000000e-05	1.000000e+05	4.111706e-01	4.306046e-01	4.480537e-01
11	11_10931	10931	0	T	A	0.125	6.103951e-01	1.160992e+00	-3.405459e+01	1.000000e-05	1.000000e+05	6.072878e-01	7.140007e-01	7.200404e-01
11	11_10934	10934	0	G	T	0.188	-1.266769e-01	9.593166e-01	-3.411171e+01	3.003544e+00	1.000000e+05	8.968245e-01	8.873199e-01	8.893732e-01
11	11_104630	104630	0	A	G	0.188	-6.611137e-01	9.775547e-01	-3.404021e+01	1.000000e-05	1.000000e+05	5.098736e-01	6.863388e-01	6.931777e-01
11	11_104688	104688	1	G	A	0.200	3.796420e-01	1.017937e+00	-3.404266e+01	1.000000e+05	1.000000e+05	7.147700e-01	6.908384e-01	6.975434e-01
11	11_384025	384025	0	T	C	0.188	1.298835e+00	8.503657e-01	-3.288875e+01	1.000000e+05	1.000000e+05	1.489386e-01	1.163344e-01	1.528411e-01
11	11_547884	547884	0	C	T	0.125	-3.527853e-01	1.334714e+00	-3.409900e+01	8.296114e+00	1.000000e+05	7.953883e-01	8.310887e-01	8.342796e-01
11	11_804706	804706	1	A	G	0.267	2.820390e-02	9.055195e-01	-3.410901e+01	1.000000e-05	1.000000e+05	9.755923e-01	8.731664e-01	8.754958e-01
11	11_804710	804710	3	C	T	0.231	-1.304781e+00	9.595498e-01	-3.341385e+01	1.000000e-05	1.000000e+05	1.953957e-01	2.340957e-01	2.638657e-01
11	11_804742	804742	1	G	A	0.400	1.072639e+00	7.129894e-01	-3.292292e+01	1.000000e+05	1.000000e+05	1.546948e-01	1.215175e-01	1.578361e-01
11	11_804763	804763	1	C	T	0.200	3.641685e-01	1.022378e+00	-3.404957e+01	1.000000e+05	1.000000e+05	7.270034e-01	7.039955e-01	7.103179e-01
11	11_966513	966513	1	T	A	0.133	-3.348352e-01	1.223885e+00	-3.407909e+01	1.000000e+05	1.000000e+05	7.883992e-01	7.702226e-01	7.747975e-01
11	11_966516	966516	0	C	T	0.125	-2.508065e-01	1.233774e+00	-3.409817e+01	1.000000e+05	1.000000e+05	8.418380e-01	8.280839e-01	8.313390e-01
11	11_966519	966519	0	C	T	0.125	-2.508065e-01	1.233774e+00	-3.409817e+01	1.000000e+05	1.000000e+05	8.418380e-01	8.280839e-01	8.313390e-01
11	11_966569	966569	1	C	G	0.133	-3.348352e-01	1.223885e+00	-3.407909e+01	1.000000e+05	1.000000e+05	7.883992e-01	7.702226e-01	7.747975e-01
11	11_966644	966644	2	C	A	0.214	7.640414e-01	9.893312e-01	-3.401378e+01	1.000000e-05	1.000000e+05	4.527889e-01	6.421478e-01	6.503855e-01
11	11_966669	966669	1	C	T	0.400	1.259504e+00	7.448874e-01	-3.308247e+01	1.000000e-05	1.000000e+05	1.129940e-01	1.493804e-01	1.844171e-01
11	11_966684	966684	2	T	C	0.429	-4.979943e-01	8.269599e-01	-3.409201e+01	1.000000e-05	1.000000e+05	5.566700e-01	8.073122e-01	8.110220e-01
11	11_966699	966699	1	T	C	0.333	3.663163e-01	8.671215e-01	-3.402041e+01	1.000000e+05	1.000000e+05	6.791121e-01	6.525737e-01	6.604671e-01
11	11_966700	966700	1	G	A	0.333	3.663163e-01	8.671215e-01	-3.402041e+01	1.000000e+05	1.000000e+05	6.791121e-01	6.525737e-01	6.604671e-01
11	11_966735	966735	0	A	C	0.250	1.409643e-01	9.858419e-01	-3.411007e+01	1.000000e+05	1.000000e+05	8.883367e-01	8.785516e-01	8.807752e-01
11	11_966738	966738	1	T	A	0.267	6.784924e-02	9.785447e-01	-3.411900e+01	1.000000e+05	1.000000e+05	9.457021e-01	9.409166e-01	9.419702e-01
11	11_966756	966756	0	A	G	0.188	-2.982139e-01	1.039416e+00	-3.407485e+01	1.000000e+05	1.000000e+05	7.783874e-01	7.594028e-01	7.642443e-01
11	11_966757	966757	0	T	C	0.188	-2.982139e-01	1.039416e+00	-3.407485e+01	1.000000e+05	1.000000e+05	7.783874e-01	7.594028e-01	7.642443e-01
11	11_966771	966771	0	T	C	0.250	-3.736890e-02	9.550451e-01	-3.412087e+01	1.000000e+05	1.000000e+05	9.693409e-01	9.666355e-01	9.672271e-01
11	11_1478119	1478119	0	A	G	0.312	-3.217172e-01	8.437464e-01	-3.403910e+01	1.000000e+05	1.000000e+05	7.087077e-01	6.843236e-01	6.912229e-01
12	12_11092	11092	0	G	A	0.312	7.215465e-01	1.052205e+00	-3.385745e+01	1.000000e+05	1.000000e+05	5.040706e-01	4.671964e-01	4.827263e-01
12	12_11094	11094	0	A	G	0.500	2.222847e-01	9.744202e-01	-3.409207e+01	1.000000e+05	1.000000e+05	8.228511e-01	8.075063e-01	8.112117e-01
12	12_11122	11122	0	G	C	0.312	5.595641e-01	9.643336e-01	-3.393419e+01	6.042884e+01	1.000000e+05	5.709613e-01	5.402247e-01	5.523430e-01
12	12_11170	11170	0	C	T	0.375	8.810570e-01	9.070481e-01	-3.360090e+01	1.454006e+02	1.000000e+05	3.478603e-01	3.074254e-01	3.323008e-01
12	12_11223	11223	0	G	C	0.312	-7.529735e-02	8.738621e-01	-3.411791e+01	3.086990e+01	1.000000e+05	9.325545e-01	9.302223e-01	9.314707e-01
12	12_11400	11400	0	A	C	0.438	-3.643977e-01	9.084663e-01	-3.403033e+01	1.000000e+05	1.000000e+05	6.943921e-01	6.689544e-01	6.763249e-01
12	12_11406	11406	0	A	G	0.438	-3.643977e-01	9.084663e-01	-3.403033e+01	1.000000e+05	1.000000e+05	6.943921e-01	6.689544e-01	6.763249e-01
12	12_11407	11407	0	C	A	0.438	-3.643977e-01	9.084663e-01	-3.403033e+01	1.000000e+05	1.000000e+05	6.943921e-01	6.689544e-01	6.763249e-01
12	12_11410	11410	0	C	T	0.438	-3.643977e-01	9.084663e-01	-3.403033e+01	1.000000e+05	1.000000e+05	6.943921e-01	6.689544e-01	6.763249e-01
12	12_11413	11413	1	T	G	0.467	-1.220472e-01	9.917186e-01	-3.411310e+01	1.000000e+05	1.000000e+05	9.038038e-01	8.953577e-01	8.972567e-01
12	12_13936	13936	0	C	T	0.125	-3.123441e-01	1.164650e+00	-3.408075e+01	1.000000e+05	1.000000e+05	7.924664e-01	7.746202e-01	7.790886e-01
12	12_13979	13979	2	T	C	0.143	-3.253408e-01	1.178618e+00	-3.407833e+01	1.000000e+05	1.000000e+05	7.865534e-01	7.682274e-01	7.728509e-01
12	12_14009	14009	0	C	T	0.250	-2.165260e-01	9.125898e-01	-3.409033e+01	4.464362e+01	1.000000e+05	8.158878e-01	8.020674e-01	8.058952e-01
12	12_14035	14035	1	C	T	0.400	7.280722e-01	8.421716e-01	-3.373051e+01	6.931968e+00	1.000000e+05	4.018740e-01	3.763843e-01	3.969306e-01
12	12_14096	14096	0	C	T	0.375	-3.981274e-01	7.938003e-01	-3.409402e+01	1.000000e-05	1.000000e+05	6.237812e-01	8.138284e-01	8.173934e-01
12	12_14104	14104	1	C	T	0.400	-1.581699e-01	8.163213e-01	-3.412032e+01	1.000000e-05	1.000000e+05	8.491475e-01	9.573232e-01	9.580812e-01
12	12_14114	14114	0	T	C	0.312	-5.806704e-01	8.219913e-01	-3.394315e+01	1.000000e-05	1.000000e+05	4.915177e-01	5.500652e-01	5.617657e-01
12	12_14125	14125	1	A	G	0.267	-3.006064e-01	9.185711e-01	-3.409275e+01	2.857567e+00	1.000000e+05	7.483174e-01	8.096943e-01	8.133510e-01
12	12_14197	14197	0	G	A	0.125	1.627877e-01	1.237065e+00	-3.411186e+01	1.000000e+05	1.000000e+05	8.971795e-01	8.881590e-01	8.901961e-01
12	12_14202	14202	0	A	G	0.125	1.627877e-01	1.237065e+00	-3.411186e+01	1.000000e+05	1.000000e+05	8.971795e-01	8.881590e-01	8.901961e-01
12	12_14301	14301	2	G	A	0.571	9.070914e-01	8.085590e-01	-3.344044e+01	4.324044e+00	1.000000e+05	2.807947e-01	2.430842e-01	2.722510e-01
12	12_14318	14318	0	A	G	0.312	-2.444950e-01	8.339569e-01	-3.411084e+01	1.000000e-05	1.000000e+05	7.736895e-01	8.825618e-01	8.847073e-01
12	12_14741	14741	1	C	G	0.400	-5.173731e-03	8.846739e-01	-3.412173e+01	1.000000e+05	1.000000e+05	9.954164e-01	9.950117e-01	9.950999e-01
12	12_14783	14783	2	A	G	0.071	-1.314235e+00	1.330353e+00	-3.358266e+01	1.000000e+05	1.000000e+05	3.399759e-01	2.991058e-01	3.245272e-01
12	12_15014	15014	1	A	G	0.400	1.047421e+00	7.018549e-01	-3.294073e+01	1.000000e+05	1.000000e+05	1.577936e-01	1.243190e-01	1.605283e-01
12	12_19728	19728	0	A	G	0.125	3.386102e+00	7.453453e-01	-2.896885e+01	1.000000e-05	1.000000e+05	4.598023e-04	1.326135e-03	1.544848e-02
12	12_19741	19741	0	C	T	0.188	2.787962e+00	6.569908e-01	-2.819137e+01	1.000000e-05	1.000000e+05	8.183448e-04	5.732931e-04	1.177753e-02
12	12_356356	356356	0	A	G	0.125	-4.640778e-02	1.201378e+00	-3.412090e+01	1.000000e+05	1.000000e+05	9.697318e-01	9.670609e-01	9.676449e-01
12	12_356358	356358	0	A	G	0.125	-4.640778e-02	1.201378e+00	-3.412090e+01	1.000000e+05	1.000000e+05	9.697318e-01	9.670609e-01	9.676449e-01
12	12_356374	356374	0	G	A	0.125	-4.640778e-02	1.201378e+00	-3.412090e+01	1.000000e+05	1.000000e+05	9.697318e-01	9.670609e-01	9.676449e-01
12	12_502808	502808	2	A	G	0.357	-1.278489e-01	8.811960e-01	-3.412147e+01	2.694636e+00	1.000000e+05	8.867113e-01	9.812355e-01	9.815676e-01
12	12_502864	502864	2	T	C	0.500	5.049478e-01	8.179524e-01	-3.405761e+01	1.000000e-05	1.000000e+05	5.469262e-01	7.202153e-01	7.260829e-01
12	12_502865	502865	2	G	T	0.500	5.049478e-01	8.179524e-01	-3.405761e+01	1.000000e-05	1.000000e+05	5.469262e-01	7.202153e-01	7.260829e-01
12	12_502882	502882	2	G	A	0.429	1.099766e-01	8.547005e-01	-3.411813e+01	8.163038e+00	1.000000e+05	8.994469e-01	9.322243e-01	9.334361e-01
12	12_502888	502888	0	G	A	0.500	-1.247044e-02	7.764715e-01	-3.411902e+01	1.075605e+01	1.000000e+05	9.874128e-01	9.410791e-01	9.421298e-01
12	12_502890	502890	3	G	A	0.462	-4.235569e-01	8.043700e-01	-3.396485e+01	1.000000e+05	1.000000e+05	6.067351e-01	5.753642e-01	5.860341e-01
12	12_502909	502909	0	C	T	0.375	1.089135e-02	8.220019e-01	-3.411915e+01	6.539969e+00	1.000000e+05	9.896155e-01	9.425198e-01	9.435444e-01
12	12_502926	502926	2	G	C	0.429	8.644248e-01	8.803007e-01	-3.358889e+01	1.000000e+05	1.000000e+05	3.427831e-01	3.019157e-01	3.271522e-01
12	12_502937	502937	2	C	T	0.357	-8.052301e-02	8.801183e-01	-3.412099e+01	7.852285e+00	1.000000e+05	9.283986e-01	9.689641e-01	9.695142e-01
12	12_502942	502942	0	T	C	0.375	-1.204872e-01	8.280028e-01	-3.411622e+01	8.725906e+00	1.000000e+05	8.863782e-01	9.162443e-01	9.177503e-01
12	12_502956	502956	1	A	G	0.333	-1.534167e-01	8.622019e-01	-3.411345e+01	5.790283e+00	1.000000e+05	8.613222e-01	8.975149e-01	8.993728e-01
12	12_503049	503049	1	C	G	0.200	1.537025e+00	8.286305e-01	-3.236378e+01	1.000000e+05	1.000000e+05	8.479001e-02	6.078117e-02	9.735403e-02
12	12_503112	503112	2	G	A	0.286	2.473762e+00	6.001220e-01	-2.776445e+01	1.000000e+05	1.000000e+05	1.036448e-03	3.628141e-04	1.030240e-02
12	12_503171	503171	3	G	A	0.308	4.372420e-01	8.503303e-01	-3.397207e+01	1.000000e+05	1.000000e+05	6.151308e-01	5.842850e-01	5.946063e-01
12	12_503254	503254	0	C	G	0.312	1.223465e+00	7.699574e-01	-3.311042e+01	1.000000e-05	1.000000e+05	1.343813e-01	1.549673e-01	1.897045e-01
12	12_503293	503293	1	A	C	0.400	1.052042e+00	8.198921e-01	-3.324915e+01	7.261049e+00	1.000000e+05	2.202757e-01	1.864817e-01	2.193601e-01
12	12_503311	503311	1	A	C	0.400	9.121974e-01	7.802125e-01	-3.368963e+01	1.000000e-05	1.000000e+05	2.618590e-01	3.525570e-01	3.745544e-01
12	12_503313	503313	2	T	A	0.571	-1.027337e+00	7.913208e-01	-3.350501e+01	1.000000e-05	1.000000e+05	2.151797e-01	2.667326e-01	2.943094e-01
12	12_503321	503321	2	C	T	0.500	-7.375358e-01	8.161258e-01	-3.382475e+01	8.071450e-01	1.000000e+05	3.814398e-01	4.408768e-01	4.577730e-01
12	12_503327	503327	1	A	C	0.400	-5.214810e-01	8.392560e-01	-3.392944e+01	6.000311e+00	1.000000e+05	5.443475e-01	5.351393e-01	5.474775e-01
12	12_503356	503356	0	A	C	0.312	3.988967e-02	9.941563e-01	-3.412083e+01	1.000000e+05	1.000000e+05	9.685607e-01	9.657866e-01	9.663933e-01
12	12_503357	503357	0	T	G	0.312	3.988967e-02	9.941563e-01	-3.412083e+01	1.000000e+05	1.000000e+05	9.685607e-01	9.657866e-01	9.663933e-01
12	12_503364	503364	0	T	C	0.312	3.988967e-02	9.941563e-01	-3.412083e+01	1.000000e+05	1.000000e+05	9.685607e-01	9.657866e-01	9.663933e-01
12	12_503366	503366	0	C	T	0.312	3.988967e-02	9.941563e-01	-3.412083e+01	1.000000e+05	1.000000e+05	9.685607e-01	9.657866e-01	9.663933e-01
12	12_503401	503401	0	A	G	0.375	2.233656e-01	8.099865e-01	-3.407841e+01	1.000000e+05	1.000000e+05	7.867575e-01	7.684480e-01	7.730661e-01
12	12_503416	503416	0	G	A	0.188	1.307726e+00	1.081657e+00	-3.341097e+01	3.642362e+00	1.000000e+05	2.466846e-01	2.331474e-01	2.629809e-01
12	12_503422	503422	0	T	G	0.125	-4.842917e-01	1.342925e+00	-3.404778e+01	1.000000e+05	1.000000e+05	7.237633e-01	7.005093e-01	7.069318e-01
12	12_503453	503453	0	T	C	0.062	-1.518910e+00	1.475799e+00	-3.353825e+01	1.000000e+05	1.000000e+05	3.208342e-01	2.800204e-01	3.067077e-01
12	12_537923	537923	0	G	A	0.375	-1.001137e+00	7.548836e-01	-3.345839e+01	1.000000e-05	1.000000e+05	2.059990e-01	2.493917e-01	2.781344e-01
13	13_11108	11108	0	C	T	0.125	1.105914e+00	1.061768e+00	-3.352466e+01	1.000000e+05	1.000000e+05	3.152611e-01	2.744890e-01	3.015459e-01
13	13_11118	11118	0	T	C	0.250	-1.247327e+00	8.141254e-01	-3.288168e+01	1.000000e+05	1.000000e+05	1.477775e-01	1.152922e-01	1.518344e-01
13	13_11130	11130	0	A	G	0.250	-1.005540e+00	8.541538e-01	-3.350644e+01	1.000000e-05	1.000000e+05	2.587283e-01	2.672885e-01	2.948281e-01
13	13_52884	52884	0	A	G	0.125	-1.394176e+00	9.124166e-01	-3.288783e+01	1.000000e+05	1.000000e+05	1.487859e-01	1.161973e-01	1.527087e-01
13	13_128625	128625	4	A	G	0.333	-1.121710e+00	9.011943e-01	-3.337985e+01	1.000000e-05	1.000000e+05	2.336789e-01	2.231810e-01	2.536796e-01
13	13_128715	128715	3	G	A	0.308	-1.349563e+00	8.593734e-01	-3.294988e+01	1.000000e-05	1.000000e+05	1.386414e-01	1.257875e-01	1.619373e-01
13	13_128729	128729	3	G	A	0.308	-1.349563e+00	8.593734e-01	-3.294988e+01	1.000000e-05	1.000000e+05	1.386414e-01	1.257875e-01	1.619373e-01
13	13_162462	162462	0	A	G	0.188	9.417155e-02	9.825355e-01	-3.411576e+01	8.115913e+00	1.000000e+05	9.250018e-01	9.128638e-01	9.144327e-01
13	13_219021	219021	1	C	T	0.133	-2.223520e-01	1.232375e+00	-3.410521e+01	2.685506e+01	1.000000e+05	8.594041e-01	8.556756e-01	8.583551e-01
13	13_219311	219311	0	A	T	0.125	-1.799199e+00	1.138188e+00	-3.280791e+01	1.000000e+05	1.000000e+05	1.362558e-01	1.050150e-01	1.418585e-01
13	13_219312	219312	0	A	G	0.125	-1.799199e+00	1.138188e+00	-3.280791e+01	1.000000e+05	1.000000e+05	1.362558e-01	1.050150e-01	1.418585e-01
13	13_655915	655915	0	A	G	0.438	4.612305e-01	7.718166e-01	-3.396855e+01	1.000000e-05	1.000000e+05	5.596556e-01	5.798949e-01	5.903868e-01
13	13_742766	742766	2	G	A	0.214	-7.323044e-01	9.910455e-01	-3.401035e+01	1.000000e-05	1.000000e+05	4.721625e-01	6.369206e-01	6.453344e-01
13	13_742771	742771	0	C	A	0.250	2.256206e-01	9.100508e-01	-3.408670e+01	1.000000e+05	1.000000e+05	8.077950e-01	7.912034e-01	7.952800e-01
14	14_155590	155590	0	T	C	0.125	-1.657043e+00	1.053483e+00	-3.281991e+01	1.000000e+05	1.000000e+05	1.380590e-01	1.066156e-01	1.434183e-01
14	14_342562	342562	0	G	T	0.375	1.539701e+00	6.920478e-01	-3.169980e+01	1.000000e+05	1.000000e+05	4.304488e-02	2.774405e-02	6.020013e-02
14	14_383626	383626	0	G	A	0.125	-3.527853e-01	1.334714e+00	-3.409900e+01	8.296114e+00	1.000000e+05	7.953883e-01	8.310887e-01	8.342796e-01
14	14_852745	852745	0	G	T	0.125	-3.527853e-01	1.334714e+00	-3.409900e+01	8.296114e+00	1.000000e+05	7.953883e-01	8.310887e-01	8.342796e-01
14	14_908850	908850	0	G	A	0.375	-1.683989e+00	6.757095e-01	-3.118441e+01	1.000000e+05	1.000000e+05	2.585428e-02	1.536018e-02	4.365087e-02
14	14_908994	908994	1	C	T	0.133	-4.211556e-01	1.173501e+00	-3.405307e+01	7.653786e+00	1.000000e+05	7.250335e-01	7.109175e-01	7.170435e-01
14	14_909011	909011	1	T	C	0.133	-4.211556e-01	1.173501e+00	-3.405307e+01	7.653786e+00	1.000000e+05	7.250335e-01	7.109175e-01	7.170435e-01
14	14_909450	909450	0	G	T	0.250	-1.590016e+00	6.799571e-01	-3.148397e+01	1.000000e+05	1.000000e+05	3.472182e-02	2.162688e-02	5.236542e-02
14	14_909472	909472	0	G	T	0.312	-6.244772e-01	8.196951e-01	-3.396556e+01	1.000000e-05	1.000000e+05	4.587977e-01	5.762228e-01	5.868588e-01
14	14_909504	909504	1	T	G	0.333	-7.680648e-01	8.243090e-01	-3.387546e+01	1.000000e-05	1.000000e+05	3.672472e-01	4.827832e-01	4.975383e-01
14	14_909638	909638	0	C	T	0.250	1.847032e+00	7.470756e-01	-3.219863e+01	1.000000e-05	1.000000e+05	2.686247e-02	4.985771e-02	8.568132e-02
14	14_909661	909661	0	G	A	0.250	1.148075e+00	8.412214e-01	-3.364845e+01	1.000000e-05	1.000000e+05	1.938589e-01	3.305893e-01	3.539683e-01
14	14_909704	909704	0	G	A	0.375	1.359413e+00	7.137515e-01	-3.296100e+01	1.000000e-05	1.000000e+05	7.758503e-02	1.275973e-01	1.636722e-01
14	14_910040	910040	1	A	G	0.400	2.556590e-01	8.601682e-01	-3.407143e+01	1.000000e+05	1.000000e+05	7.706631e-01	7.510602e-01	7.561120e-01
14	14_910103	910103	0	A	G	0.438	-6.754891e-03	8.434056e-01	-3.412171e+01	1.000000e+05	1.000000e+05	9.937228e-01	9.931686e-01	9.932894e-01
14	14_910152	910152	1	A	G	0.333	-8.466126e-01	1.021463e+00	-3.373853e+01	1.000000e+05	1.000000e+05	4.211107e-01	3.813236e-01	4.015756e-01
14	14_910181	910181	1	G	A	0.400	-6.597207e-01	7.981742e-01	-3.399400e+01	1.000000e-05	1.000000e+05	4.223631e-01	6.132258e-01	6.224673e-01
14	14_910258	910258	1	T	G	0.467	6.097796e-01	9.553861e-01	-3.389229e+01	1.000000e+05	1.000000e+05	5.336099e-01	4.981293e-01	5.121466e-01
14	14_910323	910323	0	T	C	0.375	-2.014937e-01	7.917545e-01	-3.408482e+01	1.000000e+05	1.000000e+05	8.028169e-01	7.858161e-01	7.900184e-01
14	14_910328	910328	0	G	A	0.438	2.129439e-01	7.781437e-01	-3.407907e+01	1.000000e+05	1.000000e+05	7.883447e-01	7.701637e-01	7.747401e-01
14	14_910510	910510	1	A	G	0.400	1.829260e-01	8.015338e-01	-3.410225e+01	3.761908e+00	1.000000e+05	8.227749e-01	8.434620e-01	8.463926e-01
14	14_910555	910555	1	C	T	0.333	-6.249911e-01	8.328989e-01	-3.399550e+01	1.000000e-05	1.000000e+05	4.654508e-01	6.153255e-01	6.244917e-01
14	14_910742	910742	0	A	G	0.312	1.414812e+00	7.402339e-01	-3.226692e+01	1.000000e+05	1.000000e+05	7.665712e-02	5.409874e-02	9.026314e-02
14	14_910822	910822	0	G	A	0.188	5.292242e-01	1.049263e+00	-3.397768e+01	1.000000e+05	1.000000e+05	6.218414e-01	5.914224e-01	6.014702e-01
14	14_910834	910834	1	T	A	0.067	1.060112e+00	1.645294e+00	-3.388796e+01	1.000000e+05	1.000000e+05	5.297778e-01	4.941071e-01	5.083153e-01
14	14_910926	910926	2	G	A	0.357	1.741016e-01	8.638186e-01	-3.411756e+01	1.000000e-05	1.000000e+05	8.431686e-01	9.270595e-01	9.283658e-01
14	14_910939	910939	2	A	C	0.429	-1.106485e+00	7.836610e-01	-3.302840e+01	1.000000e-05	1.000000e+05	1.798063e-01	1.392081e-01	1.747579e-01
14	14_910964	910964	1	A	G	0.467	1.313541e+00	7.328066e-01	-3.246890e+01	1.000000e+05	1.000000e+05	9.468466e-02	6.903974e-02	1.059395e-01
14	14_910966	910966	0	T	C	0.500	-1.123896e+00	7.432836e-01	-3.291159e+01	1.000000e+05	1.000000e+05	1.527578e-01	1.197702e-01	1.561544e-01
14	14_910979	910979	1	A	G	0.400	-1.669201e-01	8.161504e-01	-3.410726e+01	5.601037e+00	1.000000e+05	8.408897e-01	8.648375e-01	8.673323e-01
14	14_911099	911099	2	A	G	0.429	-1.056352e+00	7.696144e-01	-3.311173e+01	1.000000e+05	1.000000e+05	1.914748e-01	1.552354e-01	1.899580e-01
14	14_911129	911129	0	T	C	0.438	-6.195160e-01	7.638604e-01	-3.390144e+01	1.000000e-05	1.000000e+05	4.309194e-01	5.068232e-01	5.204333e-01
14	14_911206	911206	0	G	A	0.250	-1.654298e+00	7.786669e-01	-3.195808e+01	1.000000e-05	1.000000e+05	5.191889e-02	3.750471e-02	7.185718e-02
14	14_911262	911262	0	A	C	0.125	-1.445828e+00	1.167247e+00	-3.337479e+01	2.514654e+00	1.000000e+05	2.358368e-01	2.216106e-01	2.522136e-01
14	14_911292	911292	1	A	G	0.200	-8.433503e-01	9.754230e-01	-3.388903e+01	1.000000e-05	1.000000e+05	4.018305e-01	4.950908e-01	5.092522e-01
14	14_911297	911297	2	A	C	0.214	-9.789968e-01	9.757131e-01	-3.379357e+01	1.000000e-05	1.000000e+05	3.327124e-01	4.178493e-01	4.360002e-01
14	14_911308	911308	0	C	T	0.125	2.814101e-01	1.132735e+00	-3.408656e+01	1.000000e+05	1.000000e+05	8.074056e-01	7.907820e-01	7.948684e-01
14	14_911314	911314	0	A	G	0.125	2.814101e-01	1.132735e+00	-3.408656e+01	1.000000e+05	1.000000e+05	8.074056e-01	7.907820e-01	7.948684e-01
14	14_911321	911321	0	G	A	0.188	-7.285718e-01	9.741243e-01	-3.409282e+01	1.000000e-05	1.000000e+05	4.668840e-01	8.099179e-01	8.135695e-01
14	14_911352	911352	1	G	A	0.400	3.123364e-01	8.131412e-01	-3.411983e+01	1.000000e-05	1.000000e+05	7.066672e-01	9.506618e-01	9.515394e-01
14	14_911375	911375	1	G	A	0.267	-1.113439e+00	8.552608e-01	-3.343867e+01	1.000000e-05	1.000000e+05	2.139747e-01	2.424723e-01	2.716802e-01
14	14_911385	911385	0	G	A	0.312	-7.996162e-01	8.087546e-01	-3.391774e+01	1.000000e-05	1.000000e+05	3.395904e-01	5.229766e-01	5.358511e-01
14	14_911414	911414	1	G	A	0.200	-8.433497e-01	9.754231e-01	-3.404137e+01	1.000000e-05	1.000000e+05	4.018309e-01	6.884546e-01	6.952304e-01
14	14_924025	924025	0	C	T	0.375	-5.561579e-01	9.045568e-01	-3.392817e+01	1.102645e+01	1.000000e+05	5.485238e-01	5.338024e-01	5.461987e-01
14	14_924047	924047	0	A	C	0.312	-1.325456e+00	9.627874e-01	-3.310604e+01	1.000000e+05	1.000000e+05	1.902275e-01	1.540763e-01	1.888621e-01
14	14_924049	924049	0	A	T	0.312	-1.325456e+00	9.627874e-01	-3.310604e+01	1.000000e+05	1.000000e+05	1.902275e-01	1.540763e-01	1.888621e-01
14	14_924050	924050	0	G	C	0.312	-1.325456e+00	9.627874e-01	-3.310604e+01	1.000000e+05	1.000000e+05	1.902275e-01	1.540763e-01	1.888621e-01
14	14_924059	924059	0	T	C	0.250	-1.510169e+00	8.700538e-01	-3.256252e+01	1.000000e+05	1.000000e+05	1.045597e-01	7.740974e-02	1.144807e-01
14	14_924128	924128	0	G	A	0.125	-5.051407e-01	1.207010e+00	-3.404630e+01	4.954883e+00	1.000000e+05	6.819264e-01	6.976777e-01	7.041823e-01
14	14_924776	924776	0	A	G	0.125	-5.051407e-01	1.207010e+00	-3.404630e+01	4.954883e+00	1.000000e+05	6.819264e-01	6.976777e-01	7.041823e-01
14	14_924866	924866	0	G	A	0.438	-8.169753e-01	7.564201e-01	-3.351908e+01	2.747226e+00	1.000000e+05	2.983734e-01	2.722588e-01	2.994651e-01
