chr	rs	ps	n_miss	allele1	allele0	af	beta	se	logl_H1	l_remle	l_mle	p_wald	p_lrt	p_score
1	1_44747	44747	0	C	G	0.188	-6.417890e-01	2.724964e+00	-5.162095e+01	1.000000e-05	1.000000e+05	8.172140e-01	7.889157e-01	7.930456e-01
1	1_44753	44753	1	G	A	0.200	-8.180262e-01	2.742906e+00	-5.164306e+01	1.000000e-05	1.000000e+05	7.699054e-01	8.684305e-01	8.708537e-01
1	1_44785	44785	1	G	A	0.133	-6.770277e-01	3.232746e+00	-5.164984e+01	1.000000e-05	1.000000e+05	8.371309e-01	9.062083e-01	9.079019e-01
1	1_47564	47564	0	G	A	0.438	1.548427e+00	2.107997e+00	-5.135878e+01	1.000000e-05	1.000000e+05	4.747388e-01	4.401038e-01	4.570411e-01
1	1_47575	47575	0	G	A	0.500	1.145343e+00	2.110653e+00	-5.127727e+01	1.073549e-02	1.000000e+05	5.959054e-01	3.836343e-01	4.037496e-01
1	1_47671	47671	1	G	A	0.467	1.439975e+00	2.172367e+00	-5.129614e+01	1.000000e-05	1.000000e+05	5.181856e-01	3.957197e-01	4.151277e-01
1	1_47684	47684	2	C	G	0.500	1.300534e+00	2.251879e+00	-5.144726e+01	1.000000e-05	1.000000e+05	5.727513e-01	5.174104e-01	5.305353e-01
1	1_47686	47686	2	A	G	0.500	1.300534e+00	2.251879e+00	-5.144726e+01	1.000000e-05	1.000000e+05	5.727513e-01	5.174104e-01	5.305353e-01
1	1_309593	309593	0	A	G	0.438	3.130124e+00	1.978654e+00	-5.081123e+01	1.000000e-05	1.000000e+05	1.359843e-01	1.934545e-01	2.258932e-01
1	1_477160	477160	0	A	C	0.062	-1.651010e+00	4.380559e+00	-5.099338e+01	1.345800e-03	1.000000e+05	7.119029e-01	2.493719e-01	2.781159e-01
1	1_678413	678413	0	C	T	0.125	-1.765793e+00	3.187605e+00	-5.112636e+01	1.000000e-05	1.000000e+05	5.883484e-01	3.030210e-01	3.281850e-01
1	1_971811	971811	1	G	T	0.067	-2.247333e+00	4.371310e+00	-5.137451e+01	1.000000e-05	1.000000e+05	6.151940e-01	4.524350e-01	4.687221e-01
1	1_975012	975012	0	C	T	0.125	9.415214e-01	3.212511e+00	-5.137920e+01	1.000000e-05	1.000000e+05	7.737606e-01	4.562088e-01	4.723002e-01
1	1_975152	975152	1	T	C	0.333	2.348935e+00	2.248832e+00	-5.138292e+01	1.000000e-05	1.000000e+05	3.139487e-01	4.592456e-01	4.751805e-01
1	1_975212	975212	0	C	T	0.375	2.996785e+00	2.050410e+00	-5.127320e+01	1.000000e-05	1.000000e+05	1.659444e-01	3.810952e-01	4.013608e-01
1	1_975397	975397	2	T	C	0.357	-9.964373e-01	2.362697e+00	-5.160173e+01	1.000000e-05	1.000000e+05	6.796209e-01	7.400075e-01	7.453445e-01
1	1_975445	975445	2	T	C	0.214	1.394529e-01	2.776257e+00	-5.156474e+01	1.000000e-05	1.000000e+05	9.606483e-01	6.678792e-01	6.752834e-01
1	1_975457	975457	1	A	G	0.333	-9.191126e-01	2.321855e+00	-5.127539e+01	1.000000e-05	1.000000e+05	6.981806e-01	3.824577e-01	4.026426e-01
1	1_975510	975510	1	T	C	0.133	-6.424580e-01	3.233247e+00	-5.159189e+01	1.000000e-05	1.000000e+05	8.453513e-01	7.186440e-01	7.245549e-01
1	1_1231132	1231132	0	A	G	0.125	-1.113297e+00	3.208585e+00	-5.165656e+01	1.000000e-05	1.000000e+05	7.337710e-01	9.829275e-01	9.832296e-01
1	1_1231136	1231136	0	G	C	0.125	-1.113297e+00	3.208585e+00	-5.165656e+01	1.000000e-05	1.000000e+05	7.337710e-01	9.829275e-01	9.832296e-01
1	1_1231137	1231137	0	G	A	0.125	-1.113297e+00	3.208585e+00	-5.165656e+01	1.000000e-05	1.000000e+05	7.337710e-01	9.829275e-01	9.832296e-01
1	1_1581524	1581524	1	A	G	0.133	-6.539267e-01	3.233085e+00	-5.153784e+01	1.000000e-05	1.000000e+05	8.426225e-01	6.257329e-01	6.345314e-01
2	2_270700	270700	2	T	C	0.357	2.757348e+00	2.260574e+00	-5.087039e+01	1.000000e-05	1.000000e+05	2.427079e-01	2.098021e-01	2.411844e-01
2	2_270855	270855	0	G	A	0.438	1.598169e+00	2.105347e+00	-5.143972e+01	1.000000e-05	1.000000e+05	4.603834e-01	5.099693e-01	5.234340e-01
2	2_270969	270969	1	T	G	0.467	2.705315e+00	2.084354e+00	-5.111403e+01	1.000000e-05	1.000000e+05	2.152936e-01	2.974680e-01	3.229973e-01
2	2_270970	270970	1	T	A	0.467	2.705315e+00	2.084354e+00	-5.111403e+01	1.000000e-05	1.000000e+05	2.152936e-01	2.974680e-01	3.229973e-01
2	2_270971	270971	1	C	A	0.467	2.705315e+00	2.084354e+00	-5.111403e+01	1.000000e-05	1.000000e+05	2.152936e-01	2.974680e-01	3.229973e-01
2	2_270994	270994	0	A	G	0.500	2.371383e+00	2.034979e+00	-5.148734e+01	1.000000e-05	1.000000e+05	2.633643e-01	5.604702e-01	5.717392e-01
2	2_294465	294465	1	G	A	0.133	7.456038e+00	2.551959e+00	-5.014515e+01	1.000000e-05	1.000000e+05	1.115338e-02	8.207806e-02	1.191868e-01
2	2_697983	697983	0	G	A	0.125	-1.767028e+00	3.190249e+00	-5.155773e+01	3.697610e-03	1.000000e+05	5.883962e-01	6.562519e-01	6.640259e-01
2	2_983795	983795	0	C	G	0.125	-1.767028e+00	3.190249e+00	-5.155773e+01	3.697610e-03	1.000000e+05	5.883962e-01	6.562519e-01	6.640259e-01
2	2_1225303	1225303	0	G	A	0.125	-1.767028e+00	3.190249e+00	-5.155773e+01	3.697610e-03	1.000000e+05	5.883962e-01	6.562519e-01	6.640259e-01
3	3_10892	10892	0	C	G	0.062	-7.005663e-01	4.398584e+00	-5.155036e+01	1.000000e-05	1.000000e+05	8.757304e-01	6.445433e-01	6.527010e-01
3	3_207299	207299	1	A	G	0.133	-6.539134e-01	3.233085e+00	-5.164603e+01	1.000000e-05	1.000000e+05	8.426256e-01	8.833979e-01	8.855271e-01
3	3_750294	750294	0	T	G	0.312	-1.354037e+00	2.270509e+00	-5.159567e+01	1.000000e-05	1.000000e+05	5.604556e-01	7.266236e-01	7.323166e-01
3	3_860957	860957	0	A	T	0.500	-2.413670e+00	2.041269e+00	-5.038959e+01	1.686845e-01	1.000000e+05	2.567263e-01	1.113898e-01	1.480570e-01
3	3_862065	862065	0	G	A	0.250	-6.558517e-01	2.454860e+00	-5.147551e+01	1.000000e-05	1.000000e+05	7.932377e-01	5.470879e-01	5.589138e-01
3	3_862068	862068	0	G	A	0.250	-6.558517e-01	2.454860e+00	-5.147551e+01	1.000000e-05	1.000000e+05	7.932377e-01	5.470879e-01	5.589138e-01
3	3_862069	862069	1	A	G	0.267	-8.112207e-01	2.479459e+00	-5.159570e+01	1.000000e-05	1.000000e+05	7.483750e-01	7.266938e-01	7.323849e-01
3	3_1071924	1071924	0	G	A	0.312	3.849444e+00	2.056145e+00	-5.058595e+01	1.000000e-05	1.000000e+05	8.222151e-02	1.433450e-01	1.786915e-01
3	3_1071929	1071929	0	C	T	0.312	3.849444e+00	2.056145e+00	-5.058595e+01	1.000000e-05	1.000000e+05	8.222151e-02	1.433450e-01	1.786915e-01
3	3_1234218	1234218	0	G	A	0.312	-5.369110e-01	2.294684e+00	-5.165676e+01	1.000000e-05	1.000000e+05	8.183872e-01	9.947336e-01	9.948267e-01
4	4_667433	667433	0	G	T	0.188	-1.433164e+00	2.703357e+00	-5.159089e+01	1.000000e-05	1.000000e+05	6.043203e-01	7.165827e-01	7.225506e-01
4	4_667446	667446	0	G	A	0.188	-1.433164e+00	2.703357e+00	-5.159089e+01	1.000000e-05	1.000000e+05	6.043203e-01	7.165827e-01	7.225506e-01
4	4_667490	667490	1	G	A	0.267	-1.930564e+00	2.434852e+00	-5.140108e+01	1.000000e-05	1.000000e+05	4.410739e-01	4.745313e-01	4.896934e-01
4	4_995956	995956	2	A	G	0.214	-2.247359e+00	2.710760e+00	-5.139415e+01	1.000000e-05	1.000000e+05	4.209861e-01	4.686006e-01	4.840597e-01
4	4_1076446	1076446	0	G	A	0.375	1.853225e+00	2.144840e+00	-5.118749e+01	1.000000e-05	1.000000e+05	4.021283e-01	3.326423e-01	3.558905e-01
4	4_1076465	1076465	0	G	A	0.438	2.575834e+00	2.034941e+00	-5.085650e+01	1.000000e-05	1.000000e+05	2.262434e-01	2.058232e-01	2.374654e-01
5	5_7093	7093	0	G	A	0.312	4.576688e+00	1.977397e+00	-4.839361e+01	1.917710e-01	1.000000e+05	3.633646e-02	1.062872e-02	3.630177e-02
5	5_276722	276722	0	G	A	0.125	-1.767028e+00	3.190249e+00	-5.155773e+01	3.697610e-03	1.000000e+05	5.883962e-01	6.562519e-01	6.640259e-01
5	5_475470	475470	0	T	C	0.312	-2.784965e-01	2.297960e+00	-5.142947e+01	1.000000e-05	1.000000e+05	9.052605e-01	5.001487e-01	5.140707e-01
5	5_476407	476407	0	A	T	0.375	-6.266693e-01	2.194903e+00	-5.155362e+01	1.000000e-05	1.000000e+05	7.794332e-01	6.496621e-01	6.576507e-01
5	5_500266	500266	1	G	A	0.400	-1.113530e+00	2.226880e+00	-5.162746e+01	1.000000e-05	1.000000e+05	6.248143e-01	8.086509e-01	8.123308e-01
5	5_676974	676974	0	A	C	0.438	1.821673e+00	2.172362e+00	-5.091943e+01	3.158399e-01	1.000000e+05	4.158005e-01	2.246054e-01	2.550093e-01
5	5_835130	835130	1	A	G	0.400	-1.849486e+00	2.191625e+00	-5.112061e+01	1.000000e-05	1.000000e+05	4.129199e-01	3.004136e-01	3.257489e-01
5	5_835251	835251	1	G	C	0.333	-1.952168e+00	2.275774e+00	-5.126982e+01	1.000000e-05	1.000000e+05	4.054470e-01	3.790060e-01	3.993959e-01
5	5_835261	835261	0	A	G	0.312	-1.743188e+00	2.251470e+00	-5.132183e+01	1.000000e-05	1.000000e+05	4.516642e-01	4.130838e-01	4.315012e-01
5	5_836479	836479	0	G	A	0.312	-8.690849e-01	2.287402e+00	-5.161339e+01	1.000000e-05	1.000000e+05	7.096886e-01	7.683054e-01	7.729270e-01
5	5_836568	836568	0	A	G	0.438	-7.636244e-01	2.138517e+00	-5.162876e+01	1.000000e-05	1.000000e+05	7.263561e-01	8.128644e-01	8.164507e-01
5	5_836697	836697	0	A	G	0.500	2.036949e+00	2.060686e+00	-5.164656e+01	1.000000e-05	1.000000e+05	3.396943e-01	8.863072e-01	8.883800e-01
5	5_836899	836899	1	G	A	0.067	-1.765763e+00	4.387073e+00	-5.165074e+01	1.000000e-05	1.000000e+05	6.934001e-01	9.124676e-01	9.140440e-01
5	5_1210544	1210544	0	G	A	0.125	-1.767028e+00	3.190249e+00	-5.155773e+01	3.697610e-03	1.000000e+05	5.883962e-01	6.562519e-01	6.640259e-01
5	5_1245074	1245074	0	A	G	0.250	4.124792e+00	2.481601e+00	-4.975208e+01	7.947383e-01	1.000000e+05	1.187010e-01	5.096544e-02	8.688487e-02
5	5_1770892	1770892	0	G	A	0.438	1.258434e+00	2.121742e+00	-5.144605e+01	1.000000e-05	1.000000e+05	5.625646e-01	5.162041e-01	5.293837e-01
5	5_1773044	1773044	0	G	A	0.125	-1.765794e+00	3.187604e+00	-5.108808e+01	1.000000e-05	1.000000e+05	5.883482e-01	2.861994e-01	3.124751e-01
5	5_1773047	1773047	0	G	A	0.250	-1.913800e+00	2.407373e+00	-5.159088e+01	1.000000e-05	1.000000e+05	4.398982e-01	7.165524e-01	7.225211e-01
6	6_191358	191358	0	C	T	0.062	3.405607e+00	4.307453e+00	-5.139218e+01	1.000000e-05	1.000000e+05	4.423471e-01	4.669398e-01	4.824826e-01
6	6_220264	220264	1	G	A	0.533	-2.751347e+00	2.178208e+00	-4.994524e+01	5.129659e-01	1.000000e+05	2.271763e-01	6.429092e-02	1.010244e-01
6	6_220267	220267	1	G	A	0.533	-2.751347e+00	2.178208e+00	-4.994524e+01	5.129659e-01	1.000000e+05	2.271763e-01	6.429092e-02	1.010244e-01
6	6_221273	221273	2	A	G	0.429	-2.681257e+00	2.190845e+00	-5.032184e+01	1.055119e-01	1.000000e+05	2.412087e-01	1.022625e-01	1.391704e-01
6	6_221275	221275	1	A	G	0.467	-2.704221e+00	2.087309e+00	-5.024892e+01	8.602417e-02	1.000000e+05	2.160842e-01	9.334498e-02	1.304057e-01
6	6_221282	221282	0	C	A	0.500	2.841839e+00	1.990491e+00	-4.988486e+01	3.065290e-01	1.000000e+05	1.753012e-01	5.976676e-02	9.628670e-02
6	6_739933	739933	0	G	T	0.375	-2.287111e+00	2.127714e+00	-5.042012e+01	1.924704e-01	1.000000e+05	3.005899e-01	1.157919e-01	1.523172e-01
6	6_988043	988043	0	T	C	0.250	3.346558e+00	2.292839e+00	-5.150854e+01	1.000000e-05	1.000000e+05	1.664814e-01	5.860954e-01	5.963469e-01
6	6_988098	988098	0	A	G	0.312	2.729568e+00	2.180365e+00	-5.135865e+01	1.000000e-05	1.000000e+05	2.311238e-01	4.400079e-01	4.569503e-01
6	6_988261	988261	2	A	G	0.143	-7.503692e-01	3.249560e+00	-5.164238e+01	1.000000e-05	1.000000e+05	8.207220e-01	8.651990e-01	8.676866e-01
6	6_988405	988405	1	T	C	0.267	-6.833544e-01	2.482210e+00	-5.093623e+01	1.000000e-05	1.000000e+05	7.871066e-01	2.299590e-01	2.600058e-01
6	6_988465	988465	0	T	C	0.500	2.868054e+00	1.988783e+00	-5.114296e+01	1.000000e-05	1.000000e+05	1.712661e-01	3.107125e-01	3.353733e-01
6	6_988478	988478	1	G	A	0.467	3.619788e+00	1.989710e+00	-4.929985e+01	4.812969e-01	1.000000e+05	9.032075e-02	2.992031e-02	6.287501e-02
6	6_988549	988549	1	A	G	0.267	5.286596e+00	2.049009e+00	-4.949508e+01	1.000000e-05	1.000000e+05	2.180624e-02	3.759150e-02	7.195737e-02
6	6_988553	988553	1	T	G	0.267	5.245739e+00	2.056497e+00	-4.948747e+01	1.000000e-05	1.000000e+05	2.308096e-02	3.725679e-02	7.157066e-02
6	6_988631	988631	0	G	A	0.188	-1.901608e+00	2.682639e+00	-5.158488e+01	1.000000e-05	1.000000e+05	4.900496e-01	7.045129e-01	7.108204e-01
6	6_988733	988733	1	A	G	0.600	-1.876429e+00	2.189989e+00	-5.085851e+01	1.000000e-05	1.000000e+05	4.059716e-01	2.063923e-01	2.379974e-01
6	6_988843	988843	3	A	G	0.462	3.705212e+00	2.154947e+00	-4.988070e+01	1.000000e-05	1.000000e+05	1.075625e-01	5.946737e-02	9.597111e-02
6	6_988922	988922	3	A	G	0.385	-1.793652e+00	2.382401e+00	-5.163187e+01	1.000000e-05	1.000000e+05	4.639972e-01	8.233426e-01	8.266998e-01
6	6_988930	988930	1	G	A	0.267	-1.513827e+00	2.455815e+00	-5.162490e+01	1.000000e-05	1.000000e+05	5.475071e-01	8.006250e-01	8.044855e-01
6	6_988960	988960	1	T	G	0.267	-1.746115e+00	2.444778e+00	-5.164478e+01	1.000000e-05	1.000000e+05	4.868279e-01	8.768663e-01	8.791230e-01
6	6_989188	989188	0	T	C	0.312	2.729574e+00	2.180362e+00	-5.076661e+01	1.000000e-05	1.000000e+05	2.311223e-01	1.821063e-01	2.152564e-01
6	6_989334	989334	2	G	C	0.357	-9.175365e-01	2.364979e+00	-5.165615e+01	1.000000e-05	1.000000e+05	7.038748e-01	9.715692e-01	9.720730e-01
6	6_989453	989453	2	G	A	0.286	-2.117390e+00	2.457577e+00	-5.144053e+01	1.000000e-05	1.000000e+05	4.034366e-01	5.107642e-01	5.241924e-01
6	6_989490	989490	0	T	C	0.312	-1.354035e+00	2.270508e+00	-5.153535e+01	1.000000e-05	1.000000e+05	5.604561e-01	6.221479e-01	6.310719e-01
6	6_989528	989528	0	T	C	0.562	-1.400892e+00	2.127613e+00	-5.130212e+01	4.822130e-02	1.000000e+05	5.209414e-01	3.996631e-01	4.188435e-01
6	6_989732	989732	2	T	C	0.286	4.385022e-01	2.519161e+00	-5.162035e+01	1.000000e-05	1.000000e+05	8.643050e-01	7.871974e-01	7.913674e-01
6	6_989861	989861	2	A	G	0.500	-1.996781e+00	2.215009e+00	-5.095993e+01	1.543095e-02	1.000000e+05	3.825814e-01	2.377781e-01	2.673012e-01
6	6_989960	989960	0	A	G	0.500	-1.137962e+00	2.109573e+00	-5.156541e+01	1.000000e-05	1.000000e+05	5.980669e-01	6.690186e-01	6.763871e-01
6	6_990258	990258	0	G	T	0.375	4.158081e+00	2.125704e+00	-4.914034e+01	3.072539e+00	1.000000e+05	7.070835e-02	2.487046e-02	5.658414e-02
6	6_990671	990671	4	A	G	0.333	3.683644e+00	2.490286e+00	-5.015738e+01	3.874127e-01	1.000000e+05	1.612322e-01	8.332561e-02	1.204382e-01
6	6_990699	990699	2	A	G	0.286	3.993610e+00	2.416868e+00	-4.970595e+01	5.287052e-01	1.000000e+05	1.206969e-01	4.823837e-02	8.391264e-02
6	6_990701	990701	1	G	A	0.267	-1.898959e+00	2.436631e+00	-5.117433e+01	1.000000e-05	1.000000e+05	4.487550e-01	3.259528e-01	3.496282e-01
6	6_990771	990771	2	T	C	0.286	-9.313465e-01	2.585456e+00	-5.149031e+01	1.087151e-01	1.000000e+05	7.240553e-01	5.639212e-01	5.750495e-01
6	6_990777	990777	0	A	G	0.312	3.281499e+00	2.472248e+00	-5.031834e+01	7.954059e-01	1.000000e+05	2.056380e-01	1.018144e-01	1.387320e-01
6	6_990851	990851	1	T	C	0.267	-8.090924e-01	2.575827e+00	-5.154265e+01	1.306787e-01	1.000000e+05	7.580695e-01	6.328159e-01	6.413695e-01
6	6_990862	990862	0	G	T	0.250	-2.343937e+00	2.576832e+00	-5.086027e+01	3.210740e-01	1.000000e+05	3.784173e-01	2.068948e-01	2.384671e-01
6	6_990885	990885	2	A	G	0.143	-7.084169e-01	3.250237e+00	-5.163965e+01	1.000000e-05	1.000000e+05	8.306063e-01	8.531188e-01	8.558505e-01
6	6_990992	990992	1	T	C	0.267	4.059581e+00	2.552857e+00	-4.983248e+01	7.683197e-01	1.000000e+05	1.341086e-01	5.611592e-02	9.241907e-02
6	6_991027	991027	0	T	C	0.188	-1.948832e+00	2.738465e+00	-5.135570e+01	8.390114e-02	1.000000e+05	4.883703e-01	4.377495e-01	4.548128e-01
6	6_1031241	1031241	1	G	A	0.267	4.216903e+00	2.471172e+00	-4.967471e+01	7.721717e-01	1.000000e+05	1.100004e-01	4.647874e-02	8.197753e-02
6	6_1160524	1160524	0	A	G	0.312	4.181616e+00	2.009273e+00	-4.998438e+01	1.000000e-05	1.000000e+05	5.625784e-02	6.741738e-02	1.042665e-01
6	6_1160528	1160528	0	A	G	0.312	4.181616e+00	2.009273e+00	-4.998438e+01	1.000000e-05	1.000000e+05	5.625784e-02	6.741738e-02	1.042665e-01
6	6_1160532	1160532	0	A	G	0.312	4.181616e+00	2.009273e+00	-4.998438e+01	1.000000e-05	1.000000e+05	5.625784e-02	6.741738e-02	1.042665e-01
7	7_11056	11056	1	A	C	0.467	2.904226e+00	2.065143e+00	-5.070349e+01	1.000000e-05	1.000000e+05	1.814399e-01	1.673418e-01	2.013793e-01
7	7_14006	14006	1	A	G	0.200	-6.749201e-01	2.745687e+00	-5.164817e+01	1.000000e-05	1.000000e+05	8.093956e-01	8.955575e-01	8.974528e-01
7	7_36839	36839	0	G	A	0.188	-1.537191e+00	2.699272e+00	-5.160817e+01	1.000000e-05	1.000000e+05	5.780517e-01	7.551793e-01	7.601267e-01
7	7_49744	49744	0	G	A	0.062	-1.648059e+00	4.380480e+00	-5.163086e+01	1.000000e-05	1.000000e+05	7.123875e-01	8.198681e-01	8.233007e-01
7	7_164473	164473	2	G	A	0.357	-9.674785e-01	2.363557e+00	-5.165664e+01	1.000000e-05	1.000000e+05	6.884900e-01	9.865329e-01	9.867711e-01
7	7_164511	164511	0	C	T	0.438	1.377235e+00	2.118699e+00	-5.133245e+01	9.302956e-03	1.000000e+05	5.261912e-01	4.205887e-01	4.385874e-01
7	7_164589	164589	0	C	T	0.375	-2.180026e+00	2.132468e+00	-5.079412e+01	2.553215e-02	1.000000e+05	3.239794e-01	1.890080e-01	2.217280e-01
7	7_164636	164636	1	A	G	0.400	-1.985480e+00	2.311981e+00	-5.062877e+01	7.312278e-01	1.000000e+05	4.049269e-01	1.516042e-01	1.865230e-01
7	7_164887	164887	0	G	A	0.312	-1.612445e+00	2.258416e+00	-5.120439e+01	1.000000e-05	1.000000e+05	4.869782e-01	3.414992e-01	3.641871e-01
7	7_164926	164926	2	G	A	0.214	-1.321438e+00	2.753953e+00	-5.145399e+01	1.000000e-05	1.000000e+05	6.387561e-01	5.242181e-01	5.370371e-01
7	7_165027	165027	1	T	C	0.200	-1.188144e+00	2.733220e+00	-5.151966e+01	1.000000e-05	1.000000e+05	6.704023e-01	6.004883e-01	6.101955e-01
7	7_165292	165292	0	C	A	0.625	2.235216e+00	2.118673e+00	-5.159962e+01	1.000000e-05	1.000000e+05	3.092893e-01	7.352659e-01	7.407277e-01
7	7_165637	165637	0	G	A	0.562	1.543517e+00	2.108251e+00	-5.147299e+01	1.000000e-05	1.000000e+05	4.761671e-01	5.443194e-01	5.562627e-01
7	7_165657	165657	2	A	G	0.357	-2.220350e+00	2.302415e+00	-5.115790e+01	1.000000e-05	1.000000e+05	3.512302e-01	3.178514e-01	3.420487e-01
7	7_165680	165680	0	T	C	0.375	-2.472094e+00	2.099792e+00	-5.115576e+01	1.000000e-05	1.000000e+05	2.587019e-01	3.168131e-01	3.410775e-01
7	7_165704	165704	1	A	G	0.533	2.192038e+00	2.126984e+00	-5.138693e+01	1.000000e-05	1.000000e+05	3.202119e-01	4.625538e-01	4.783194e-01
7	7_165798	165798	2	C	T	0.286	-2.072452e+00	2.460313e+00	-5.150211e+01	1.000000e-05	1.000000e+05	4.137494e-01	5.780783e-01	5.886413e-01
7	7_165854	165854	2	C	T	0.357	-2.149030e+00	2.307245e+00	-5.123060e+01	1.000000e-05	1.000000e+05	3.674176e-01	3.558829e-01	3.776747e-01
7	7_165873	165873	0	A	G	0.312	-2.450452e+00	2.270515e+00	-5.026448e+01	6.154074e-01	1.000000e+05	2.987201e-01	9.517360e-02	1.322104e-01
7	7_165955	165955	1	T	C	0.467	-3.604707e-01	2.204091e+00	-5.154397e+01	1.000000e-05	1.000000e+05	8.724259e-01	6.347882e-01	6.432744e-01
7	7_166056	166056	1	A	C	0.467	-2.209017e+00	2.125735e+00	-5.138235e+01	1.000000e-05	1.000000e+05	3.163373e-01	4.587835e-01	4.747421e-01
7	7_166309	166309	1	G	A	0.467	1.372050e+00	2.175504e+00	-5.144673e+01	1.000000e-05	1.000000e+05	5.384087e-01	5.168792e-01	5.300281e-01
7	7_166838	166838	0	T	A	0.188	-1.006204e+00	2.717081e+00	-5.164595e+01	1.000000e-05	1.000000e+05	7.166826e-01	8.829439e-01	8.850819e-01
7	7_166992	166992	0	A	G	0.312	9.800820e-02	2.299018e+00	-5.164151e+01	1.000000e-05	1.000000e+05	9.665982e-01	8.612376e-01	8.638046e-01
7	7_167034	167034	2	T	C	0.286	1.026386e+00	2.506926e+00	-5.158200e+01	1.000000e-05	1.000000e+05	6.884266e-01	6.989391e-01	7.054070e-01
7	7_167035	167035	1	C	A	0.333	1.226004e+00	2.311710e+00	-5.148659e+01	1.000000e-05	1.000000e+05	6.041835e-01	5.596072e-01	5.709116e-01
7	7_167135	167135	2	A	G	0.500	-2.972194e+00	2.135596e+00	-5.006664e+01	1.000000e-05	1.000000e+05	1.857190e-01	7.453107e-02	1.115592e-01
7	7_167192	167192	0	C	T	0.438	-2.192480e+00	2.066772e+00	-5.079424e+01	1.000000e-05	1.000000e+05	3.067289e-01	1.890386e-01	2.217567e-01
7	7_167224	167224	1	T	A	0.333	-1.998316e+00	2.272909e+00	-5.087387e+01	1.000000e-05	1.000000e+05	3.941393e-01	2.108130e-01	2.421290e-01
7	7_167292	167292	2	A	G	0.429	-2.369902e+00	2.213312e+00	-5.097180e+01	1.000000e-05	1.000000e+05	3.023952e-01	2.418158e-01	2.710679e-01
7	7_167370	167370	1	A	G	0.400	2.318443e+00	2.159539e+00	-5.132391e+01	1.000000e-05	1.000000e+05	3.011665e-01	4.145338e-01	4.328699e-01
7	7_167655	167655	2	G	A	0.429	-2.453545e+00	2.206795e+00	-5.116507e+01	1.000000e-05	1.000000e+05	2.849468e-01	3.213555e-01	3.453265e-01
7	7_167687	167687	1	A	C	0.200	-1.150690e+00	2.734365e+00	-5.155016e+01	1.000000e-05	1.000000e+05	6.802710e-01	6.442269e-01	6.523952e-01
7	7_453828	453828	1	T	C	0.200	-2.326478e-01	2.750902e+00	-5.165661e+01	1.000000e-05	1.000000e+05	9.337996e-01	9.852355e-01	9.854967e-01
7	7_479542	479542	0	A	G	0.125	-1.765772e+00	3.187604e+00	-5.163793e+01	1.000000e-05	1.000000e+05	5.883526e-01	8.460311e-01	8.489084e-01
7	7_672119	672119	0	G	A	0.312	-2.798230e+00	2.139033e+00	-4.989834e+01	6.467298e-01	1.000000e+05	2.118856e-01	6.074603e-02	9.731711e-02
7	7_752860	752860	2	A	T	0.286	4.774940e+00	2.182399e+00	-4.860342e+01	5.104347e-02	1.000000e+05	4.613136e-02	1.346675e-02	4.081412e-02
7	7_752861	752861	0	A	T	0.188	-1.006204e+00	2.717080e+00	-5.165107e+01	1.000000e-05	1.000000e+05	7.166827e-01	9.148816e-01	9.164130e-01
7	7_908360	908360	1	C	A	0.133	-2.160909e+00	3.185879e+00	-5.113635e+01	1.000000e-05	1.000000e+05	5.086527e-01	3.076205e-01	3.324832e-01
7	7_1196178	1196178	0	C	T	0.625	-2.435228e+00	2.102870e+00	-5.128544e+01	1.000000e-05	1.000000e+05	2.662184e-01	3.888011e-01	4.086123e-01
7	7_1205599	1205599	2	G	T	0.286	-2.537332e+00	2.440499e+00	-5.040517e+01	4.084919e-01	1.000000e+05	3.161130e-01	1.136125e-01	1.502100e-01
7	7_1205600	1205600	1	G	A	0.267	-2.488992e+00	2.427916e+00	-5.037126e+01	5.511434e-01	1.000000e+05	3.226778e-01	1.088348e-01	1.455771e-01
7	7_1205735	1205735	2	T	A	0.214	6.476808e-01	2.771105e+00	-5.164176e+01	1.000000e-05	1.000000e+05	8.185804e-01	8.623904e-01	8.649343e-01
7	7_1263585	1263585	0	T	C	0.375	2.157716e+00	2.124410e+00	-5.138798e+01	1.000000e-05	1.000000e+05	3.270151e-01	4.634225e-01	4.791438e-01
7	7_1263610	1263610	0	G	A	0.438	-1.657663e+00	2.102056e+00	-5.131375e+01	1.000000e-05	1.000000e+05	4.435004e-01	4.075060e-01	4.262383e-01
7	7_1263646	1263646	0	G	A	0.125	-2.022602e+00	3.176685e+00	-5.155639e+01	1.000000e-05	1.000000e+05	5.345917e-01	6.540835e-01	6.619278e-01
7	7_1263647	1263647	0	G	T	0.125	-2.022602e+00	3.176685e+00	-5.155639e+01	1.000000e-05	1.000000e+05	5.345917e-01	6.540835e-01	6.619278e-01
7	7_1266484	1266484	1	T	A	0.400	-2.382369e+00	2.154565e+00	-5.147308e+01	1.000000e-05	1.000000e+05	2.874829e-01	5.444214e-01	5.563603e-01
7	7_1276916	1276916	0	A	G	0.188	-1.901611e+00	2.682639e+00	-5.139685e+01	1.000000e-05	1.000000e+05	4.900488e-01	4.708941e-01	4.862378e-01
7	7_1276919	1276919	0	G	A	0.125	-1.765781e+00	3.187603e+00	-5.143894e+01	1.000000e-05	1.000000e+05	5.883506e-01	5.092095e-01	5.227093e-01
7	7_1341024	1341024	0	A	C	0.312	-3.649093e-01	2.297100e+00	-5.165134e+01	1.000000e-05	1.000000e+05	8.760508e-01	9.169086e-01	9.184023e-01
8	8_817562	817562	2	T	C	0.071	1.565386e+01	1.437317e+00	-3.390027e+01	1.000000e-05	1.000000e+05	3.213367e-08	2.533514e-09	2.043739e-03
8	8_817567	817567	2	C	T	0.071	1.565386e+01	1.437317e+00	-3.390027e+01	1.000000e-05	1.000000e+05	3.213367e-08	2.533514e-09	2.043739e-03
8	8_817674	817674	1	A	G	0.133	9.933345e+00	2.500640e+00	-4.553765e+01	4.239580e+01	1.000000e+05	1.389494e-03	4.681946e-04	1.108731e-02
8	8_818838	818838	3	G	A	0.385	3.860526e+00	2.185743e+00	-4.921749e+01	1.443689e+00	1.000000e+05	9.914366e-02	2.719176e-02	5.951298e-02
8	8_847517	847517	0	A	G	0.188	-1.068737e+00	2.715376e+00	-5.161643e+01	1.000000e-05	1.000000e+05	6.998148e-01	7.763272e-01	7.807546e-01
8	8_874822	874822	1	G	A	0.133	-1.242865e+00	3.220721e+00	-5.135582e+01	1.000000e-05	1.000000e+05	7.053740e-01	4.378449e-01	4.549031e-01
8	8_874895	874895	2	T	C	0.143	-2.060078e+00	3.208849e+00	-5.137579e+01	1.000000e-05	1.000000e+05	5.312461e-01	4.534576e-01	4.696916e-01
8	8_874992	874992	0	C	T	0.125	-1.765770e+00	3.187605e+00	-5.165659e+01	1.000000e-05	1.000000e+05	5.883532e-01	9.842833e-01	9.845614e-01
8	8_1252135	1252135	1	T	C	0.400	-9.958678e-01	2.230859e+00	-5.163384e+01	1.000000e-05	1.000000e+05	6.621314e-01	8.303637e-01	8.335701e-01
8	8_1326133	1326133	0	A	G	0.188	4.752722e+00	2.416898e+00	-5.020390e+01	1.000000e-05	1.000000e+05	6.939371e-02	8.826363e-02	1.253683e-01
8	8_1326140	1326140	0	G	A	0.125	7.502759e+00	2.522443e+00	-4.759916e+01	1.000000e-05	1.000000e+05	1.004847e-02	4.389464e-03	2.436235e-02
8	8_1383765	1383765	0	A	G	0.438	3.015980e+00	1.991277e+00	-5.111457e+01	1.000000e-05	1.000000e+05	1.521221e-01	2.977102e-01	3.232235e-01
9	9_5213	5213	1	G	C	0.067	3.278346e+00	4.324516e+00	-5.143065e+01	1.000000e-05	1.000000e+05	4.609722e-01	5.012552e-01	5.151251e-01
9	9_6619	6619	0	C	T	0.250	5.221936e+00	2.027143e+00	-4.752647e+01	1.000000e-05	1.000000e+05	2.197923e-02	4.051407e-03	2.356356e-02
9	9_7470	7470	0	A	G	0.375	-2.244000e+00	2.119706e+00	-5.094004e+01	1.909930e-02	1.000000e+05	3.076893e-01	2.311949e-01	2.611591e-01
9	9_7729	7729	0	C	T	0.375	1.733369e+00	2.151983e+00	-5.123836e+01	1.000000e-05	1.000000e+05	4.340134e-01	3.602997e-01	3.818200e-01
9	9_8171	8171	1	G	A	0.533	7.567699e-01	2.196906e+00	-5.164320e+01	1.000000e-05	1.000000e+05	7.356120e-01	8.690779e-01	8.714882e-01
9	9_10033	10033	0	C	T	0.250	-1.679467e+00	2.419833e+00	-5.130244e+01	1.000000e-05	1.000000e+05	4.990108e-01	3.998805e-01	4.190484e-01
9	9_220237	220237	1	A	G	0.133	-8.334253e-01	3.230135e+00	-5.158954e+01	1.000000e-05	1.000000e+05	8.001490e-01	7.138300e-01	7.198744e-01
9	9_220963	220963	0	C	T	0.188	-1.901601e+00	2.682639e+00	-5.163679e+01	1.000000e-05	1.000000e+05	4.900511e-01	8.415148e-01	8.444860e-01
9	9_705343	705343	1	G	A	0.200	5.093050e+00	2.391347e+00	-4.959348e+01	1.000000e-05	1.000000e+05	5.141455e-02	4.221367e-02	7.722437e-02
9	9_705571	705571	0	C	T	0.500	-1.137963e+00	2.109577e+00	-5.165637e+01	1.000000e-05	1.000000e+05	5.980674e-01	9.768822e-01	9.772915e-01
9	9_706175	706175	1	G	A	0.400	-2.140511e+00	2.172621e+00	-5.131006e+01	1.000000e-05	1.000000e+05	3.412374e-01	4.049942e-01	4.238694e-01
9	9_1115286	1115286	0	G	A	0.500	1.137965e+00	2.109575e+00	-5.163578e+01	1.000000e-05	1.000000e+05	5.980665e-01	8.376191e-01	8.406719e-01
10	10_15220	15220	0	T	A	0.125	-1.765789e+00	3.187609e+00	-5.130842e+01	1.000000e-05	1.000000e+05	5.883496e-01	4.038836e-01	4.228221e-01
10	10_15279	15279	1	A	G	0.267	-1.944537e+00	2.434058e+00	-5.153894e+01	1.000000e-05	1.000000e+05	4.376998e-01	6.273393e-01	6.360819e-01
10	10_15288	15288	1	C	T	0.267	-1.944534e+00	2.434059e+00	-5.161451e+01	1.000000e-05	1.000000e+05	4.377006e-01	7.712220e-01	7.757726e-01
10	10_15302	15302	2	T	C	0.357	-2.610252e+00	2.273011e+00	-5.073109e+01	1.000000e-05	1.000000e+05	2.700606e-01	1.736228e-01	2.072889e-01
10	10_15428	15428	1	C	G	0.133	-1.901606e+00	3.197670e+00	-5.162138e+01	1.000000e-05	1.000000e+05	5.615429e-01	7.901641e-01	7.942649e-01
10	10_15438	15438	0	G	A	0.125	-1.765774e+00	3.187607e+00	-5.165312e+01	1.000000e-05	1.000000e+05	5.883526e-01	9.318063e-01	9.330257e-01
10	10_15441	15441	1	A	G	0.133	-1.901606e+00	3.197670e+00	-5.162138e+01	1.000000e-05	1.000000e+05	5.615429e-01	7.901641e-01	7.942649e-01
10	10_15449	15449	1	C	T	0.067	-1.765788e+00	4.387081e+00	-5.153010e+01	1.000000e-05	1.000000e+05	6.933966e-01	6.147068e-01	6.238951e-01
10	10_15455	15455	0	C	T	0.062	-1.648066e+00	4.380486e+00	-5.159136e+01	1.000000e-05	1.000000e+05	7.123867e-01	7.175593e-01	7.235001e-01
10	10_15458	15458	0	G	A	0.062	-1.648066e+00	4.380486e+00	-5.159136e+01	1.000000e-05	1.000000e+05	7.123867e-01	7.175593e-01	7.235001e-01
10	10_15461	15461	0	T	C	0.062	-1.648066e+00	4.380486e+00	-5.159136e+01	1.000000e-05	1.000000e+05	7.123867e-01	7.175593e-01	7.235001e-01
10	10_15463	15463	0	A	T	0.062	-1.648066e+00	4.380486e+00	-5.159136e+01	1.000000e-05	1.000000e+05	7.123867e-01	7.175593e-01	7.235001e-01
10	10_15473	15473	0	C	T	0.062	-1.648066e+00	4.380486e+00	-5.159136e+01	1.000000e-05	1.000000e+05	7.123867e-01	7.175593e-01	7.235001e-01
10	10_17879	17879	0	T	C	0.250	-1.001881e-01	2.460964e+00	-5.164511e+01	1.000000e-05	1.000000e+05	9.681012e-01	8.785360e-01	8.807599e-01
10	10_17897	17897	0	A	G	0.250	-1.001881e-01	2.460964e+00	-5.164511e+01	1.000000e-05	1.000000e+05	9.681012e-01	8.785360e-01	8.807599e-01
10	10_18092	18092	0	A	G	0.438	-2.345332e+00	2.054753e+00	-5.132063e+01	1.000000e-05	1.000000e+05	2.728444e-01	4.122455e-01	4.307101e-01
10	10_18647	18647	2	C	T	0.143	-5.265633e-01	3.252698e+00	-5.091108e+01	1.000000e-05	1.000000e+05	8.737095e-01	2.219986e-01	2.525759e-01
10	10_18785	18785	0	G	A	0.125	-5.186208e-01	3.219366e+00	-5.160242e+01	1.000000e-05	1.000000e+05	8.743208e-01	7.416021e-01	7.468975e-01
10	10_18869	18869	0	G	A	0.250	-1.482388e+00	2.429011e+00	-5.122221e+01	1.000000e-05	1.000000e+05	5.514521e-01	3.511898e-01	3.732721e-01
10	10_18908	18908	0	G	A	0.438	2.215645e+00	2.075193e+00	-5.068248e+01	1.822534e-01	1.000000e+05	3.037299e-01	1.627369e-01	1.970401e-01
10	10_18915	18915	0	T	C	0.438	2.215645e+00	2.075193e+00	-5.068248e+01	1.822534e-01	1.000000e+05	3.037299e-01	1.627369e-01	1.970401e-01
10	10_18933	18933	0	A	G	0.438	2.102717e+00	2.073426e+00	-5.137211e+01	1.000000e-05	1.000000e+05	3.277290e-01	4.505153e-01	4.669027e-01
10	10_18941	18941	2	T	C	0.500	2.600942e+00	2.169923e+00	-5.119839e+01	1.000000e-05	1.000000e+05	2.505671e-01	3.383175e-01	3.612059e-01
10	10_18943	18943	1	G	A	0.533	2.852190e+00	2.070318e+00	-5.110834e+01	1.000000e-05	1.000000e+05	1.899338e-01	2.949512e-01	3.206466e-01
10	10_18988	18988	3	A	G	0.077	-1.097778e+00	4.427118e+00	-5.158592e+01	1.000000e-05	1.000000e+05	8.077602e-01	7.065616e-01	7.128108e-01
10	10_18992	18992	0	A	G	0.062	-7.005663e-01	4.398584e+00	-5.155036e+01	1.000000e-05	1.000000e+05	8.757304e-01	6.445433e-01	6.527010e-01
10	10_18997	18997	2	G	A	0.071	-9.450054e-01	4.416467e+00	-5.158882e+01	1.000000e-05	1.000000e+05	8.336530e-01	7.123679e-01	7.184532e-01
10	10_19002	19002	0	T	C	0.125	-1.258199e+00	3.204757e+00	-5.163620e+01	1.000000e-05	1.000000e+05	7.005249e-01	8.392006e-01	8.422201e-01
10	10_19004	19004	0	G	A	0.125	-1.258199e+00	3.204757e+00	-5.163620e+01	1.000000e-05	1.000000e+05	7.005249e-01	8.392006e-01	8.422201e-01
10	10_19015	19015	0	A	G	0.125	-1.258199e+00	3.204757e+00	-5.163620e+01	1.000000e-05	1.000000e+05	7.005249e-01	8.392006e-01	8.422201e-01
10	10_19031	19031	0	G	A	0.062	-7.005663e-01	4.398584e+00	-5.155036e+01	1.000000e-05	1.000000e+05	8.757304e-01	6.445433e-01	6.527010e-01
10	10_19067	19067	1	A	T	0.133	7.524381e+00	2.537589e+00	-4.758684e+01	1.000000e-05	1.000000e+05	1.023390e-02	4.330199e-03	2.422423e-02
10	10_318276	318276	0	G	A	0.250	-1.332563e+00	2.435206e+00	-5.159233e+01	1.000000e-05	1.000000e+05	5.928526e-01	7.195614e-01	7.254470e-01
10	10_387430	387430	1	G	A	0.133	-1.917980e+00	3.223578e+00	-5.151169e+01	3.469631e-02	1.000000e+05	5.613479e-01	5.901050e-01	6.002029e-01
10	10_583208	583208	1	A	G	0.533	-2.936008e+00	2.074705e+00	-4.967942e+01	3.503436e-01	1.000000e+05	1.788837e-01	4.674007e-02	8.226583e-02
10	10_584652	584652	0	G	T	0.438	-2.231191e+00	2.063813e+00	-5.117805e+01	1.000000e-05	1.000000e+05	2.979237e-01	3.278253e-01	3.513808e-01
10	10_724149	724149	0	G	A	0.188	4.210639e-02	2.730333e+00	-5.164921e+01	1.000000e-05	1.000000e+05	9.879134e-01	9.020259e-01	9.037983e-01
10	10_724150	724150	0	A	G	0.188	4.210639e-02	2.730333e+00	-5.164921e+01	1.000000e-05	1.000000e+05	9.879134e-01	9.020259e-01	9.037983e-01
11	11_9749	9749	0	A	G	0.125	-1.765790e+00	3.187607e+00	-5.147884e+01	1.000000e-05	1.000000e+05	5.883493e-01	5.507928e-01	5.624627e-01
11	11_10019	10019	1	G	C	0.400	-1.555563e+00	2.207873e+00	-5.090988e+01	1.000000e-05	1.000000e+05	4.926434e-01	2.216250e-01	2.522271e-01
11	11_10896	10896	0	C	G	0.062	-1.651010e+00	4.380559e+00	-5.099338e+01	1.345800e-03	1.000000e+05	7.119029e-01	2.493719e-01	2.781159e-01
11	11_10931	10931	0	T	A	0.125	-1.515023e+00	3.196808e+00	-5.162526e+01	1.000000e-05	1.000000e+05	6.428648e-01	8.017484e-01	8.055834e-01
11	11_10934	10934	0	G	T	0.188	-1.721588e+00	2.691308e+00	-5.127751e+01	1.000000e-05	1.000000e+05	5.327065e-01	3.837808e-01	4.038874e-01
11	11_104630	104630	0	A	G	0.188	6.217852e+00	2.254782e+00	-4.751051e+01	1.232595e+00	1.000000e+05	1.541235e-02	3.980787e-03	2.339319e-02
11	11_104688	104688	1	G	A	0.200	-1.150681e+00	2.734366e+00	-5.165320e+01	1.000000e-05	1.000000e+05	6.802738e-01	9.324720e-01	9.336792e-01
11	11_384025	384025	0	T	C	0.188	9.375149e-01	2.718835e+00	-5.142456e+01	1.000000e-05	1.000000e+05	7.353534e-01	4.955496e-01	5.096892e-01
11	11_547884	547884	0	C	T	0.125	-1.767028e+00	3.190249e+00	-5.155773e+01	3.697610e-03	1.000000e+05	5.883962e-01	6.562519e-01	6.640259e-01
11	11_804706	804706	1	A	G	0.267	-1.969875e+00	2.432599e+00	-5.072865e+01	1.000000e-05	1.000000e+05	4.316146e-01	1.730550e-01	2.067551e-01
11	11_804710	804710	3	C	T	0.231	-5.710881e-01	2.801941e+00	-5.139699e+01	1.000000e-05	1.000000e+05	8.414281e-01	4.710182e-01	4.863557e-01
11	11_804742	804742	1	G	A	0.400	2.256286e-01	2.245866e+00	-5.132855e+01	1.000000e-05	1.000000e+05	9.214005e-01	4.178109e-01	4.359640e-01
11	11_804763	804763	1	C	T	0.200	-1.402428e+00	2.725958e+00	-5.164857e+01	1.000000e-05	1.000000e+05	6.149475e-01	8.979990e-01	8.998478e-01
11	11_966513	966513	1	T	A	0.133	4.839616e-03	3.237805e+00	-5.157906e+01	1.000000e-05	1.000000e+05	9.988285e-01	6.933834e-01	7.000134e-01
11	11_966516	966516	0	C	T	0.125	-1.113294e+00	3.208584e+00	-5.165646e+01	1.000000e-05	1.000000e+05	7.337714e-01	9.797951e-01	9.801528e-01
11	11_966519	966519	0	C	T	0.125	-1.113294e+00	3.208584e+00	-5.165646e+01	1.000000e-05	1.000000e+05	7.337714e-01	9.797951e-01	9.801528e-01
11	11_966569	966569	1	C	G	0.133	4.839616e-03	3.237805e+00	-5.157906e+01	1.000000e-05	1.000000e+05	9.988285e-01	6.933834e-01	7.000134e-01
11	11_966644	966644	2	C	A	0.214	4.818385e+00	2.459804e+00	-4.949837e+01	1.000000e-05	1.000000e+05	7.035681e-02	3.773694e-02	7.212518e-02
11	11_966669	966669	1	C	T	0.400	-2.373148e+00	2.155291e+00	-5.164493e+01	1.000000e-05	1.000000e+05	2.894333e-01	8.776318e-01	8.798734e-01
11	11_966684	966684	2	T	C	0.429	9.557957e-01	2.287943e+00	-5.156329e+01	1.000000e-05	1.000000e+05	6.824638e-01	6.654351e-01	6.729162e-01
11	11_966699	966699	1	T	C	0.333	-2.226256e+00	2.257730e+00	-5.160158e+01	1.000000e-05	1.000000e+05	3.408398e-01	7.396848e-01	7.450303e-01
11	11_966700	966700	1	G	A	0.333	-2.226256e+00	2.257730e+00	-5.160158e+01	1.000000e-05	1.000000e+05	3.408398e-01	7.396848e-01	7.450303e-01
11	11_966735	966735	0	A	C	0.250	-1.533188e+00	2.426761e+00	-5.162700e+01	1.000000e-05	1.000000e+05	5.377088e-01	8.071904e-01	8.109030e-01
11	11_966738	966738	1	T	A	0.267	-1.993950e+00	2.431202e+00	-5.162666e+01	1.000000e-05	1.000000e+05	4.258746e-01	8.060939e-01	8.098310e-01
11	11_966756	966756	0	A	G	0.188	-1.721580e+00	2.691311e+00	-5.158323e+01	1.000000e-05	1.000000e+05	5.327088e-01	7.013158e-01	7.077151e-01
11	11_966757	966757	0	T	C	0.188	-1.721580e+00	2.691311e+00	-5.158323e+01	1.000000e-05	1.000000e+05	5.327088e-01	7.013158e-01	7.077151e-01
11	11_966771	966771	0	T	C	0.250	-1.913799e+00	2.407375e+00	-5.162029e+01	1.000000e-05	1.000000e+05	4.398990e-01	7.870271e-01	7.912011e-01
11	11_1478119	1478119	0	A	G	0.312	-1.656774e+00	2.256125e+00	-5.164013e+01	1.000000e-05	1.000000e+05	4.748591e-01	8.551920e-01	8.578814e-01
12	12_11092	11092	0	G	A	0.312	-2.290648e+00	2.265229e+00	-5.106320e+01	7.240686e-02	1.000000e+05	3.290693e-01	2.759020e-01	3.028644e-01
12	12_11094	11094	0	A	G	0.500	2.917025e+00	1.983691e+00	-5.083720e+01	1.000000e-05	1.000000e+05	1.635410e-01	2.004406e-01	2.324318e-01
12	12_11122	11122	0	G	C	0.312	-2.247359e+00	2.219330e+00	-5.149375e+01	1.000000e-05	1.000000e+05	3.284192e-01	5.679775e-01	5.789418e-01
12	12_11170	11170	0	C	T	0.375	-2.167602e+00	2.123691e+00	-5.156280e+01	1.000000e-05	1.000000e+05	3.247223e-01	6.646197e-01	6.721265e-01
12	12_11223	11223	0	G	C	0.312	3.364488e+00	2.116038e+00	-5.107185e+01	1.000000e-05	1.000000e+05	1.341575e-01	2.794268e-01	3.061537e-01
12	12_11400	11400	0	A	C	0.438	2.152462e+00	2.069779e+00	-5.139010e+01	1.000000e-05	1.000000e+05	3.159921e-01	4.651960e-01	4.808272e-01
12	12_11406	11406	0	A	G	0.438	2.152462e+00	2.069779e+00	-5.139010e+01	1.000000e-05	1.000000e+05	3.159921e-01	4.651960e-01	4.808272e-01
12	12_11407	11407	0	C	A	0.438	2.152462e+00	2.069779e+00	-5.139010e+01	1.000000e-05	1.000000e+05	3.159921e-01	4.651960e-01	4.808272e-01
12	12_11410	11410	0	C	T	0.438	2.152462e+00	2.069779e+00	-5.139010e+01	1.000000e-05	1.000000e+05	3.159921e-01	4.651960e-01	4.808272e-01
12	12_11413	11413	1	T	G	0.467	2.669273e+00	2.087672e+00	-5.112807e+01	1.000000e-05	1.000000e+05	2.218319e-01	3.038021e-01	3.289148e-01
12	12_13936	13936	0	C	T	0.125	-1.113296e+00	3.208583e+00	-5.163537e+01	1.000000e-05	1.000000e+05	7.337709e-01	8.360508e-01	8.391366e-01
12	12_13979	13979	2	T	C	0.143	-9.991803e-01	3.244773e+00	-5.165109e+01	1.000000e-05	1.000000e+05	7.626652e-01	9.150338e-01	9.165624e-01
12	12_14009	14009	0	C	T	0.250	-1.001845e-01	2.460965e+00	-5.157866e+01	1.000000e-05	1.000000e+05	9.681024e-01	6.926363e-01	6.992883e-01
12	12_14035	14035	1	C	T	0.400	-1.113525e+00	2.226879e+00	-5.165678e+01	1.000000e-05	1.000000e+05	6.248158e-01	9.993661e-01	9.993773e-01
12	12_14096	14096	0	C	T	0.375	2.315379e+00	2.112515e+00	-5.090585e+01	1.000000e-05	1.000000e+05	2.915623e-01	2.203835e-01	2.510680e-01
12	12_14104	14104	1	C	T	0.400	2.338878e+00	2.157965e+00	-5.075383e+01	1.000000e-05	1.000000e+05	2.967511e-01	1.789987e-01	2.123395e-01
12	12_14114	14114	0	T	C	0.312	2.975341e+00	2.157274e+00	-5.057127e+01	1.000000e-05	1.000000e+05	1.894645e-01	1.406324e-01	1.761132e-01
12	12_14125	14125	1	A	G	0.267	4.013646e+00	2.254682e+00	-4.951079e+01	6.312946e-02	1.000000e+05	9.675846e-02	3.829212e-02	7.276442e-02
12	12_14197	14197	0	G	A	0.125	-5.186170e-01	3.219368e+00	-5.165629e+01	1.000000e-05	1.000000e+05	8.743219e-01	9.749862e-01	9.754292e-01
12	12_14202	14202	0	A	G	0.125	-5.186170e-01	3.219368e+00	-5.165629e+01	1.000000e-05	1.000000e+05	8.743219e-01	9.749862e-01	9.754292e-01
12	12_14301	14301	2	G	A	0.571	3.520934e+00	2.243123e+00	-4.977281e+01	3.177446e+00	1.000000e+05	1.388149e-01	5.224367e-02	8.826756e-02
12	12_14318	14318	0	A	G	0.312	3.601111e+00	2.134568e+00	-4.948964e+01	7.948911e-01	1.000000e+05	1.137393e-01	3.735186e-02	7.168058e-02
12	12_14741	14741	1	C	G	0.400	-1.186254e+00	2.224793e+00	-5.144453e+01	3.456332e-03	1.000000e+05	6.022592e-01	5.146950e-01	5.279433e-01
12	12_14783	14783	2	A	G	0.071	-3.257485e+00	4.253871e+00	-5.033275e+01	5.535311e-01	1.000000e+05	4.565307e-01	1.036753e-01	1.405511e-01
12	12_15014	15014	1	A	G	0.400	-5.777021e-01	2.241363e+00	-5.156809e+01	1.000000e-05	1.000000e+05	8.003531e-01	6.736326e-01	6.808577e-01
12	12_19728	19728	0	A	G	0.125	-1.258199e+00	3.204757e+00	-5.163620e+01	1.000000e-05	1.000000e+05	7.005249e-01	8.392006e-01	8.422201e-01
12	12_19741	19741	0	C	T	0.188	-6.417921e-01	2.724963e+00	-5.165678e+01	1.000000e-05	1.000000e+05	8.172131e-01	9.984536e-01	9.984810e-01
12	12_356356	356356	0	A	G	0.125	-1.113309e+00	3.208583e+00	-5.141224e+01	1.000000e-05	1.000000e+05	7.337680e-01	4.843377e-01	4.990170e-01
12	12_356358	356358	0	A	G	0.125	-1.113309e+00	3.208583e+00	-5.141224e+01	1.000000e-05	1.000000e+05	7.337680e-01	4.843377e-01	4.990170e-01
12	12_356374	356374	0	G	A	0.125	-1.113309e+00	3.208583e+00	-5.141224e+01	1.000000e-05	1.000000e+05	7.337680e-01	4.843377e-01	4.990170e-01
12	12_502808	502808	2	A	G	0.357	3.939660e+00	2.278255e+00	-4.937410e+01	1.943043e+00	1.000000e+05	1.057419e-01	3.262447e-02	6.613300e-02
12	12_502864	502864	2	T	C	0.500	-1.980076e+00	2.216240e+00	-5.116155e+01	1.000000e-05	1.000000e+05	3.867228e-01	3.196260e-01	3.437086e-01
12	12_502865	502865	2	G	T	0.500	-1.980076e+00	2.216240e+00	-5.116155e+01	1.000000e-05	1.000000e+05	3.867228e-01	3.196260e-01	3.437086e-01
12	12_502882	502882	2	G	A	0.429	-1.696611e+00	2.257062e+00	-5.138888e+01	1.000000e-05	1.000000e+05	4.646876e-01	4.641714e-01	4.798546e-01
12	12_502888	502888	0	G	A	0.500	-1.732567e+00	2.080477e+00	-5.103791e+01	1.000000e-05	1.000000e+05	4.189527e-01	2.659048e-01	2.935373e-01
12	12_502890	502890	3	G	A	0.462	2.760398e-01	2.370437e+00	-5.161808e+01	1.000000e-05	1.000000e+05	9.089491e-01	7.808274e-01	7.851474e-01
12	12_502909	502909	0	C	T	0.375	3.349647e+00	2.162081e+00	-4.959876e+01	1.548374e+00	1.000000e+05	1.436217e-01	4.247803e-02	7.752177e-02
12	12_502926	502926	2	G	C	0.429	-2.498002e+00	2.203230e+00	-5.140224e+01	1.000000e-05	1.000000e+05	2.759246e-01	4.755353e-01	4.906475e-01
12	12_502937	502937	2	C	T	0.357	-2.227921e+00	2.301895e+00	-5.130850e+01	1.000000e-05	1.000000e+05	3.495362e-01	4.039416e-01	4.228768e-01
12	12_502942	502942	0	T	C	0.375	-2.235224e+00	2.118675e+00	-5.134382e+01	1.000000e-05	1.000000e+05	3.092880e-01	4.288510e-01	4.463956e-01
12	12_502956	502956	1	A	G	0.333	-1.987365e+00	2.273598e+00	-5.129734e+01	1.000000e-05	1.000000e+05	3.968077e-01	3.965111e-01	4.158733e-01
12	12_503049	503049	1	C	G	0.200	-8.180252e-01	2.742904e+00	-5.163632e+01	1.000000e-05	1.000000e+05	7.699055e-01	8.396815e-01	8.426909e-01
12	12_503112	503112	2	G	A	0.286	3.388690e-01	2.520260e+00	-5.149729e+01	1.000000e-05	1.000000e+05	8.949543e-01	5.722153e-01	5.830101e-01
12	12_503171	503171	3	G	A	0.308	4.288319e+00	2.274522e+00	-4.911157e+01	2.995766e-01	1.000000e+05	8.030455e-02	2.405830e-02	5.554261e-02
12	12_503254	503254	0	C	G	0.312	-8.690951e-01	2.287402e+00	-5.110966e+01	1.000000e-05	1.000000e+05	7.096854e-01	2.955328e-01	3.211898e-01
12	12_503293	503293	1	A	C	0.400	-1.951147e+00	2.294569e+00	-5.057114e+01	6.203563e-01	1.000000e+05	4.094477e-01	1.406088e-01	1.760907e-01
12	12_503311	503311	1	A	C	0.400	-1.303845e+00	2.219487e+00	-5.125403e+01	1.000000e-05	1.000000e+05	5.662541e-01	3.694533e-01	3.904164e-01
12	12_503313	503313	2	T	A	0.571	1.565529e+00	2.263816e+00	-5.119267e+01	1.000000e-05	1.000000e+05	5.005316e-01	3.353209e-01	3.583990e-01
12	12_503321	503321	2	C	T	0.500	1.844236e+00	2.226977e+00	-5.076905e+01	2.265259e-02	1.000000e+05	4.214880e-01	1.827067e-01	2.158197e-01
12	12_503327	503327	1	A	C	0.400	2.132383e+00	2.173193e+00	-5.062177e+01	1.000000e-05	1.000000e+05	3.431370e-01	1.502182e-01	1.852107e-01
12	12_503356	503356	0	A	C	0.312	2.471172e+00	2.202269e+00	-5.118071e+01	1.000000e-05	1.000000e+05	2.806956e-01	3.291747e-01	3.526439e-01
12	12_503357	503357	0	T	G	0.312	2.471172e+00	2.202269e+00	-5.118071e+01	1.000000e-05	1.000000e+05	2.806956e-01	3.291747e-01	3.526439e-01
12	12_503364	503364	0	T	C	0.312	2.471172e+00	2.202269e+00	-5.118071e+01	1.000000e-05	1.000000e+05	2.806956e-01	3.291747e-01	3.526439e-01
12	12_503366	503366	0	C	T	0.312	2.471172e+00	2.202269e+00	-5.118071e+01	1.000000e-05	1.000000e+05	2.806956e-01	3.291747e-01	3.526439e-01
12	12_503401	503401	0	A	G	0.375	1.853224e+00	2.144839e+00	-5.116025e+01	1.000000e-05	1.000000e+05	4.021280e-01	3.189937e-01	3.431171e-01
12	12_503416	503416	0	G	A	0.188	-1.971014e+00	2.733400e+00	-5.108500e+01	1.019393e-01	1.000000e+05	4.827260e-01	2.848995e-01	3.112616e-01
12	12_503422	503422	0	T	G	0.125	-1.765787e+00	3.187609e+00	-5.148303e+01	1.000000e-05	1.000000e+05	5.883502e-01	5.555225e-01	5.669954e-01
12	12_503453	503453	0	T	C	0.062	-1.648062e+00	4.380478e+00	-5.155275e+01	1.000000e-05	1.000000e+05	7.123868e-01	6.482871e-01	6.563210e-01
12	12_537923	537923	0	G	A	0.375	3.116637e+00	2.037604e+00	-5.070245e+01	1.000000e-05	1.000000e+05	1.484028e-01	1.671103e-01	2.011613e-01
13	13_11108	11108	0	C	T	0.125	9.415364e-01	3.212509e+00	-5.163141e+01	1.000000e-05	1.000000e+05	7.737569e-01	8.217515e-01	8.251431e-01
13	13_11118	11118	0	T	C	0.250	-2.445968e+00	2.407461e+00	-5.042277e+01	4.205600e-01	1.000000e+05	3.268694e-01	1.161828e-01	1.526947e-01
13	13_11130	11130	0	A	G	0.250	-4.808166e-01	2.457753e+00	-5.131405e+01	1.000000e-05	1.000000e+05	8.477087e-01	4.077085e-01	4.264293e-01
13	13_52884	52884	0	A	G	0.125	-1.765791e+00	3.187601e+00	-5.117282e+01	1.000000e-05	1.000000e+05	5.883482e-01	3.251969e-01	3.489209e-01
13	13_128625	128625	4	A	G	0.333	2.934852e+00	2.489768e+00	-5.057166e+01	1.000000e-05	1.000000e+05	2.581383e-01	1.407038e-01	1.761811e-01
13	13_128715	128715	3	G	A	0.308	3.075002e+00	2.426192e+00	-5.055746e+01	1.000000e-05	1.000000e+05	2.256819e-01	1.381324e-01	1.737338e-01
13	13_128729	128729	3	G	A	0.308	3.075002e+00	2.426192e+00	-5.055746e+01	1.000000e-05	1.000000e+05	2.256819e-01	1.381324e-01	1.737338e-01
13	13_162462	162462	0	A	G	0.188	-1.433154e+00	2.703357e+00	-5.165158e+01	1.000000e-05	1.000000e+05	6.043230e-01	9.187679e-01	9.202271e-01
13	13_219021	219021	1	C	T	0.133	-1.901604e+00	3.197671e+00	-5.163517e+01	1.000000e-05	1.000000e+05	5.615435e-01	8.352761e-01	8.383782e-01
13	13_219311	219311	0	A	T	0.125	-1.765784e+00	3.187608e+00	-5.147244e+01	1.000000e-05	1.000000e+05	5.883505e-01	5.437148e-01	5.556838e-01
13	13_219312	219312	0	A	G	0.125	-1.765784e+00	3.187608e+00	-5.147244e+01	1.000000e-05	1.000000e+05	5.883505e-01	5.437148e-01	5.556838e-01
13	13_655915	655915	0	A	G	0.438	1.662569e+00	2.101777e+00	-5.126744e+01	1.000000e-05	1.000000e+05	4.421218e-01	3.775402e-01	3.980174e-01
13	13_742766	742766	2	G	A	0.214	-8.907356e-01	2.766285e+00	-5.128128e+01	1.000000e-05	1.000000e+05	7.522126e-01	3.861576e-01	4.061240e-01
13	13_742771	742771	0	C	A	0.250	2.467006e-01	2.460229e+00	-5.164240e+01	1.000000e-05	1.000000e+05	9.215474e-01	8.652988e-01	8.677844e-01
14	14_155590	155590	0	T	C	0.125	-2.470036e+00	3.223934e+00	-5.047521e+01	4.593343e-01	1.000000e+05	4.563081e-01	1.242307e-01	1.604434e-01
14	14_342562	342562	0	G	T	0.375	-9.041879e-01	2.187981e+00	-5.158693e+01	1.000000e-05	1.000000e+05	6.856818e-01	7.085606e-01	7.147531e-01
14	14_383626	383626	0	G	A	0.125	-1.767028e+00	3.190249e+00	-5.155773e+01	3.697610e-03	1.000000e+05	5.883962e-01	6.562519e-01	6.640259e-01
14	14_852745	852745	0	G	T	0.125	-1.767028e+00	3.190249e+00	-5.155773e+01	3.697610e-03	1.000000e+05	5.883962e-01	6.562519e-01	6.640259e-01
14	14_908850	908850	0	G	A	0.375	1.733357e+00	2.151987e+00	-5.164510e+01	1.000000e-05	1.000000e+05	4.340175e-01	8.784825e-01	8.807074e-01
14	14_908994	908994	1	C	T	0.133	-1.813765e+00	3.201312e+00	-5.165568e+01	1.000000e-05	1.000000e+05	5.799770e-01	9.625634e-01	9.632277e-01
14	14_909011	909011	1	T	C	0.133	-1.813765e+00	3.201312e+00	-5.165568e+01	1.000000e-05	1.000000e+05	5.799770e-01	9.625634e-01	9.632277e-01
14	14_909450	909450	0	G	T	0.250	-2.806827e+00	2.317102e+00	-4.992376e+01	7.571313e-01	1.000000e+05	2.458115e-01	6.264077e-02	9.930295e-02
14	14_909472	909472	0	G	T	0.312	-3.649245e-01	2.297099e+00	-5.117971e+01	1.000000e-05	1.000000e+05	8.760456e-01	3.286639e-01	3.521658e-01
14	14_909504	909504	1	T	G	0.333	-6.116660e-01	2.346230e+00	-5.094700e+01	6.236825e-02	1.000000e+05	7.981182e-01	2.334726e-01	2.632843e-01
14	14_909638	909638	0	C	T	0.250	-1.763993e+00	2.415535e+00	-5.148630e+01	1.000000e-05	1.000000e+05	4.772684e-01	5.592674e-01	5.705858e-01
14	14_909661	909661	0	G	A	0.250	-1.763987e+00	2.415534e+00	-5.155195e+01	1.000000e-05	1.000000e+05	4.772696e-01	6.470318e-01	6.551071e-01
14	14_909704	909704	0	G	A	0.375	-2.050586e+00	2.131972e+00	-5.126481e+01	1.000000e-05	1.000000e+05	3.524562e-01	3.759353e-01	3.965085e-01
14	14_910040	910040	1	A	G	0.400	-9.492947e-01	2.232306e+00	-5.163502e+01	1.000000e-05	1.000000e+05	6.771163e-01	8.347146e-01	8.378286e-01
14	14_910103	910103	0	A	G	0.438	-1.103361e+00	2.127899e+00	-5.165347e+01	1.000000e-05	1.000000e+05	6.121924e-01	9.351117e-01	9.362708e-01
14	14_910152	910152	1	A	G	0.333	-1.478382e+00	2.301144e+00	-5.164805e+01	1.000000e-05	1.000000e+05	5.309584e-01	8.948595e-01	8.967681e-01
14	14_910181	910181	1	G	A	0.400	1.235706e+00	2.332474e+00	-5.097027e+01	3.367782e-01	1.000000e+05	6.045627e-01	2.412923e-01	2.705795e-01
14	14_910258	910258	1	T	G	0.467	-1.050983e+00	2.188242e+00	-5.165173e+01	1.000000e-05	1.000000e+05	6.384417e-01	9.199435e-01	9.213810e-01
14	14_910323	910323	0	T	C	0.375	-2.978663e+00	2.096294e+00	-4.992248e+01	1.060925e+00	1.000000e+05	1.772299e-01	6.254378e-02	9.920154e-02
14	14_910328	910328	0	G	A	0.438	-1.793261e+00	2.116848e+00	-5.067852e+01	4.727586e-01	1.000000e+05	4.111669e-01	1.618848e-01	1.962366e-01
14	14_910510	910510	1	A	G	0.400	-2.202328e+00	2.170404e+00	-5.028430e+01	1.091784e-01	1.000000e+05	3.274610e-01	9.756140e-02	1.345610e-01
14	14_910555	910555	1	C	T	0.333	-1.703154e+00	2.290014e+00	-5.119101e+01	1.000000e-05	1.000000e+05	4.693382e-01	3.344600e-01	3.575927e-01
14	14_910742	910742	0	A	G	0.312	-1.280264e+00	2.273562e+00	-5.158648e+01	1.000000e-05	1.000000e+05	5.822672e-01	7.076818e-01	7.138992e-01
14	14_910822	910822	0	G	A	0.188	-5.377589e-01	2.726573e+00	-5.164487e+01	1.000000e-05	1.000000e+05	8.464832e-01	8.773293e-01	8.795768e-01
14	14_910834	910834	1	T	A	0.067	-5.423709e-01	4.410003e+00	-5.163973e+01	1.000000e-05	1.000000e+05	9.038659e-01	8.534700e-01	8.561945e-01
14	14_910926	910926	2	G	A	0.357	-2.288858e+00	2.297619e+00	-5.092177e+01	1.000000e-05	1.000000e+05	3.360667e-01	2.253414e-01	2.556963e-01
14	14_910939	910939	2	A	C	0.429	-3.078476e+00	2.150115e+00	-5.077615e+01	1.000000e-05	1.000000e+05	1.741548e-01	1.844661e-01	2.174701e-01
14	14_910964	910964	1	A	G	0.467	2.761493e+00	2.079082e+00	-5.098696e+01	1.000000e-05	1.000000e+05	2.053505e-01	2.470962e-01	2.759933e-01
14	14_910966	910966	0	T	C	0.500	-2.371383e+00	2.034975e+00	-5.131316e+01	1.000000e-05	1.000000e+05	2.633636e-01	4.071003e-01	4.258556e-01
14	14_910979	910979	1	A	G	0.400	3.196723e+00	2.077889e+00	-5.058271e+01	1.000000e-05	1.000000e+05	1.462305e-01	1.427422e-01	1.781188e-01
14	14_911099	911099	2	A	G	0.429	-5.878616e-01	2.296791e+00	-5.163884e+01	1.000000e-05	1.000000e+05	8.017126e-01	8.497438e-01	8.525446e-01
14	14_911129	911129	0	T	C	0.438	2.102719e+00	2.073426e+00	-5.116597e+01	1.000000e-05	1.000000e+05	3.277285e-01	3.217943e-01	3.457370e-01
14	14_911206	911206	0	G	A	0.250	3.346570e+00	2.292835e+00	-5.035898e+01	1.000000e-05	1.000000e+05	1.664793e-01	1.071607e-01	1.439490e-01
14	14_911262	911262	0	A	C	0.125	7.502757e+00	2.522446e+00	-4.829572e+01	1.000000e-05	1.000000e+05	1.004856e-02	9.522400e-03	3.443345e-02
14	14_911292	911292	1	A	G	0.200	-1.234453e-01	2.751409e+00	-5.163552e+01	1.000000e-05	1.000000e+05	9.648476e-01	8.366034e-01	8.396775e-01
14	14_911297	911297	2	A	C	0.214	1.196305e+00	2.758038e+00	-5.158685e+01	1.000000e-05	1.000000e+05	6.710777e-01	7.084130e-01	7.146097e-01
14	14_911308	911308	0	C	T	0.125	9.415301e-01	3.212510e+00	-5.162785e+01	1.000000e-05	1.000000e+05	7.737585e-01	8.098951e-01	8.135473e-01
14	14_911314	911314	0	A	G	0.125	9.415301e-01	3.212510e+00	-5.162785e+01	1.000000e-05	1.000000e+05	7.737585e-01	8.098951e-01	8.135473e-01
14	14_911321	911321	0	G	A	0.188	6.696448e+00	2.061996e+00	-4.797846e+01	1.000000e-05	1.000000e+05	5.841031e-03	6.681543e-03	2.923014e-02
14	14_911352	911352	1	G	A	0.400	-2.436215e+00	2.115917e+00	-5.002524e+01	4.313188e-01	1.000000e+05	2.688625e-01	7.085561e-02	1.078050e-01
14	14_911375	911375	1	G	A	0.267	4.040212e+00	2.293004e+00	-4.933748e+01	5.558669e-01	1.000000e+05	9.988429e-02	3.126049e-02	6.449818e-02
14	14_911385	911385	0	G	A	0.312	4.381865e+00	2.101601e+00	-4.868694e+01	1.023062e+00	1.000000e+05	5.585910e-02	1.480362e-02	4.282919e-02
14	14_911414	911414	1	G	A	0.200	6.672326e+00	2.095553e+00	-4.774491e+01	1.000000e-05	1.000000e+05	6.627585e-03	5.156400e-03	2.608516e-02
14	14_924025	924025	0	C	T	0.375	-1.890081e+00	2.142544e+00	-5.162908e+01	1.000000e-05	1.000000e+05	3.925816e-01	8.139001e-01	8.174636e-01
14	14_924047	924047	0	A	C	0.312	-2.247358e+00	2.219331e+00	-5.156364e+01	1.000000e-05	1.000000e+05	3.284195e-01	6.660147e-01	6.734774e-01
14	14_924049	924049	0	A	T	0.312	-2.247358e+00	2.219331e+00	-5.156364e+01	1.000000e-05	1.000000e+05	3.284195e-01	6.660147e-01	6.734774e-01
14	14_924050	924050	0	G	C	0.312	-2.247358e+00	2.219331e+00	-5.156364e+01	1.000000e-05	1.000000e+05	3.284195e-01	6.660147e-01	6.734774e-01
14	14_924059	924059	0	T	C	0.250	-2.060071e+00	2.398737e+00	-5.162013e+01	1.000000e-05	1.000000e+05	4.049075e-01	7.865808e-01	7.907652e-01
14	14_924128	924128	0	G	A	0.125	-1.765773e+00	3.187607e+00	-5.164823e+01	1.000000e-05	1.000000e+05	5.883527e-01	8.959229e-01	8.978112e-01
14	14_924776	924776	0	A	G	0.125	-1.765773e+00	3.187607e+00	-5.164823e+01	1.000000e-05	1.000000e+05	5.883527e-01	8.959229e-01	8.978112e-01
14	14_924866	924866	0	G	A	0.438	2.687271e+00	2.024621e+00	-5.149969e+01	1.000000e-05	1.000000e+05	2.056505e-01	5.751225e-01	5.858019e-01
