chr	rs	ps	n_miss	allele1	allele0	af	beta	se	logl_H1	l_remle	l_mle	p_wald	p_lrt	p_score
1	1_44747	44747	0	C	G	0.188	2.005924e+01	7.115628e+00	-6.559535e+01	1.000000e+05	1.000000e+05	1.365853e-02	7.318192e-03	3.045844e-02
1	1_44753	44753	1	G	A	0.200	1.995951e+01	7.257536e+00	-6.573638e+01	1.000000e+05	1.000000e+05	1.563953e-02	8.566237e-03	3.275563e-02
1	1_44785	44785	1	G	A	0.133	-3.625008e+00	1.026417e+01	-6.916654e+01	7.706046e-02	1.000000e+05	7.292214e-01	8.217097e-01	8.251023e-01
1	1_47564	47564	0	G	A	0.438	-5.723431e+00	6.642441e+00	-6.890443e+01	1.000000e-05	1.000000e+05	4.033998e-01	4.482812e-01	4.647856e-01
1	1_47575	47575	0	G	A	0.500	-6.492757e+00	6.536418e+00	-6.885104e+01	1.000000e-05	1.000000e+05	3.374128e-01	4.089700e-01	4.276193e-01
1	1_47671	47671	1	G	A	0.467	-6.586503e+00	6.775250e+00	-6.898134e+01	1.000000e-05	1.000000e+05	3.474778e-01	5.163505e-01	5.295235e-01
1	1_47684	47684	2	C	G	0.500	-7.484667e+00	6.947528e+00	-6.879185e+01	1.000000e-05	1.000000e+05	2.995540e-01	3.710469e-01	3.919137e-01
1	1_47686	47686	2	A	G	0.500	-7.484667e+00	6.947528e+00	-6.879185e+01	1.000000e-05	1.000000e+05	2.995540e-01	3.710469e-01	3.919137e-01
1	1_309593	309593	0	A	G	0.438	-5.723429e+00	6.642438e+00	-6.900826e+01	1.000000e-05	1.000000e+05	4.033998e-01	5.444605e-01	5.563978e-01
1	1_477160	477160	0	A	C	0.062	-4.025440e+00	1.396059e+01	-6.903397e+01	1.730918e-01	1.000000e+05	7.773091e-01	5.740622e-01	5.847836e-01
1	1_678413	678413	0	C	T	0.125	-6.812204e+00	1.037504e+01	-6.875585e+01	1.662097e+00	1.000000e+05	5.220881e-01	3.503551e-01	3.724892e-01
1	1_971811	971811	1	G	T	0.067	-3.851926e+00	1.396247e+01	-6.908982e+01	1.000000e-05	1.000000e+05	7.866729e-01	6.513346e-01	6.592684e-01
1	1_975012	975012	0	C	T	0.125	-3.977557e+00	1.021251e+01	-6.911578e+01	1.124352e-01	1.000000e+05	7.027824e-01	6.963367e-01	7.028803e-01
1	1_975152	975152	1	T	C	0.333	-6.531541e+00	7.008350e+00	-6.849920e+01	1.165949e+00	1.000000e+05	3.671486e-01	2.391737e-01	2.686031e-01
1	1_975212	975212	0	C	T	0.375	-9.177984e+00	7.272003e+00	-6.824417e+01	8.278463e+00	1.000000e+05	2.275343e-01	1.685805e-01	2.025455e-01
1	1_975397	975397	2	T	C	0.357	1.048397e+01	6.974754e+00	-6.786346e+01	3.842253e-01	1.000000e+05	1.550244e-01	1.030985e-01	1.399876e-01
1	1_975445	975445	2	T	C	0.214	1.767053e+01	7.604083e+00	-6.644608e+01	7.103670e-01	1.000000e+05	3.569872e-02	1.910698e-02	4.896489e-02
1	1_975457	975457	1	A	G	0.333	1.022922e+01	6.885413e+00	-6.819624e+01	1.000000e-05	1.000000e+05	1.595433e-01	1.581953e-01	1.927546e-01
1	1_975510	975510	1	T	C	0.133	-4.048397e+00	1.018315e+01	-6.897915e+01	9.107691e-02	1.000000e+05	6.969513e-01	5.141762e-01	5.274481e-01
1	1_1231132	1231132	0	A	G	0.125	-3.925716e+00	1.017047e+01	-6.919186e+01	1.000000e-05	1.000000e+05	7.053051e-01	9.902040e-01	9.903773e-01
1	1_1231136	1231136	0	G	C	0.125	-3.925716e+00	1.017047e+01	-6.919186e+01	1.000000e-05	1.000000e+05	7.053051e-01	9.902040e-01	9.903773e-01
1	1_1231137	1231137	0	G	A	0.125	-3.925716e+00	1.017047e+01	-6.919186e+01	1.000000e-05	1.000000e+05	7.053051e-01	9.902040e-01	9.903773e-01
1	1_1581524	1581524	1	A	G	0.133	-3.884912e+00	1.022228e+01	-6.905721e+01	3.753835e-03	1.000000e+05	7.096164e-01	6.037088e-01	6.132969e-01
2	2_270700	270700	2	T	C	0.357	-8.266979e+00	7.427838e+00	-6.837016e+01	2.507779e+00	1.000000e+05	2.844658e-01	1.998404e-01	2.318703e-01
2	2_270855	270855	0	G	A	0.438	8.427595e+00	6.961209e+00	-6.858480e+01	4.754359e-01	1.000000e+05	2.460718e-01	2.704904e-01	2.978152e-01
2	2_270969	270969	1	T	G	0.467	7.873775e+00	6.729096e+00	-6.859353e+01	4.317563e-02	1.000000e+05	2.614914e-01	2.739601e-01	3.010525e-01
2	2_270970	270970	1	T	A	0.467	7.873775e+00	6.729096e+00	-6.859353e+01	4.317563e-02	1.000000e+05	2.614914e-01	2.739601e-01	3.010525e-01
2	2_270971	270971	1	C	A	0.467	7.873775e+00	6.729096e+00	-6.859353e+01	4.317563e-02	1.000000e+05	2.614914e-01	2.739601e-01	3.010525e-01
2	2_270994	270994	0	A	G	0.500	6.870070e+00	6.508821e+00	-6.879858e+01	1.000000e-05	1.000000e+05	3.090712e-01	3.750999e-01	3.957231e-01
2	2_294465	294465	1	G	A	0.133	-3.670381e+00	1.028712e+01	-6.912981e+01	1.301493e-01	1.000000e+05	7.265666e-01	7.244716e-01	7.302229e-01
2	2_697983	697983	0	G	A	0.125	-2.743716e+00	1.071689e+01	-6.919169e+01	3.344220e-01	1.000000e+05	8.016605e-01	9.825181e-01	9.828274e-01
2	2_983795	983795	0	C	G	0.125	-2.743716e+00	1.071689e+01	-6.919169e+01	3.344220e-01	1.000000e+05	8.016605e-01	9.825181e-01	9.828274e-01
2	2_1225303	1225303	0	G	A	0.125	-2.743716e+00	1.071689e+01	-6.919169e+01	3.344220e-01	1.000000e+05	8.016605e-01	9.825181e-01	9.828274e-01
3	3_10892	10892	0	C	G	0.062	5.236449e+01	3.563963e-01	-1.046015e+01	1.000000e+05	1.000000e+05	1.006292e-23	2.272371e-27	1.319399e-03
3	3_207299	207299	1	A	G	0.133	-4.146264e+00	1.021354e+01	-6.919146e+01	1.000000e-05	1.000000e+05	6.909104e-01	9.754219e-01	9.758572e-01
3	3_750294	750294	0	T	G	0.312	1.025234e+01	6.761071e+00	-6.843793e+01	1.000000e-05	1.000000e+05	1.516750e-01	2.194441e-01	2.501909e-01
3	3_860957	860957	0	A	T	0.500	6.346968e+00	6.546635e+00	-6.913088e+01	1.000000e-05	1.000000e+05	3.487475e-01	7.267600e-01	7.324493e-01
3	3_862065	862065	0	G	A	0.250	1.404128e+01	6.706230e+00	-6.685630e+01	4.541798e+00	1.000000e+05	5.496305e-02	3.067145e-02	6.378690e-02
3	3_862068	862068	0	G	A	0.250	1.404128e+01	6.706230e+00	-6.685630e+01	4.541798e+00	1.000000e+05	5.496305e-02	3.067145e-02	6.378690e-02
3	3_862069	862069	1	A	G	0.267	1.335161e+01	6.934909e+00	-6.712022e+01	1.336021e+00	1.000000e+05	7.475471e-02	4.179649e-02	7.675427e-02
3	3_1071924	1071924	0	G	A	0.312	-4.688447e+00	7.186787e+00	-6.918497e+01	1.000000e-05	1.000000e+05	5.247297e-01	9.060996e-01	9.077953e-01
3	3_1071929	1071929	0	C	T	0.312	-4.688447e+00	7.186787e+00	-6.918497e+01	1.000000e-05	1.000000e+05	5.247297e-01	9.060996e-01	9.077953e-01
3	3_1234218	1234218	0	G	A	0.312	-5.173115e+00	7.198767e+00	-6.885543e+01	4.748781e-01	1.000000e+05	4.842022e-01	4.120042e-01	4.304824e-01
4	4_667433	667433	0	G	T	0.188	-4.478192e+00	8.737293e+00	-6.892901e+01	5.436169e-01	1.000000e+05	6.162654e-01	4.683630e-01	4.838340e-01
4	4_667446	667446	0	G	A	0.188	-4.478192e+00	8.737293e+00	-6.892901e+01	5.436169e-01	1.000000e+05	6.162654e-01	4.683630e-01	4.838340e-01
4	4_667490	667490	1	G	A	0.267	1.212180e-01	7.897217e+00	-6.914588e+01	1.000000e-05	1.000000e+05	9.879700e-01	7.615244e-01	7.663131e-01
4	4_995956	995956	2	A	G	0.214	-6.543520e+00	8.335644e+00	-6.859650e+01	1.116590e+00	1.000000e+05	4.455324e-01	2.751545e-01	3.021670e-01
4	4_1076446	1076446	0	G	A	0.375	-4.938101e+00	6.858806e+00	-6.905575e+01	1.000000e-05	1.000000e+05	4.833939e-01	6.017449e-01	6.114055e-01
4	4_1076465	1076465	0	G	A	0.438	-5.575331e+00	6.651431e+00	-6.913320e+01	1.000000e-05	1.000000e+05	4.159918e-01	7.318066e-01	7.373603e-01
5	5_7093	7093	0	G	A	0.312	-5.495040e+00	7.267536e+00	-6.894653e+01	5.536912e-01	1.000000e+05	4.621185e-01	4.835668e-01	4.982837e-01
5	5_276722	276722	0	G	A	0.125	-2.743716e+00	1.071689e+01	-6.919169e+01	3.344220e-01	1.000000e+05	8.016605e-01	9.825181e-01	9.828274e-01
5	5_475470	475470	0	T	C	0.312	1.408661e+01	6.157743e+00	-6.665127e+01	1.000000e+05	1.000000e+05	3.823642e-02	2.418502e-02	5.570573e-02
5	5_476407	476407	0	A	T	0.375	-5.100223e+00	6.850320e+00	-6.894966e+01	1.000000e-05	1.000000e+05	4.688739e-01	4.863699e-01	5.009504e-01
5	5_500266	500266	1	G	A	0.400	-5.694383e+00	6.964307e+00	-6.912049e+01	1.000000e-05	1.000000e+05	4.272527e-01	7.054220e-01	7.117036e-01
5	5_676974	676974	0	A	C	0.438	-5.723426e+00	6.642448e+00	-6.905730e+01	1.000000e-05	1.000000e+05	4.034007e-01	6.038227e-01	6.134066e-01
5	5_835130	835130	1	A	G	0.400	-2.825335e-01	7.128246e+00	-6.918667e+01	1.000000e-05	1.000000e+05	9.689432e-01	9.182748e-01	9.197431e-01
5	5_835251	835251	1	G	C	0.333	-5.392678e+00	7.266763e+00	-6.892008e+01	1.000000e-05	1.000000e+05	4.702937e-01	4.609003e-01	4.767503e-01
5	5_835261	835261	0	A	G	0.312	-4.996260e+00	7.173360e+00	-6.892981e+01	4.790831e-03	1.000000e+05	4.975165e-01	4.690340e-01	4.844712e-01
5	5_836479	836479	0	G	A	0.312	-4.996411e+00	7.171938e+00	-6.893204e+01	1.000000e-05	1.000000e+05	4.974199e-01	4.709351e-01	4.862768e-01
5	5_836568	836568	0	A	G	0.438	7.205678e+00	6.538588e+00	-6.848007e+01	1.000000e-05	1.000000e+05	2.890367e-01	2.327916e-01	2.626490e-01
5	5_836697	836697	0	A	G	0.500	-6.249179e+00	6.552064e+00	-6.863713e+01	6.093341e-02	1.000000e+05	3.563776e-01	2.921666e-01	3.180463e-01
5	5_836899	836899	1	G	A	0.067	-3.851879e+00	1.396248e+01	-6.919193e+01	1.000000e-05	1.000000e+05	7.866756e-01	9.980456e-01	9.980801e-01
5	5_1210544	1210544	0	G	A	0.125	-2.743716e+00	1.071689e+01	-6.919169e+01	3.344220e-01	1.000000e+05	8.016605e-01	9.825181e-01	9.828274e-01
5	5_1245074	1245074	0	A	G	0.250	-3.661934e+00	8.231345e+00	-6.914459e+01	4.130608e-01	1.000000e+05	6.632096e-01	7.583080e-01	7.631768e-01
5	5_1770892	1770892	0	G	A	0.438	-5.575330e+00	6.651431e+00	-6.902735e+01	1.000000e-05	1.000000e+05	4.159919e-01	5.661560e-01	5.771937e-01
5	5_1773044	1773044	0	G	A	0.125	-3.339639e+00	1.018755e+01	-6.909095e+01	1.630962e-02	1.000000e+05	7.479019e-01	6.531438e-01	6.610186e-01
5	5_1773047	1773047	0	G	A	0.250	1.289247e+01	7.007750e+00	-6.822095e+01	1.000000e-05	1.000000e+05	8.710318e-02	1.634550e-01	1.977172e-01
6	6_191358	191358	0	C	T	0.062	-3.664007e+00	1.393487e+01	-6.916458e+01	1.000000e-05	1.000000e+05	7.964284e-01	8.150867e-01	8.186240e-01
6	6_220264	220264	1	G	A	0.533	-8.732094e+00	6.927521e+00	-6.818547e+01	8.774582e-01	1.000000e+05	2.280956e-01	1.559643e-01	1.906470e-01
6	6_220267	220267	1	G	A	0.533	-8.732094e+00	6.927521e+00	-6.818547e+01	8.774582e-01	1.000000e+05	2.280956e-01	1.559643e-01	1.906470e-01
6	6_221273	221273	2	A	G	0.429	8.547614e+00	6.938285e+00	-6.868423e+01	1.000000e-05	1.000000e+05	2.382594e-01	3.136114e-01	3.380836e-01
6	6_221275	221275	1	A	G	0.467	7.447255e+00	6.711271e+00	-6.875594e+01	1.000000e-05	1.000000e+05	2.858412e-01	3.504086e-01	3.725393e-01
6	6_221282	221282	0	C	A	0.500	-6.492761e+00	6.536413e+00	-6.892534e+01	1.000000e-05	1.000000e+05	3.374121e-01	4.652735e-01	4.809007e-01
6	6_739933	739933	0	G	T	0.375	-5.220376e+00	6.843854e+00	-6.896595e+01	1.000000e-05	1.000000e+05	4.582534e-01	5.014009e-01	5.152640e-01
6	6_988043	988043	0	T	C	0.250	-4.204875e+00	7.940005e+00	-6.897512e+01	4.307020e-01	1.000000e+05	6.046995e-01	5.102122e-01	5.236658e-01
6	6_988098	988098	0	A	G	0.312	1.159560e+01	6.928352e+00	-6.764702e+01	9.420786e-01	1.000000e+05	1.163871e-01	7.878378e-02	1.158698e-01
6	6_988261	988261	2	A	G	0.143	-4.347548e-01	1.033457e+01	-6.906124e+01	4.557510e-02	1.000000e+05	9.670386e-01	6.091651e-01	6.185535e-01
6	6_988405	988405	1	T	C	0.267	-5.049397e+00	7.770160e+00	-6.889669e+01	8.142539e-02	1.000000e+05	5.263124e-01	4.422317e-01	4.590557e-01
6	6_988465	988465	0	T	C	0.500	-6.801402e+00	6.707761e+00	-6.878758e+01	2.654421e-01	1.000000e+05	3.278059e-01	3.685017e-01	3.895223e-01
6	6_988478	988478	1	G	A	0.467	8.639225e-02	7.000154e+00	-6.909905e+01	1.000000e-05	1.000000e+05	9.903273e-01	6.664730e-01	6.739213e-01
6	6_988549	988549	1	A	G	0.267	-4.635527e+00	7.799506e+00	-6.918100e+01	1.000000e-05	1.000000e+05	5.617697e-01	8.824595e-01	8.846069e-01
6	6_988553	988553	1	T	G	0.267	-4.634287e+00	7.801215e+00	-6.916332e+01	2.315126e-03	1.000000e+05	5.619577e-01	8.109424e-01	8.145713e-01
6	6_988631	988631	0	G	A	0.188	-4.053162e+00	8.609349e+00	-6.896347e+01	2.297294e-01	1.000000e+05	6.450446e-01	4.990623e-01	5.130355e-01
6	6_988733	988733	1	A	G	0.600	6.078603e+00	6.872475e+00	-6.867072e+01	5.682566e-01	1.000000e+05	3.913718e-01	3.072592e-01	3.321454e-01
6	6_988843	988843	3	A	G	0.462	1.033172e+01	6.722607e+00	-6.777294e+01	4.937286e+00	1.000000e+05	1.466159e-01	9.205959e-02	1.291346e-01
6	6_988922	988922	3	A	G	0.385	1.021024e+01	7.193300e+00	-6.800666e+01	1.832847e-01	1.000000e+05	1.776608e-01	1.236442e-01	1.598802e-01
6	6_988930	988930	1	G	A	0.267	1.339562e+01	6.919397e+00	-6.712980e+01	1.238853e+00	1.000000e+05	7.332988e-02	4.227251e-02	7.729061e-02
6	6_988960	988960	1	T	G	0.267	1.287268e+01	7.107829e+00	-6.751989e+01	2.217654e-03	1.000000e+05	9.163735e-02	6.744699e-02	1.042971e-01
6	6_989188	989188	0	T	C	0.312	1.099750e+01	6.621323e+00	-6.768727e+01	4.307159e-01	1.000000e+05	1.189506e-01	8.278639e-02	1.198976e-01
6	6_989334	989334	2	G	C	0.357	-6.056635e+00	7.368552e+00	-6.912053e+01	1.000000e-05	1.000000e+05	4.248790e-01	7.055029e-01	7.117822e-01
6	6_989453	989453	2	G	A	0.286	-5.496046e+00	7.865917e+00	-6.900352e+01	1.000000e-05	1.000000e+05	4.961733e-01	5.393092e-01	5.514669e-01
6	6_989490	989490	0	T	C	0.312	1.038343e+01	6.746762e+00	-6.824750e+01	1.000000e-05	1.000000e+05	1.460903e-01	1.693298e-01	2.032508e-01
6	6_989528	989528	0	T	C	0.562	5.575325e+00	6.651437e+00	-6.914047e+01	1.000000e-05	1.000000e+05	4.159928e-01	7.483420e-01	7.534633e-01
6	6_989732	989732	2	T	C	0.286	-9.656483e-02	8.001841e+00	-6.915580e+01	1.000000e-05	1.000000e+05	9.905418e-01	7.880591e-01	7.922090e-01
6	6_989861	989861	2	A	G	0.500	7.549034e+00	6.942547e+00	-6.897223e+01	1.000000e-05	1.000000e+05	2.952451e-01	5.074061e-01	5.209892e-01
6	6_989960	989960	0	A	G	0.500	6.839848e+00	6.446482e+00	-6.837907e+01	4.552847e-01	1.000000e+05	3.066425e-01	2.022949e-01	2.341662e-01
6	6_990258	990258	0	G	T	0.375	1.115998e+01	6.893735e+00	-6.781920e+01	1.000000e+05	1.000000e+05	1.277779e-01	9.753051e-02	1.345307e-01
6	6_990671	990671	4	A	G	0.333	-6.174885e+00	8.116673e+00	-6.910227e+01	1.000000e-05	1.000000e+05	4.594194e-01	6.719607e-01	6.792376e-01
6	6_990699	990699	2	A	G	0.286	-4.967825e+00	7.890978e+00	-6.912559e+01	1.000000e-05	1.000000e+05	5.391229e-01	7.156669e-01	7.216602e-01
6	6_990701	990701	1	G	A	0.267	-4.764105e+00	7.916606e+00	-6.902557e+01	9.643099e-02	1.000000e+05	5.569369e-01	5.640557e-01	5.751785e-01
6	6_990771	990771	2	T	C	0.286	-5.047717e+00	8.860899e+00	-6.901325e+01	7.326210e-01	1.000000e+05	5.779339e-01	5.499766e-01	5.616808e-01
6	6_990777	990777	0	A	G	0.312	-4.105889e+00	7.897009e+00	-6.914170e+01	4.749780e-01	1.000000e+05	6.112358e-01	7.512784e-01	7.563247e-01
6	6_990851	990851	1	T	C	0.267	-4.539595e+00	9.016560e+00	-6.906005e+01	9.016589e-01	1.000000e+05	6.224604e-01	6.075461e-01	6.169934e-01
6	6_990862	990862	0	G	T	0.250	-4.269916e+00	8.841953e+00	-6.904097e+01	9.084429e-01	1.000000e+05	6.366200e-01	5.826787e-01	5.930622e-01
6	6_990885	990885	2	A	G	0.143	-3.888792e+00	1.027799e+01	-6.919189e+01	1.000000e-05	1.000000e+05	7.108378e-01	9.928525e-01	9.929789e-01
6	6_990992	990992	1	T	C	0.267	-4.226120e+00	7.868785e+00	-6.919106e+01	2.847025e-02	1.000000e+05	5.996490e-01	9.666255e-01	9.672173e-01
6	6_991027	991027	0	T	C	0.188	-3.231140e+00	9.118791e+00	-6.919169e+01	2.916811e-01	1.000000e+05	7.283654e-01	9.825886e-01	9.828968e-01
6	6_1031241	1031241	1	G	A	0.267	-4.072322e+00	8.186373e+00	-6.913606e+01	3.199771e-01	1.000000e+05	6.265924e-01	7.381567e-01	7.435423e-01
6	6_1160524	1160524	0	A	G	0.312	-4.688447e+00	7.186784e+00	-6.918483e+01	1.000000e-05	1.000000e+05	5.247295e-01	9.051198e-01	9.068339e-01
6	6_1160528	1160528	0	A	G	0.312	-4.688447e+00	7.186784e+00	-6.918483e+01	1.000000e-05	1.000000e+05	5.247295e-01	9.051198e-01	9.068339e-01
6	6_1160532	1160532	0	A	G	0.312	-4.688447e+00	7.186784e+00	-6.918483e+01	1.000000e-05	1.000000e+05	5.247295e-01	9.051198e-01	9.068339e-01
7	7_11056	11056	1	A	C	0.467	8.888178e+00	6.578612e+00	-6.799344e+01	1.926409e+00	1.000000e+05	1.981041e-01	1.215697e-01	1.578863e-01
7	7_14006	14006	1	A	G	0.200	-4.149313e+00	8.660063e+00	-6.916003e+01	1.000000e-05	1.000000e+05	6.392424e-01	8.005797e-01	8.044413e-01
7	7_36839	36839	0	G	A	0.188	1.746178e+01	7.298917e+00	-6.757037e+01	1.000000e-05	1.000000e+05	3.132261e-02	7.172394e-02	1.086945e-01
7	7_49744	49744	0	G	A	0.062	-5.495616e+00	1.403728e+01	-6.896115e+01	5.569434e-01	1.000000e+05	7.013207e-01	4.968930e-01	5.109688e-01
7	7_164473	164473	2	G	A	0.357	-5.785114e+00	7.384118e+00	-6.898964e+01	1.000000e-05	1.000000e+05	4.464131e-01	5.247328e-01	5.375288e-01
7	7_164511	164511	0	C	T	0.438	-5.746124e+00	6.732176e+00	-6.878273e+01	1.485120e-01	1.000000e+05	4.077317e-01	3.656491e-01	3.868428e-01
7	7_164589	164589	0	C	T	0.375	-5.375880e+00	6.835259e+00	-6.891674e+01	1.000000e-05	1.000000e+05	4.446888e-01	4.581574e-01	4.741483e-01
7	7_164636	164636	1	A	G	0.400	8.740860e+00	6.735012e+00	-6.876009e+01	1.000000e-05	1.000000e+05	2.153241e-01	3.527112e-01	3.746991e-01
7	7_164887	164887	0	G	A	0.312	-5.040739e+00	7.137318e+00	-6.867994e+01	6.624305e-02	1.000000e+05	4.916190e-01	3.115759e-01	3.361805e-01
7	7_164926	164926	2	G	A	0.214	-4.805236e+00	8.715677e+00	-6.896865e+01	1.000000e-05	1.000000e+05	5.900973e-01	5.039699e-01	5.177128e-01
7	7_165027	165027	1	T	C	0.200	-4.392283e+00	8.651497e+00	-6.901005e+01	1.000000e-05	1.000000e+05	6.195743e-01	5.464254e-01	5.582793e-01
7	7_165292	165292	0	C	A	0.625	-8.481969e+00	6.606515e+00	-6.858198e+01	1.000000e-05	1.000000e+05	2.200264e-01	2.693788e-01	2.967782e-01
7	7_165637	165637	0	G	A	0.562	5.844192e+00	6.634919e+00	-6.869889e+01	1.000000e-05	1.000000e+05	3.932838e-01	3.207007e-01	3.447139e-01
7	7_165657	165657	2	A	G	0.357	-9.602198e+00	7.011159e+00	-6.818572e+01	3.304775e+03	1.000000e+05	1.923930e-01	1.560154e-01	1.906952e-01
7	7_165680	165680	0	T	C	0.375	-5.692959e+00	6.679776e+00	-6.852640e+01	6.048917e-01	1.000000e+05	4.084089e-01	2.486172e-01	2.774120e-01
7	7_165704	165704	1	A	G	0.533	6.593172e+00	6.774780e+00	-6.858376e+01	1.000000e-05	1.000000e+05	3.469729e-01	2.700783e-01	2.974308e-01
7	7_165798	165798	2	C	T	0.286	-5.300652e+00	8.067013e+00	-6.887197e+01	3.661645e-01	1.000000e+05	5.217873e-01	4.237377e-01	4.415625e-01
7	7_165854	165854	2	C	T	0.357	-7.168548e+00	7.381846e+00	-6.846889e+01	1.853824e+00	1.000000e+05	3.479758e-01	2.291580e-01	2.592583e-01
7	7_165873	165873	0	A	G	0.312	-9.603764e+00	7.010343e+00	-6.818555e+01	1.000000e+05	1.000000e+05	1.922761e-01	1.559806e-01	1.906624e-01
7	7_165955	165955	1	T	C	0.467	8.934984e+00	7.524216e+00	-6.830072e+01	2.038210e+00	1.000000e+05	2.547894e-01	1.818511e-01	2.150169e-01
7	7_166056	166056	1	A	C	0.467	-4.891585e-01	7.799689e+00	-6.918857e+01	8.779675e-01	1.000000e+05	9.508800e-01	9.346538e-01	9.358212e-01
7	7_166309	166309	1	G	A	0.467	7.606190e+00	6.716661e+00	-6.856611e+01	9.590666e-02	1.000000e+05	2.764743e-01	2.632370e-01	2.910486e-01
7	7_166838	166838	0	T	A	0.188	-4.227709e+00	8.589355e+00	-6.917817e+01	1.000000e-05	1.000000e+05	6.302041e-01	8.682354e-01	8.706624e-01
7	7_166992	166992	0	A	G	0.312	-4.996407e+00	7.171947e+00	-6.913333e+01	1.000000e-05	1.000000e+05	4.974208e-01	7.320797e-01	7.376262e-01
7	7_167034	167034	2	T	C	0.286	-6.167118e+00	8.023114e+00	-6.881231e+01	6.392879e-01	1.000000e+05	4.548622e-01	3.835679e-01	4.036871e-01
7	7_167035	167035	1	C	A	0.333	-6.214551e+00	7.471786e+00	-6.880171e+01	6.878755e-01	1.000000e+05	4.195191e-01	3.770039e-01	3.975131e-01
7	7_167135	167135	2	A	G	0.500	-7.483216e+00	6.939908e+00	-6.833896e+01	1.796147e-01	1.000000e+05	2.991342e-01	1.915121e-01	2.240741e-01
7	7_167192	167192	0	C	T	0.438	-5.739231e+00	6.633734e+00	-6.860702e+01	3.786657e-02	1.000000e+05	4.015340e-01	2.794374e-01	3.061636e-01
7	7_167224	167224	1	T	A	0.333	-5.100197e+00	7.244095e+00	-6.868213e+01	6.752785e-02	1.000000e+05	4.929476e-01	3.126152e-01	3.371522e-01
7	7_167292	167292	2	A	G	0.429	8.719900e+00	6.922952e+00	-6.855509e+01	1.000000e-05	1.000000e+05	2.284211e-01	2.590758e-01	2.871671e-01
7	7_167370	167370	1	A	G	0.400	-6.092394e+00	6.913964e+00	-6.860022e+01	5.337392e-01	1.000000e+05	3.931014e-01	2.766583e-01	3.035702e-01
7	7_167655	167655	2	G	A	0.429	-7.821329e+00	7.321498e+00	-6.839088e+01	1.407990e+00	1.000000e+05	3.034739e-01	2.056052e-01	2.372616e-01
7	7_167687	167687	1	A	C	0.200	-4.580040e+00	8.644540e+00	-6.909931e+01	1.000000e-05	1.000000e+05	6.045388e-01	6.668989e-01	6.743339e-01
7	7_453828	453828	1	T	C	0.200	-4.491815e+00	8.647847e+00	-6.914205e+01	1.000000e-05	1.000000e+05	6.115858e-01	7.521123e-01	7.571374e-01
7	7_479542	479542	0	A	G	0.125	-3.925716e+00	1.017046e+01	-6.918743e+01	1.000000e-05	1.000000e+05	7.053048e-01	9.244062e-01	9.257613e-01
7	7_672119	672119	0	G	A	0.312	-5.033195e+00	7.144782e+00	-6.856596e+01	6.490517e-02	1.000000e+05	4.927009e-01	2.631820e-01	2.909973e-01
7	7_752860	752860	2	A	T	0.286	1.580802e+01	6.896426e+00	-6.664255e+01	1.000000e+05	1.000000e+05	3.790618e-02	2.394304e-02	5.539404e-02
7	7_752861	752861	0	A	T	0.188	-4.227705e+00	8.589354e+00	-6.918893e+01	1.000000e-05	1.000000e+05	6.302044e-01	9.382837e-01	9.393851e-01
7	7_908360	908360	1	C	A	0.133	-3.967778e+00	1.021859e+01	-6.884035e+01	1.000000e-05	1.000000e+05	7.036418e-01	4.017230e-01	4.207852e-01
7	7_1196178	1196178	0	C	T	0.625	8.399390e+00	7.135160e+00	-6.832380e+01	5.117681e+00	1.000000e+05	2.587486e-01	1.876117e-01	2.204194e-01
7	7_1205599	1205599	2	G	T	0.286	1.321191e+01	7.180668e+00	-6.796621e+01	1.000000e-05	1.000000e+05	8.707482e-02	1.174161e-01	1.538852e-01
7	7_1205600	1205600	1	G	A	0.267	1.322563e+01	7.062081e+00	-6.796883e+01	1.000000e-05	1.000000e+05	8.213330e-02	1.178101e-01	1.542652e-01
7	7_1205735	1205735	2	T	A	0.214	-4.996412e+00	8.707996e+00	-6.913670e+01	1.000000e-05	1.000000e+05	5.752241e-01	7.396178e-01	7.449651e-01
7	7_1263585	1263585	0	T	C	0.375	-5.008085e+00	7.295700e+00	-6.892122e+01	4.913671e-01	1.000000e+05	5.036449e-01	4.618393e-01	4.776414e-01
7	7_1263610	1263610	0	G	A	0.438	-6.162674e+00	6.718979e+00	-6.881649e+01	1.514399e-01	1.000000e+05	3.745663e-01	3.861978e-01	4.061618e-01
7	7_1263646	1263646	0	G	A	0.125	-3.925750e+00	1.017046e+01	-6.908858e+01	1.000000e-05	1.000000e+05	7.053024e-01	6.493692e-01	6.573675e-01
7	7_1263647	1263647	0	G	T	0.125	-3.925750e+00	1.017046e+01	-6.908858e+01	1.000000e-05	1.000000e+05	7.053024e-01	6.493692e-01	6.573675e-01
7	7_1266484	1266484	1	T	A	0.400	8.578884e+00	6.749868e+00	-6.881130e+01	1.000000e-05	1.000000e+05	2.244520e-01	3.829358e-01	4.030924e-01
7	7_1276916	1276916	0	A	G	0.188	-4.500529e+00	8.581304e+00	-6.883342e+01	3.757918e-01	1.000000e+05	6.081650e-01	3.971239e-01	4.164507e-01
7	7_1276919	1276919	0	G	A	0.125	-6.099256e+00	9.853749e+00	-6.871350e+01	1.150979e+00	1.000000e+05	5.458716e-01	3.279808e-01	3.515264e-01
7	7_1341024	1341024	0	A	C	0.312	-5.614919e+00	7.526517e+00	-6.893757e+01	5.651808e-01	1.000000e+05	4.679988e-01	4.756932e-01	4.907976e-01
8	8_817562	817562	2	T	C	0.071	-3.087718e+00	1.401196e+01	-6.916324e+01	1.000000e-05	1.000000e+05	8.287695e-01	8.106929e-01	8.143273e-01
8	8_817567	817567	2	C	T	0.071	-3.087718e+00	1.401196e+01	-6.916324e+01	1.000000e-05	1.000000e+05	8.287695e-01	8.106929e-01	8.143273e-01
8	8_817674	817674	1	A	G	0.133	-2.990197e+00	1.025632e+01	-6.917795e+01	1.698523e-02	1.000000e+05	7.749083e-01	8.671938e-01	8.696416e-01
8	8_818838	818838	3	G	A	0.385	1.058704e+01	7.104547e+00	-6.766755e+01	2.667568e-01	1.000000e+05	1.583600e-01	8.079852e-02	1.179006e-01
8	8_847517	847517	0	A	G	0.188	1.781055e+01	7.488749e+00	-6.627099e+01	7.575642e-01	1.000000e+05	3.217708e-02	1.564913e-02	4.407377e-02
8	8_874822	874822	1	G	A	0.133	-4.193070e+00	1.021217e+01	-6.906588e+01	1.000000e-05	1.000000e+05	6.875843e-01	6.156031e-01	6.247594e-01
8	8_874895	874895	2	T	C	0.143	-6.991645e+00	9.833126e+00	-6.864580e+01	1.439170e+00	1.000000e+05	4.887436e-01	2.959714e-01	3.215995e-01
8	8_874992	874992	0	C	T	0.125	-3.996187e+00	1.016112e+01	-6.904580e+01	5.892947e-02	1.000000e+05	7.000349e-01	5.887689e-01	5.989178e-01
8	8_1252135	1252135	1	T	C	0.400	-6.356096e+00	7.304809e+00	-6.894538e+01	3.611169e-01	1.000000e+05	3.989060e-01	4.825437e-01	4.973105e-01
8	8_1326133	1326133	0	A	G	0.188	-3.793438e+00	8.603830e+00	-6.917754e+01	1.000000e-05	1.000000e+05	6.660168e-01	8.652967e-01	8.677823e-01
8	8_1326140	1326140	0	G	A	0.125	-3.320823e+00	1.018584e+01	-6.917100e+01	1.000000e-05	1.000000e+05	7.492288e-01	8.378761e-01	8.409234e-01
8	8_1383765	1383765	0	A	G	0.438	-5.912248e+00	6.743919e+00	-6.883812e+01	3.864499e-01	1.000000e+05	3.954557e-01	4.002317e-01	4.193794e-01
9	9_5213	5213	1	G	C	0.067	-3.925724e+00	1.396101e+01	-6.917164e+01	1.000000e-05	1.000000e+05	7.826764e-01	8.403603e-01	8.433556e-01
9	9_6619	6619	0	C	T	0.250	1.324535e+01	6.960589e+00	-6.723783e+01	1.000000e-05	1.000000e+05	7.782159e-02	4.805067e-02	8.370688e-02
9	9_7470	7470	0	A	G	0.375	8.602114e+00	6.595413e+00	-6.902862e+01	1.000000e-05	1.000000e+05	2.131820e-01	5.676565e-01	5.786337e-01
9	9_7729	7729	0	C	T	0.375	-5.093605e+00	6.850667e+00	-6.874426e+01	1.000000e-05	1.000000e+05	4.694620e-01	3.440338e-01	3.665625e-01
9	9_8171	8171	1	G	A	0.533	6.341613e+00	6.869382e+00	-6.888450e+01	5.598406e-02	1.000000e+05	3.715557e-01	4.329615e-01	4.502828e-01
9	9_10033	10033	0	C	T	0.250	-4.347764e+00	7.726155e+00	-6.891615e+01	1.665045e-01	1.000000e+05	5.825164e-01	4.576793e-01	4.736948e-01
9	9_220237	220237	1	A	G	0.133	-2.653951e-01	1.028777e+01	-6.918724e+01	5.020825e-02	1.000000e+05	9.797833e-01	9.228028e-01	9.241875e-01
9	9_220963	220963	0	C	T	0.188	-3.803640e+00	8.603504e+00	-6.906129e+01	1.000000e-05	1.000000e+05	6.651671e-01	6.092436e-01	6.186291e-01
9	9_705343	705343	1	G	A	0.200	-4.676639e+00	8.787114e+00	-6.902602e+01	4.192932e-01	1.000000e+05	6.029212e-01	5.645886e-01	5.756898e-01
9	9_705571	705571	0	C	T	0.500	6.289294e+00	6.739500e+00	-6.870712e+01	1.868967e-01	1.000000e+05	3.665334e-01	3.247724e-01	3.485236e-01
9	9_706175	706175	1	G	A	0.400	-7.683195e+00	7.010692e+00	-6.836830e+01	3.342610e+00	1.000000e+05	2.916064e-01	1.993310e-01	2.313936e-01
9	9_1115286	1115286	0	G	A	0.500	-6.492762e+00	6.536421e+00	-6.877365e+01	1.000000e-05	1.000000e+05	3.374127e-01	3.603812e-01	3.818964e-01
10	10_15220	15220	0	T	A	0.125	-4.055842e+00	1.068996e+01	-6.898901e+01	7.077762e-01	1.000000e+05	7.100787e-01	5.240871e-01	5.369119e-01
10	10_15279	15279	1	A	G	0.267	1.350713e+01	7.076055e+00	-6.762058e+01	1.884642e-01	1.000000e+05	7.699575e-02	7.626742e-02	1.133233e-01
10	10_15288	15288	1	C	T	0.267	1.397184e+01	7.123452e+00	-6.730836e+01	6.277486e-01	1.000000e+05	7.003418e-02	5.226858e-02	8.829445e-02
10	10_15302	15302	2	T	C	0.357	1.057264e+01	6.995094e+00	-6.848727e+01	1.000000e-05	1.000000e+05	1.529172e-01	2.351694e-01	2.648674e-01
10	10_15428	15428	1	C	G	0.133	-3.631333e+00	1.022754e+01	-6.916676e+01	1.000000e-05	1.000000e+05	7.278407e-01	8.224770e-01	8.258529e-01
10	10_15438	15438	0	G	A	0.125	-3.335030e+00	1.018552e+01	-6.918129e+01	1.000000e-05	1.000000e+05	7.481884e-01	8.840179e-01	8.861350e-01
10	10_15441	15441	1	A	G	0.133	-3.631333e+00	1.022754e+01	-6.916676e+01	1.000000e-05	1.000000e+05	7.278407e-01	8.224770e-01	8.258529e-01
10	10_15449	15449	1	C	T	0.067	-2.588509e+00	1.480234e+01	-6.918400e+01	5.134562e-01	1.000000e+05	8.636843e-01	8.997472e-01	9.015628e-01
10	10_15455	15455	0	C	T	0.062	-2.215104e+00	1.475372e+01	-6.918983e+01	5.000572e-01	1.000000e+05	8.827968e-01	9.483507e-01	9.492699e-01
10	10_15458	15458	0	G	A	0.062	-2.215104e+00	1.475372e+01	-6.918983e+01	5.000572e-01	1.000000e+05	8.827968e-01	9.483507e-01	9.492699e-01
10	10_15461	15461	0	T	C	0.062	-2.215104e+00	1.475372e+01	-6.918983e+01	5.000572e-01	1.000000e+05	8.827968e-01	9.483507e-01	9.492699e-01
10	10_15463	15463	0	A	T	0.062	-2.215104e+00	1.475372e+01	-6.918983e+01	5.000572e-01	1.000000e+05	8.827968e-01	9.483507e-01	9.492699e-01
10	10_15473	15473	0	C	T	0.062	-2.215104e+00	1.475372e+01	-6.918983e+01	5.000572e-01	1.000000e+05	8.827968e-01	9.483507e-01	9.492699e-01
10	10_17879	17879	0	T	C	0.250	-4.580029e+00	7.712510e+00	-6.916219e+01	1.000000e-05	1.000000e+05	5.620895e-01	8.073291e-01	8.110385e-01
10	10_17897	17897	0	A	G	0.250	-4.580029e+00	7.712510e+00	-6.916219e+01	1.000000e-05	1.000000e+05	5.620895e-01	8.073291e-01	8.110385e-01
10	10_18092	18092	0	A	G	0.438	7.608109e+00	6.638278e+00	-6.842347e+01	5.540562e-01	1.000000e+05	2.709678e-01	2.150767e-01	2.461122e-01
10	10_18647	18647	2	C	T	0.143	-4.981027e+00	1.007861e+01	-6.872631e+01	3.065252e-01	1.000000e+05	6.288165e-01	3.345402e-01	3.576678e-01
10	10_18785	18785	0	G	A	0.125	-3.831136e+00	1.014010e+01	-6.898446e+01	8.701145e-02	1.000000e+05	7.112306e-01	5.194663e-01	5.324983e-01
10	10_18869	18869	0	G	A	0.250	-9.080439e+00	7.125232e+00	-6.829845e+01	8.077411e+01	1.000000e+05	2.232674e-01	1.812964e-01	2.144964e-01
10	10_18908	18908	0	G	A	0.438	-5.575342e+00	6.651429e+00	-6.903379e+01	1.000000e-05	1.000000e+05	4.159908e-01	5.738539e-01	5.845835e-01
10	10_18915	18915	0	T	C	0.438	-5.575342e+00	6.651429e+00	-6.903379e+01	1.000000e-05	1.000000e+05	4.159908e-01	5.738539e-01	5.845835e-01
10	10_18933	18933	0	A	G	0.438	-5.575341e+00	6.651432e+00	-6.899128e+01	1.000000e-05	1.000000e+05	4.159911e-01	5.264152e-01	5.391365e-01
10	10_18941	18941	2	T	C	0.500	-7.253700e+00	6.965005e+00	-6.888148e+01	1.000000e-05	1.000000e+05	3.153188e-01	4.307110e-01	4.481542e-01
10	10_18943	18943	1	G	A	0.533	-7.291049e+00	6.723515e+00	-6.906558e+01	1.000000e-05	1.000000e+05	2.965048e-01	6.151804e-01	6.243518e-01
10	10_18988	18988	3	A	G	0.077	5.210230e+01	1.861516e+00	-3.656264e+01	7.880507e-01	1.000000e+05	1.085611e-13	6.568714e-16	1.406860e-03
10	10_18992	18992	0	A	G	0.062	5.236449e+01	3.563963e-01	-1.046015e+01	1.000000e+05	1.000000e+05	1.006292e-23	2.272371e-27	1.319399e-03
10	10_18997	18997	2	G	A	0.071	5.222201e+01	1.490095e+00	-3.352608e+01	1.000000e-05	1.000000e+05	4.861455e-15	3.019454e-17	1.377423e-03
10	10_19002	19002	0	T	C	0.125	2.628467e+01	7.429018e+00	-6.487234e+01	1.000000e-05	1.000000e+05	3.277423e-03	3.290097e-03	2.165274e-02
10	10_19004	19004	0	G	A	0.125	2.628467e+01	7.429018e+00	-6.487234e+01	1.000000e-05	1.000000e+05	3.277423e-03	3.290097e-03	2.165274e-02
10	10_19015	19015	0	A	G	0.125	2.628467e+01	7.429018e+00	-6.487234e+01	1.000000e-05	1.000000e+05	3.277423e-03	3.290097e-03	2.165274e-02
10	10_19031	19031	0	G	A	0.062	5.236449e+01	3.563963e-01	-1.046015e+01	1.000000e+05	1.000000e+05	1.006292e-23	2.272371e-27	1.319399e-03
10	10_19067	19067	1	A	T	0.133	6.727020e-01	1.027293e+01	-6.918927e+01	4.835251e-03	1.000000e+05	9.487154e-01	9.418119e-01	9.428492e-01
10	10_318276	318276	0	G	A	0.250	-4.085258e+00	7.732339e+00	-6.904631e+01	1.000000e-05	1.000000e+05	6.055420e-01	5.894299e-01	5.995535e-01
10	10_387430	387430	1	G	A	0.133	-3.058126e+00	1.089005e+01	-6.918617e+01	4.044348e-01	1.000000e+05	7.829572e-01	9.145104e-01	9.160487e-01
10	10_583208	583208	1	A	G	0.533	-7.851497e+00	6.678279e+00	-6.844052e+01	1.000000e-05	1.000000e+05	2.593308e-01	2.202376e-01	2.509318e-01
10	10_584652	584652	0	G	T	0.438	1.007482e+01	6.458114e+00	-6.779021e+01	3.257302e+00	1.000000e+05	1.410685e-01	9.406165e-02	1.311135e-01
10	10_724149	724149	0	G	A	0.188	-4.227720e+00	8.589356e+00	-6.917598e+01	1.000000e-05	1.000000e+05	6.302032e-01	8.582199e-01	8.608478e-01
10	10_724150	724150	0	A	G	0.188	-4.227720e+00	8.589356e+00	-6.917598e+01	1.000000e-05	1.000000e+05	6.302032e-01	8.582199e-01	8.608478e-01
11	11_9749	9749	0	A	G	0.125	-6.832425e+00	1.072927e+01	-6.880494e+01	2.120635e+00	1.000000e+05	5.345281e-01	3.789860e-01	3.993770e-01
11	11_10019	10019	1	G	C	0.400	-5.981553e+00	6.947079e+00	-6.869526e+01	1.000000e-05	1.000000e+05	4.037343e-01	3.189266e-01	3.430543e-01
11	11_10896	10896	0	C	G	0.062	-4.025440e+00	1.396059e+01	-6.903397e+01	1.730918e-01	1.000000e+05	7.773091e-01	5.740622e-01	5.847836e-01
11	11_10931	10931	0	T	A	0.125	2.602715e+01	7.493493e+00	-6.532947e+01	1.000000e-05	1.000000e+05	3.727883e-03	5.446339e-03	2.670884e-02
11	11_10934	10934	0	G	T	0.188	1.727691e+01	7.330270e+00	-6.746854e+01	1.000000e-05	1.000000e+05	3.351781e-02	6.337505e-02	1.000698e-01
11	11_104630	104630	0	A	G	0.188	-3.965177e+00	8.621202e+00	-6.913714e+01	1.625511e-01	1.000000e+05	6.526258e-01	7.406135e-01	7.459347e-01
11	11_104688	104688	1	G	A	0.200	-4.755824e+00	8.718677e+00	-6.905313e+01	2.247575e-01	1.000000e+05	5.940115e-01	5.982777e-01	6.080673e-01
11	11_384025	384025	0	T	C	0.188	-4.227713e+00	8.589354e+00	-6.919055e+01	1.000000e-05	1.000000e+05	6.302037e-01	9.580864e-01	9.588307e-01
11	11_547884	547884	0	C	T	0.125	-2.743716e+00	1.071689e+01	-6.919169e+01	3.344220e-01	1.000000e+05	8.016605e-01	9.825181e-01	9.828274e-01
11	11_804706	804706	1	A	G	0.267	-4.490388e+00	7.805555e+00	-6.881809e+01	1.000000e-05	1.000000e+05	5.742315e-01	3.872117e-01	4.071161e-01
11	11_804710	804710	3	C	T	0.231	-4.897183e+00	8.806947e+00	-6.898409e+01	1.000000e-05	1.000000e+05	5.869483e-01	5.190971e-01	5.321458e-01
11	11_804742	804742	1	G	A	0.400	8.571325e+00	6.750549e+00	-6.853478e+01	1.000000e-05	1.000000e+05	2.248835e-01	2.516165e-01	2.802095e-01
11	11_804763	804763	1	C	T	0.200	-4.580037e+00	8.644543e+00	-6.909520e+01	1.000000e-05	1.000000e+05	6.045392e-01	6.600416e-01	6.676939e-01
11	11_966513	966513	1	T	A	0.133	-4.363310e+00	1.028631e+01	-6.907074e+01	2.251240e-01	1.000000e+05	6.778760e-01	6.224849e-01	6.313971e-01
11	11_966516	966516	0	C	T	0.125	-4.252095e+00	1.028098e+01	-6.905330e+01	2.966364e-01	1.000000e+05	6.854413e-01	5.985040e-01	6.082851e-01
11	11_966519	966519	0	C	T	0.125	-4.252095e+00	1.028098e+01	-6.905330e+01	2.966364e-01	1.000000e+05	6.854413e-01	5.985040e-01	6.082851e-01
11	11_966569	966569	1	C	G	0.133	-4.363310e+00	1.028631e+01	-6.907074e+01	2.251240e-01	1.000000e+05	6.778760e-01	6.224849e-01	6.313971e-01
11	11_966644	966644	2	C	A	0.214	4.090653e-01	8.809106e+00	-6.918188e+01	1.000000e-05	1.000000e+05	9.636181e-01	8.872291e-01	8.892841e-01
11	11_966669	966669	1	C	T	0.400	8.922731e+00	6.786766e+00	-6.826657e+01	4.477683e-01	1.000000e+05	2.097329e-01	1.736996e-01	2.073610e-01
11	11_966684	966684	2	T	C	0.429	-8.016373e+00	7.294734e+00	-6.841408e+01	1.479082e+00	1.000000e+05	2.903398e-01	2.122958e-01	2.435144e-01
11	11_966699	966699	1	T	C	0.333	1.087137e+01	6.971217e+00	-6.778688e+01	8.762701e-01	1.000000e+05	1.412005e-01	9.367198e-02	1.307287e-01
11	11_966700	966700	1	G	A	0.333	1.087137e+01	6.971217e+00	-6.778688e+01	8.762701e-01	1.000000e+05	1.412005e-01	9.367198e-02	1.307287e-01
11	11_966735	966735	0	A	C	0.250	1.328540e+01	7.207522e+00	-6.740878e+01	4.097415e-01	1.000000e+05	8.656020e-02	5.896332e-02	9.543915e-02
11	11_966738	966738	1	T	A	0.267	1.334936e+01	7.309048e+00	-6.741917e+01	4.989640e-01	1.000000e+05	8.918418e-02	5.970652e-02	9.622322e-02
11	11_966756	966756	0	A	G	0.188	1.727693e+01	7.330276e+00	-6.715212e+01	1.000000e-05	1.000000e+05	3.351774e-02	4.340344e-02	7.855982e-02
11	11_966757	966757	0	T	C	0.188	1.727693e+01	7.330276e+00	-6.715212e+01	1.000000e-05	1.000000e+05	3.351774e-02	4.340344e-02	7.855982e-02
11	11_966771	966771	0	T	C	0.250	1.298912e+01	7.066379e+00	-6.750884e+01	1.165081e-01	1.000000e+05	8.734863e-02	6.654803e-02	1.033674e-01
11	11_1478119	1478119	0	A	G	0.312	1.189707e+01	6.754298e+00	-6.743025e+01	2.929151e+00	1.000000e+05	9.998316e-02	6.050918e-02	9.706816e-02
12	12_11092	11092	0	G	A	0.312	-4.464301e+00	7.974961e+00	-6.906026e+01	5.674365e-01	1.000000e+05	5.844689e-01	6.078291e-01	6.172662e-01
12	12_11094	11094	0	A	G	0.500	6.498976e+00	6.535991e+00	-6.880517e+01	1.000000e-05	1.000000e+05	3.369350e-01	3.791321e-01	3.995144e-01
12	12_11122	11122	0	G	C	0.312	-4.473789e+00	7.373711e+00	-6.904034e+01	1.476391e-01	1.000000e+05	5.537480e-01	5.818908e-01	5.923049e-01
12	12_11170	11170	0	C	T	0.375	-5.100215e+00	6.850335e+00	-6.904861e+01	1.000000e-05	1.000000e+05	4.688755e-01	5.923765e-01	6.023880e-01
12	12_11223	11223	0	G	C	0.312	1.056030e+01	6.727130e+00	-6.783332e+01	1.000000e-05	1.000000e+05	1.387799e-01	9.927060e-02	1.362396e-01
12	12_11400	11400	0	A	C	0.438	7.474512e+00	6.517008e+00	-6.896461e+01	1.000000e-05	1.000000e+05	2.706371e-01	5.001379e-01	5.140604e-01
12	12_11406	11406	0	A	G	0.438	7.474512e+00	6.517008e+00	-6.896461e+01	1.000000e-05	1.000000e+05	2.706371e-01	5.001379e-01	5.140604e-01
12	12_11407	11407	0	C	A	0.438	7.474512e+00	6.517008e+00	-6.896461e+01	1.000000e-05	1.000000e+05	2.706371e-01	5.001379e-01	5.140604e-01
12	12_11410	11410	0	C	T	0.438	7.474512e+00	6.517008e+00	-6.896461e+01	1.000000e-05	1.000000e+05	2.706371e-01	5.001379e-01	5.140604e-01
12	12_11413	11413	1	T	G	0.467	7.453904e+00	6.710760e+00	-6.886539e+01	1.000000e-05	1.000000e+05	2.853937e-01	4.190109e-01	4.370972e-01
12	12_13936	13936	0	C	T	0.125	-3.925715e+00	1.017046e+01	-6.919187e+01	1.000000e-05	1.000000e+05	7.053050e-01	9.911099e-01	9.912672e-01
12	12_13979	13979	2	T	C	0.143	-4.580002e+00	1.025762e+01	-6.919193e+01	1.000000e-05	1.000000e+05	6.620664e-01	9.991149e-01	9.991305e-01
12	12_14009	14009	0	C	T	0.250	-4.580008e+00	7.712512e+00	-6.919023e+01	1.000000e-05	1.000000e+05	5.620913e-01	9.534192e-01	9.542472e-01
12	12_14035	14035	1	C	T	0.400	-5.981534e+00	6.947090e+00	-6.907064e+01	1.000000e-05	1.000000e+05	4.037365e-01	6.223429e-01	6.312601e-01
12	12_14096	14096	0	C	T	0.375	-4.945660e+00	6.856474e+00	-6.895177e+01	2.675046e-02	1.000000e+05	4.825904e-01	4.882764e-01	5.027646e-01
12	12_14104	14104	1	C	T	0.400	2.986422e-01	7.128200e+00	-6.918853e+01	1.000000e-05	1.000000e+05	9.671734e-01	9.342433e-01	9.354182e-01
12	12_14114	14114	0	T	C	0.312	-4.923091e+00	7.199650e+00	-6.889109e+01	4.651832e-01	1.000000e+05	5.052653e-01	4.379337e-01	4.549871e-01
12	12_14125	14125	1	A	G	0.267	-4.849316e+00	7.891185e+00	-6.898358e+01	4.597879e-01	1.000000e+05	5.487274e-01	5.185824e-01	5.316543e-01
12	12_14197	14197	0	G	A	0.125	-3.320377e+00	1.021769e+01	-6.917724e+01	6.651894e-02	1.000000e+05	7.500138e-01	8.639045e-01	8.664180e-01
12	12_14202	14202	0	A	G	0.125	-3.320377e+00	1.021769e+01	-6.917724e+01	6.651894e-02	1.000000e+05	7.500138e-01	8.639045e-01	8.664180e-01
12	12_14301	14301	2	G	A	0.571	2.739175e+00	7.450994e+00	-6.885195e+01	1.068130e+00	1.000000e+05	7.186506e-01	4.095984e-01	4.282123e-01
12	12_14318	14318	0	A	G	0.312	-4.688431e+00	7.186781e+00	-6.918848e+01	1.000000e-05	1.000000e+05	5.247308e-01	9.337965e-01	9.349795e-01
12	12_14741	14741	1	C	G	0.400	8.792685e+00	6.783169e+00	-6.831051e+01	1.187903e-01	1.000000e+05	2.158507e-01	1.842714e-01	2.172875e-01
12	12_14783	14783	2	A	G	0.071	-4.227765e+00	1.399068e+01	-6.892183e+01	1.000000e-05	1.000000e+05	7.669542e-01	4.623496e-01	4.781256e-01
12	12_15014	15014	1	A	G	0.400	1.111403e+01	6.077333e+00	-6.747824e+01	1.000000e+05	1.000000e+05	8.881399e-02	6.412349e-02	1.008500e-01
12	12_19728	19728	0	A	G	0.125	2.628467e+01	7.429018e+00	-6.487234e+01	1.000000e-05	1.000000e+05	3.277423e-03	3.290097e-03	2.165274e-02
12	12_19741	19741	0	C	T	0.188	1.746179e+01	7.298914e+00	-6.695398e+01	1.000000e-05	1.000000e+05	3.132249e-02	3.437609e-02	6.820885e-02
12	12_356356	356356	0	A	G	0.125	-3.925750e+00	1.017046e+01	-6.910108e+01	1.000000e-05	1.000000e+05	7.053024e-01	6.699086e-01	6.772493e-01
12	12_356358	356358	0	A	G	0.125	-3.925750e+00	1.017046e+01	-6.910108e+01	1.000000e-05	1.000000e+05	7.053024e-01	6.699086e-01	6.772493e-01
12	12_356374	356374	0	G	A	0.125	-3.925750e+00	1.017046e+01	-6.910108e+01	1.000000e-05	1.000000e+05	7.053024e-01	6.699086e-01	6.772493e-01
12	12_502808	502808	2	A	G	0.357	1.668327e+01	6.285949e+00	-6.593146e+01	1.000000e+05	1.000000e+05	1.887895e-02	1.066113e-02	3.635544e-02
12	12_502864	502864	2	T	C	0.500	-1.167793e+01	6.723211e+00	-6.763068e+01	1.000000e+05	1.000000e+05	1.043349e-01	7.721788e-02	1.142865e-01
12	12_502865	502865	2	G	T	0.500	-1.167793e+01	6.723211e+00	-6.763068e+01	1.000000e+05	1.000000e+05	1.043349e-01	7.721788e-02	1.142865e-01
12	12_502882	502882	2	G	A	0.429	-7.121717e+00	7.169421e+00	-6.851384e+01	5.090992e-01	1.000000e+05	3.374007e-01	2.442009e-01	2.732926e-01
12	12_502888	502888	0	G	A	0.500	-7.064212e+00	6.563883e+00	-6.837255e+01	4.896949e-01	1.000000e+05	3.000241e-01	2.004950e-01	2.324827e-01
12	12_502890	502890	3	G	A	0.462	-7.813528e+00	7.194162e+00	-6.838231e+01	3.728920e-01	1.000000e+05	2.957853e-01	2.031981e-01	2.350109e-01
12	12_502909	502909	0	C	T	0.375	1.500534e+01	6.065620e+00	-6.629073e+01	1.000000e+05	1.000000e+05	2.678571e-02	1.600436e-02	4.459039e-02
12	12_502926	502926	2	G	C	0.429	1.379519e+01	7.265444e+00	-6.735883e+01	1.000000e+05	1.000000e+05	7.840520e-02	5.552652e-02	9.179059e-02
12	12_502937	502937	2	C	T	0.357	1.360487e+01	6.933892e+00	-6.715911e+01	9.048649e+00	1.000000e+05	6.994589e-02	4.376406e-02	7.896308e-02
12	12_502942	502942	0	T	C	0.375	1.250295e+01	6.605825e+00	-6.733295e+01	2.825969e+01	1.000000e+05	7.925603e-02	5.383011e-02	8.997496e-02
12	12_502956	502956	1	A	G	0.333	1.289243e+01	6.825675e+00	-6.724824e+01	4.264306e+00	1.000000e+05	7.981167e-02	4.864992e-02	8.436321e-02
12	12_503049	503049	1	C	G	0.200	1.714875e+01	7.269655e+00	-6.622649e+01	4.374998e-01	1.000000e+05	3.338870e-02	1.487772e-02	4.293913e-02
12	12_503112	503112	2	G	A	0.286	1.316933e+01	7.166033e+00	-6.729623e+01	2.402886e-01	1.000000e+05	8.741289e-02	5.151662e-02	8.748188e-02
12	12_503171	503171	3	G	A	0.308	1.424998e+01	6.673528e+00	-6.693653e+01	1.000000e+05	1.000000e+05	5.089017e-02	3.368157e-02	6.738881e-02
12	12_503254	503254	0	C	G	0.312	-6.613206e+00	6.993928e+00	-6.848161e+01	2.110709e+00	1.000000e+05	3.604059e-01	2.332964e-01	2.631199e-01
12	12_503293	503293	1	A	C	0.400	-8.593821e+00	7.344819e+00	-6.833382e+01	6.702634e+00	1.000000e+05	2.615136e-01	1.901808e-01	2.228269e-01
12	12_503311	503311	1	A	C	0.400	-6.962223e+00	6.886324e+00	-6.839803e+01	1.383127e+00	1.000000e+05	3.291613e-01	2.076404e-01	2.391641e-01
12	12_503313	503313	2	T	A	0.571	7.129295e+00	7.024763e+00	-6.837248e+01	6.746414e-01	1.000000e+05	3.273820e-01	2.004746e-01	2.324636e-01
12	12_503321	503321	2	C	T	0.500	1.144982e+01	6.937640e+00	-6.776973e+01	1.000000e+05	1.000000e+05	1.211093e-01	9.169282e-02	1.287715e-01
12	12_503327	503327	1	A	C	0.400	1.224303e+01	6.934116e+00	-6.758362e+01	1.000000e+05	1.000000e+05	9.924913e-02	7.289342e-02	1.098899e-01
12	12_503356	503356	0	A	C	0.312	-4.556483e+00	7.523638e+00	-6.900692e+01	3.588747e-01	1.000000e+05	5.544575e-01	5.429882e-01	5.549883e-01
12	12_503357	503357	0	T	G	0.312	-4.556483e+00	7.523638e+00	-6.900692e+01	3.588747e-01	1.000000e+05	5.544575e-01	5.429882e-01	5.549883e-01
12	12_503364	503364	0	T	C	0.312	-4.556483e+00	7.523638e+00	-6.900692e+01	3.588747e-01	1.000000e+05	5.544575e-01	5.429882e-01	5.549883e-01
12	12_503366	503366	0	C	T	0.312	-4.556483e+00	7.523638e+00	-6.900692e+01	3.588747e-01	1.000000e+05	5.544575e-01	5.429882e-01	5.549883e-01
12	12_503401	503401	0	A	G	0.375	-5.100758e+00	6.855133e+00	-6.884177e+01	4.196782e-02	1.000000e+05	4.691344e-01	4.026752e-01	4.216828e-01
12	12_503416	503416	0	G	A	0.188	-3.957637e+00	9.185021e+00	-6.905225e+01	5.248469e-01	1.000000e+05	6.731161e-01	5.971238e-01	6.069566e-01
12	12_503422	503422	0	T	G	0.125	-3.925716e+00	1.017048e+01	-6.919168e+01	1.000000e-05	1.000000e+05	7.053053e-01	9.821339e-01	9.824501e-01
12	12_503453	503453	0	T	C	0.062	-3.663992e+00	1.393487e+01	-6.919193e+01	1.000000e-05	1.000000e+05	7.964292e-01	9.981396e-01	9.981725e-01
12	12_537923	537923	0	G	A	0.375	-5.213756e+00	6.844210e+00	-6.908087e+01	1.000000e-05	1.000000e+05	4.588351e-01	6.374308e-01	6.458273e-01
13	13_11108	11108	0	C	T	0.125	-4.430906e+00	1.013058e+01	-6.903766e+01	2.431224e-01	1.000000e+05	6.685078e-01	5.785790e-01	5.891224e-01
13	13_11118	11118	0	T	C	0.250	-1.032729e+01	7.375947e+00	-6.814352e+01	1.000000e+05	1.000000e+05	1.832442e-01	1.476059e-01	1.827352e-01
13	13_11130	11130	0	A	G	0.250	-4.341895e+00	7.711428e+00	-6.896491e+01	1.280103e-01	1.000000e+05	5.823086e-01	5.004220e-01	5.143312e-01
13	13_52884	52884	0	A	G	0.125	-3.925751e+00	1.017045e+01	-6.903374e+01	1.000000e-05	1.000000e+05	7.053021e-01	5.737857e-01	5.845180e-01
13	13_128625	128625	4	A	G	0.333	7.911630e-02	8.282707e+00	-6.915667e+01	1.000000e-05	1.000000e+05	9.925135e-01	7.905877e-01	7.946787e-01
13	13_128715	128715	3	G	A	0.308	-5.724441e+00	7.982617e+00	-6.910679e+01	1.000000e-05	1.000000e+05	4.850975e-01	6.798619e-01	6.868962e-01
13	13_128729	128729	3	G	A	0.308	-5.724441e+00	7.982617e+00	-6.910679e+01	1.000000e-05	1.000000e+05	4.850975e-01	6.798619e-01	6.868962e-01
13	13_162462	162462	0	A	G	0.188	-4.227697e+00	8.589358e+00	-6.918933e+01	1.000000e-05	1.000000e+05	6.302051e-01	9.425199e-01	9.435444e-01
13	13_219021	219021	1	C	T	0.133	-3.596665e+00	1.022841e+01	-6.918542e+01	1.000000e-05	1.000000e+05	7.303484e-01	9.091363e-01	9.107749e-01
13	13_219311	219311	0	A	T	0.125	-3.335022e+00	1.018552e+01	-6.919095e+01	1.000000e-05	1.000000e+05	7.481891e-01	9.646213e-01	9.652488e-01
13	13_219312	219312	0	A	G	0.125	-3.335022e+00	1.018552e+01	-6.919095e+01	1.000000e-05	1.000000e+05	7.481891e-01	9.646213e-01	9.652488e-01
13	13_655915	655915	0	A	G	0.438	-5.721362e+00	6.641805e+00	-6.865665e+01	4.038009e-01	1.000000e+05	4.035216e-01	3.008171e-01	3.261259e-01
13	13_742766	742766	2	G	A	0.214	-7.361306e+00	9.032586e+00	-6.867928e+01	1.544029e+00	1.000000e+05	4.287349e-01	3.112640e-01	3.358889e-01
13	13_742771	742771	0	C	A	0.250	-5.175522e+00	7.859700e+00	-6.898023e+01	4.533510e-01	1.000000e+05	5.209071e-01	5.152461e-01	5.284692e-01
14	14_155590	155590	0	T	C	0.125	-3.572315e+00	1.027803e+01	-6.901457e+01	2.323423e-01	1.000000e+05	7.333347e-01	5.514542e-01	5.630965e-01
14	14_342562	342562	0	G	T	0.375	-5.193502e+00	6.927519e+00	-6.886797e+01	2.238411e-01	1.000000e+05	4.658527e-01	4.208527e-01	4.388368e-01
14	14_383626	383626	0	G	A	0.125	-2.743716e+00	1.071689e+01	-6.919169e+01	3.344220e-01	1.000000e+05	8.016605e-01	9.825181e-01	9.828274e-01
14	14_852745	852745	0	G	T	0.125	-2.743716e+00	1.071689e+01	-6.919169e+01	3.344220e-01	1.000000e+05	8.016605e-01	9.825181e-01	9.828274e-01
14	14_908850	908850	0	G	A	0.375	-1.126301e+01	6.615315e+00	-6.768648e+01	1.000000e+05	1.000000e+05	1.107382e-01	8.270635e-02	1.198174e-01
14	14_908994	908994	1	C	T	0.133	-4.316342e+00	1.023244e+01	-6.907284e+01	1.154718e-01	1.000000e+05	6.795554e-01	6.255191e-01	6.343250e-01
14	14_909011	909011	1	T	C	0.133	-4.316342e+00	1.023244e+01	-6.907284e+01	1.154718e-01	1.000000e+05	6.795554e-01	6.255191e-01	6.343250e-01
14	14_909450	909450	0	G	T	0.250	-4.795857e+00	7.651483e+00	-6.868676e+01	2.037358e-01	1.000000e+05	5.408852e-01	3.148216e-01	3.392152e-01
14	14_909472	909472	0	G	T	0.312	-6.385886e+00	7.407779e+00	-6.866702e+01	1.040208e+00	1.000000e+05	4.031840e-01	3.055491e-01	3.305473e-01
14	14_909504	909504	1	T	G	0.333	-7.197910e+00	7.491874e+00	-6.855119e+01	1.242784e+00	1.000000e+05	3.529725e-01	2.576238e-01	2.858127e-01
14	14_909638	909638	0	C	T	0.250	1.304267e+01	6.987877e+00	-6.866668e+01	1.000000e-05	1.000000e+05	8.306073e-02	3.053917e-01	3.304002e-01
14	14_909661	909661	0	G	A	0.250	1.338727e+01	6.941169e+00	-6.796116e+01	1.000000e-05	1.000000e+05	7.429804e-02	1.166641e-01	1.531594e-01
14	14_909704	909704	0	G	A	0.375	8.877794e+00	6.569269e+00	-6.877380e+01	1.000000e-05	1.000000e+05	1.979976e-01	3.604697e-01	3.819795e-01
14	14_910040	910040	1	A	G	0.400	-6.106710e+00	6.939306e+00	-6.908961e+01	1.000000e-05	1.000000e+05	3.937055e-01	6.510022e-01	6.589469e-01
14	14_910103	910103	0	A	G	0.438	-6.106702e+00	6.618021e+00	-6.915298e+01	1.000000e-05	1.000000e+05	3.717733e-01	7.801522e-01	7.844883e-01
14	14_910152	910152	1	A	G	0.333	-6.893402e+00	8.148349e+00	-6.876824e+01	1.276686e+00	1.000000e+05	4.117865e-01	3.572928e-01	3.789977e-01
14	14_910181	910181	1	G	A	0.400	-6.305335e+00	7.263955e+00	-6.897919e+01	3.643924e-01	1.000000e+05	4.000128e-01	5.142148e-01	5.274849e-01
14	14_910258	910258	1	T	G	0.467	-7.525753e+00	7.288318e+00	-6.871989e+01	6.489629e-01	1.000000e+05	3.193105e-01	3.312273e-01	3.545656e-01
14	14_910323	910323	0	T	C	0.375	8.481967e+00	6.606517e+00	-6.881240e+01	1.000000e-05	1.000000e+05	2.200266e-01	3.836199e-01	4.037360e-01
14	14_910328	910328	0	G	A	0.438	7.205681e+00	6.538587e+00	-6.870781e+01	1.000000e-05	1.000000e+05	2.890364e-01	3.251180e-01	3.488470e-01
14	14_910510	910510	1	A	G	0.400	-6.552700e+00	6.895129e+00	-6.844720e+01	8.351452e-01	1.000000e+05	3.580594e-01	2.222992e-01	2.528565e-01
14	14_910555	910555	1	C	T	0.333	-5.496052e+00	7.261229e+00	-6.889763e+01	1.000000e-05	1.000000e+05	4.616565e-01	4.429625e-01	4.597477e-01
14	14_910742	910742	0	A	G	0.312	-4.890715e+00	7.175775e+00	-6.885723e+01	7.096115e-02	1.000000e+05	5.066366e-01	4.132576e-01	4.316653e-01
14	14_910822	910822	0	G	A	0.188	-4.669750e+00	8.762299e+00	-6.903392e+01	4.076012e-01	1.000000e+05	6.024351e-01	5.740086e-01	5.847322e-01
14	14_910834	910834	1	T	A	0.067	-3.925728e+00	1.396102e+01	-6.919015e+01	1.000000e-05	1.000000e+05	7.826762e-01	9.523743e-01	9.532211e-01
14	14_910926	910926	2	G	A	0.357	-6.586917e+00	7.315075e+00	-6.847567e+01	7.494633e-01	1.000000e+05	3.831050e-01	2.313528e-01	2.613064e-01
14	14_910939	910939	2	A	C	0.429	-7.462930e+00	6.763948e+00	-6.822320e+01	9.565045e-01	1.000000e+05	2.884845e-01	1.639446e-01	1.981787e-01
14	14_910964	910964	1	A	G	0.467	9.166393e+00	6.744870e+00	-6.802728e+01	2.892731e+00	1.000000e+05	1.956331e-01	1.269586e-01	1.630602e-01
14	14_910966	910966	0	T	C	0.500	-7.695492e+00	6.657519e+00	-6.829195e+01	1.506303e+00	1.000000e+05	2.670640e-01	1.797173e-01	2.130142e-01
14	14_910979	910979	1	A	G	0.400	1.001944e+01	6.724203e+00	-6.784478e+01	3.788064e+00	1.000000e+05	1.583915e-01	1.007069e-01	1.376477e-01
14	14_911099	911099	2	A	G	0.429	-9.576638e+00	6.924071e+00	-6.802340e+01	4.918120e+00	1.000000e+05	1.882977e-01	1.263273e-01	1.624550e-01
14	14_911129	911129	0	T	C	0.438	-8.503427e+00	6.781818e+00	-6.821974e+01	3.060679e+00	1.000000e+05	2.304278e-01	1.631942e-01	1.974713e-01
14	14_911206	911206	0	G	A	0.250	-4.252930e+00	7.721165e+00	-6.903593e+01	4.396191e-02	1.000000e+05	5.904429e-01	5.764551e-01	5.870820e-01
14	14_911262	911262	0	A	C	0.125	-3.347737e+00	1.026996e+01	-6.917133e+01	1.497405e-01	1.000000e+05	7.492656e-01	8.391462e-01	8.421669e-01
14	14_911292	911292	1	A	G	0.200	-4.566741e+00	8.669901e+00	-6.912761e+01	4.040518e-02	1.000000e+05	6.066232e-01	7.198376e-01	7.257156e-01
14	14_911297	911297	2	A	C	0.214	-4.894171e+00	8.720794e+00	-6.913916e+01	1.317464e-02	1.000000e+05	5.835283e-01	7.452787e-01	7.504788e-01
14	14_911308	911308	0	C	T	0.125	-3.925752e+00	1.017046e+01	-6.916902e+01	1.000000e-05	1.000000e+05	7.053023e-01	8.305099e-01	8.337132e-01
14	14_911314	911314	0	A	G	0.125	-3.925752e+00	1.017046e+01	-6.916902e+01	1.000000e-05	1.000000e+05	7.053023e-01	8.305099e-01	8.337132e-01
14	14_911321	911321	0	G	A	0.188	-3.774244e+00	8.624896e+00	-6.919192e+01	3.229459e-02	1.000000e+05	6.683525e-01	9.969565e-01	9.970103e-01
14	14_911352	911352	1	G	A	0.400	-9.763304e+00	5.865949e+00	-6.774754e+01	1.000000e+05	1.000000e+05	1.182442e-01	8.919872e-02	1.262979e-01
14	14_911375	911375	1	G	A	0.267	-4.635521e+00	7.799503e+00	-6.917535e+01	1.000000e-05	1.000000e+05	5.617700e-01	8.555077e-01	8.581907e-01
14	14_911385	911385	0	G	A	0.312	-4.688449e+00	7.186783e+00	-6.918926e+01	1.000000e-05	1.000000e+05	5.247293e-01	9.417052e-01	9.427445e-01
14	14_911414	911414	1	G	A	0.200	-4.133206e+00	8.666041e+00	-6.919170e+01	8.200857e-03	1.000000e+05	6.407620e-01	9.828488e-01	9.831524e-01
14	14_924025	924025	0	C	T	0.375	-5.220369e+00	6.843864e+00	-6.917433e+01	1.000000e-05	1.000000e+05	4.582546e-01	8.511899e-01	8.539610e-01
14	14_924047	924047	0	A	C	0.312	-4.695665e+00	7.186459e+00	-6.918689e+01	1.000000e-05	1.000000e+05	5.240824e-01	9.200051e-01	9.214414e-01
14	14_924049	924049	0	A	T	0.312	-4.695665e+00	7.186459e+00	-6.918689e+01	1.000000e-05	1.000000e+05	5.240824e-01	9.200051e-01	9.214414e-01
14	14_924050	924050	0	G	C	0.312	-4.695665e+00	7.186459e+00	-6.918689e+01	1.000000e-05	1.000000e+05	5.240824e-01	9.200051e-01	9.214414e-01
14	14_924059	924059	0	T	C	0.250	-4.235439e+00	7.726571e+00	-6.918574e+01	1.000000e-05	1.000000e+05	5.922122e-01	9.113961e-01	9.129925e-01
14	14_924128	924128	0	G	A	0.125	-3.335024e+00	1.018552e+01	-6.919124e+01	1.000000e-05	1.000000e+05	7.481888e-01	9.702905e-01	9.708170e-01
14	14_924776	924776	0	A	G	0.125	-3.335024e+00	1.018552e+01	-6.919124e+01	1.000000e-05	1.000000e+05	7.481888e-01	9.702905e-01	9.708170e-01
14	14_924866	924866	0	G	A	0.438	8.142351e+00	6.568923e+00	-6.820906e+01	1.046538e+00	1.000000e+05	2.355274e-01	1.609010e-01	1.953085e-01
