chr	rs	ps	n_miss	allele1	allele0	af	beta	se	logl_H1	l_remle	l_mle	p_wald	p_lrt	p_score
1	1_44747	44747	0	C	G	0.188	5.833558e-01	1.297683e-01	-1.526582e+00	1.000000e+05	1.000000e+05	5.036414e-04	1.563147e-04	8.241005e-03
1	1_44753	44753	1	G	A	0.200	5.874337e-01	1.319408e-01	-1.617308e+00	1.000000e+05	1.000000e+05	5.470293e-04	1.721387e-04	8.442526e-03
1	1_44785	44785	1	G	A	0.133	9.388274e-01	3.533878e-02	2.284522e+01	1.000000e+05	1.000000e+05	2.225151e-13	2.027384e-15	1.420984e-03
1	1_47564	47564	0	G	A	0.438	-1.572893e-01	1.590182e-01	-8.133469e+00	1.000000e+05	1.000000e+05	3.393886e-01	2.985183e-01	3.239784e-01
1	1_47575	47575	0	G	A	0.500	-2.220932e-01	1.528992e-01	-7.550860e+00	1.000000e+05	1.000000e+05	1.683930e-01	1.339587e-01	1.697548e-01
1	1_47671	47671	1	G	A	0.467	-2.267169e-01	1.578463e-01	-7.574180e+00	1.000000e+05	1.000000e+05	1.728813e-01	1.380664e-01	1.736709e-01
1	1_47684	47684	2	C	G	0.500	-2.593848e-01	1.613634e-01	-7.318860e+00	1.000000e+05	1.000000e+05	1.302659e-01	9.971982e-02	1.366803e-01
1	1_47686	47686	2	A	G	0.500	-2.593848e-01	1.613634e-01	-7.318860e+00	1.000000e+05	1.000000e+05	1.302659e-01	9.971982e-02	1.366803e-01
1	1_309593	309593	0	A	G	0.438	3.231728e-02	1.581295e-01	-8.650038e+00	1.000000e+05	1.000000e+05	8.410039e-01	8.271795e-01	8.304540e-01
1	1_477160	477160	0	A	C	0.062	2.965901e-02	3.296044e-01	-8.669244e+00	1.000000e+05	1.000000e+05	9.295749e-01	9.233755e-01	9.247496e-01
1	1_678413	678413	0	C	T	0.125	-6.430393e-02	2.458170e-01	-8.634861e+00	1.000000e+05	1.000000e+05	7.974447e-01	7.800042e-01	7.843438e-01
1	1_971811	971811	1	G	T	0.067	-4.831629e-02	2.842750e-01	-8.657379e+00	1.000000e+05	1.000000e+05	8.674707e-01	8.558930e-01	8.585681e-01
1	1_975012	975012	0	C	T	0.125	-5.492953e-02	2.425701e-01	-8.644621e+00	1.000000e+05	1.000000e+05	8.241259e-01	8.088872e-01	8.125618e-01
1	1_975152	975152	1	T	C	0.333	-1.951832e-01	1.501422e-01	-7.762154e+00	1.000000e+05	1.000000e+05	2.146013e-01	1.769055e-01	2.103738e-01
1	1_975212	975212	0	C	T	0.375	-2.341561e-01	1.658392e-01	-7.608822e+00	1.000000e+05	1.000000e+05	1.798054e-01	1.444319e-01	1.797237e-01
1	1_975397	975397	2	T	C	0.357	-8.948106e-02	1.673104e-01	-8.512069e+00	1.000000e+05	1.000000e+05	6.011656e-01	5.694520e-01	5.803571e-01
1	1_975445	975445	2	T	C	0.214	-1.043159e-01	2.080906e-01	-8.531542e+00	1.000000e+05	1.000000e+05	6.239497e-01	5.936662e-01	6.036290e-01
1	1_975457	975457	1	A	G	0.333	-1.238687e-01	1.598510e-01	-8.337897e+00	1.000000e+05	1.000000e+05	4.512884e-01	4.123746e-01	4.308319e-01
1	1_975510	975510	1	T	C	0.133	4.264986e-01	2.005975e-01	-6.435313e+00	1.000000e+05	1.000000e+05	5.176352e-02	3.435171e-02	6.818013e-02
1	1_1231132	1231132	0	A	G	0.125	-1.310772e-01	2.452238e-01	-8.512249e+00	1.000000e+05	1.000000e+05	6.013677e-01	5.696664e-01	5.805629e-01
1	1_1231136	1231136	0	G	C	0.125	-1.310772e-01	2.452238e-01	-8.512249e+00	1.000000e+05	1.000000e+05	6.013677e-01	5.696664e-01	5.805629e-01
1	1_1231137	1231137	0	G	A	0.125	-1.310772e-01	2.452238e-01	-8.512249e+00	1.000000e+05	1.000000e+05	6.013677e-01	5.696664e-01	5.805629e-01
1	1_1581524	1581524	1	A	G	0.133	-1.072884e-01	2.373054e-01	-8.557911e+00	1.000000e+05	1.000000e+05	6.581148e-01	6.301068e-01	6.387535e-01
2	2_270700	270700	2	T	C	0.357	-1.617591e-01	1.729584e-01	-8.189039e+00	1.000000e+05	1.000000e+05	3.655129e-01	3.247650e-01	3.485166e-01
2	2_270855	270855	0	G	A	0.438	-4.492075e-02	1.966450e-01	-8.644106e+00	1.000000e+05	1.000000e+05	8.226105e-01	8.072456e-01	8.109569e-01
2	2_270969	270969	1	T	G	0.467	-9.758220e-03	1.974373e-01	-8.672474e+00	1.000000e+05	1.000000e+05	9.612793e-01	9.578637e-01	9.586120e-01
2	2_270970	270970	1	T	A	0.467	-9.758220e-03	1.974373e-01	-8.672474e+00	1.000000e+05	1.000000e+05	9.612793e-01	9.578637e-01	9.586120e-01
2	2_270971	270971	1	C	A	0.467	-9.758220e-03	1.974373e-01	-8.672474e+00	1.000000e+05	1.000000e+05	9.612793e-01	9.578637e-01	9.586120e-01
2	2_270994	270994	0	A	G	0.500	1.961399e-02	1.957003e-01	-8.668131e+00	1.000000e+05	1.000000e+05	9.215871e-01	9.146894e-01	9.162244e-01
2	2_294465	294465	1	G	A	0.133	-1.493693e-01	2.361581e-01	-8.448473e+00	1.000000e+05	1.000000e+05	5.372561e-01	5.019590e-01	5.157959e-01
2	2_697983	697983	0	G	A	0.125	4.255222e-01	2.501784e-01	-7.171145e+00	1.000000e+05	1.000000e+05	1.110618e-01	8.298496e-02	1.200968e-01
2	2_983795	983795	0	C	G	0.125	4.255222e-01	2.501784e-01	-7.171145e+00	1.000000e+05	1.000000e+05	1.110618e-01	8.298496e-02	1.200968e-01
2	2_1225303	1225303	0	G	A	0.125	4.255222e-01	2.501784e-01	-7.171145e+00	1.000000e+05	1.000000e+05	1.110618e-01	8.298496e-02	1.200968e-01
3	3_10892	10892	0	C	G	0.062	-5.940245e-02	3.183523e-01	-8.653999e+00	1.000000e+05	1.000000e+05	8.546563e-01	8.419867e-01	8.449480e-01
3	3_207299	207299	1	A	G	0.133	-9.279223e-02	2.312657e-01	-8.582400e+00	1.000000e+05	1.000000e+05	6.943033e-01	6.688592e-01	6.762327e-01
3	3_750294	750294	0	T	G	0.312	7.706119e-02	1.780420e-01	-8.567529e+00	1.000000e+05	1.000000e+05	6.717346e-01	6.446740e-01	6.528274e-01
3	3_860957	860957	0	A	T	0.500	-2.011441e-02	1.591072e-01	-8.664742e+00	1.000000e+05	1.000000e+05	9.011967e-01	8.925244e-01	8.944776e-01
3	3_862065	862065	0	G	A	0.250	1.197160e-01	1.707934e-01	-8.397931e+00	1.000000e+05	1.000000e+05	4.948263e-01	4.575515e-01	4.735735e-01
3	3_862068	862068	0	G	A	0.250	1.197160e-01	1.707934e-01	-8.397931e+00	1.000000e+05	1.000000e+05	4.948263e-01	4.575515e-01	4.735735e-01
3	3_862069	862069	1	A	G	0.267	1.110786e-01	1.719387e-01	-8.438862e+00	1.000000e+05	1.000000e+05	5.287042e-01	4.929807e-01	5.072427e-01
3	3_1071924	1071924	0	G	A	0.312	-1.548665e-01	1.874371e-01	-8.292991e+00	1.000000e+05	1.000000e+05	4.225303e-01	3.827790e-01	4.029448e-01
3	3_1071929	1071929	0	C	T	0.312	-1.548665e-01	1.874371e-01	-8.292991e+00	1.000000e+05	1.000000e+05	4.225303e-01	3.827790e-01	4.029448e-01
3	3_1234218	1234218	0	G	A	0.312	5.547810e-02	1.716795e-01	-8.614419e+00	1.000000e+05	1.000000e+05	7.513583e-01	7.302300e-01	7.358260e-01
4	4_667433	667433	0	G	T	0.188	1.286439e-01	2.061830e-01	-8.454455e+00	1.000000e+05	1.000000e+05	5.427063e-01	5.076879e-01	5.212580e-01
4	4_667446	667446	0	G	A	0.188	1.286439e-01	2.061830e-01	-8.454455e+00	1.000000e+05	1.000000e+05	5.427063e-01	5.076879e-01	5.212580e-01
4	4_667490	667490	1	G	A	0.267	5.748965e-02	1.811172e-01	-8.616502e+00	1.000000e+05	1.000000e+05	7.556118e-01	7.348171e-01	7.402908e-01
4	4_995956	995956	2	A	G	0.214	-2.024868e-01	1.802943e-01	-7.983750e+00	1.000000e+05	1.000000e+05	2.802903e-01	2.400605e-01	2.694304e-01
4	4_1076446	1076446	0	G	A	0.375	7.738415e-02	1.767825e-01	-8.565119e+00	1.000000e+05	1.000000e+05	6.682550e-01	6.409503e-01	6.492281e-01
4	4_1076465	1076465	0	G	A	0.438	6.846921e-02	1.582300e-01	-8.567581e+00	1.000000e+05	1.000000e+05	6.718101e-01	6.447548e-01	6.529056e-01
5	5_7093	7093	0	G	A	0.312	7.933754e-02	1.679369e-01	-8.547341e+00	1.000000e+05	1.000000e+05	6.439035e-01	6.149308e-01	6.241111e-01
5	5_276722	276722	0	G	A	0.125	4.255222e-01	2.501784e-01	-7.171145e+00	1.000000e+05	1.000000e+05	1.110618e-01	8.298496e-02	1.200968e-01
5	5_475470	475470	0	T	C	0.312	8.123574e-02	1.628896e-01	-8.532993e+00	1.000000e+05	1.000000e+05	6.257232e-01	5.955540e-01	6.054456e-01
5	5_476407	476407	0	A	T	0.375	3.102341e-01	1.379939e-01	-6.207993e+00	1.000000e+05	1.000000e+05	4.119555e-02	2.636756e-02	5.848082e-02
5	5_500266	500266	1	G	A	0.400	4.642472e-02	1.795388e-01	-8.635753e+00	1.000000e+05	1.000000e+05	7.997240e-01	7.824698e-01	7.867509e-01
5	5_676974	676974	0	A	C	0.438	-2.224872e-01	1.692765e-01	-7.743044e+00	1.000000e+05	1.000000e+05	2.098583e-01	1.724345e-01	2.061716e-01
5	5_835130	835130	1	A	G	0.400	7.065035e-02	1.616637e-01	-8.565472e+00	1.000000e+05	1.000000e+05	6.687619e-01	6.414926e-01	6.497523e-01
5	5_835251	835251	1	G	C	0.333	1.876891e-01	1.711564e-01	-8.014639e+00	1.000000e+05	1.000000e+05	2.913237e-01	2.508685e-01	2.795119e-01
5	5_835261	835261	0	A	G	0.312	1.149048e-01	1.749492e-01	-8.431092e+00	1.000000e+05	1.000000e+05	5.219669e-01	4.859170e-01	5.005195e-01
5	5_836479	836479	0	G	A	0.312	-1.536939e-01	1.564301e-01	-8.140442e+00	1.000000e+05	1.000000e+05	3.425248e-01	3.016571e-01	3.269106e-01
5	5_836568	836568	0	A	G	0.438	4.671560e-02	1.542259e-01	-8.621611e+00	1.000000e+05	1.000000e+05	7.664173e-01	7.464764e-01	7.516456e-01
5	5_836697	836697	0	A	G	0.500	1.015894e-02	1.517779e-01	-8.671310e+00	1.000000e+05	1.000000e+05	9.475816e-01	9.429611e-01	9.439777e-01
5	5_836899	836899	1	G	A	0.067	-2.576735e-02	3.121292e-01	-8.669976e+00	1.000000e+05	1.000000e+05	9.353753e-01	9.296838e-01	9.309420e-01
5	5_1210544	1210544	0	G	A	0.125	4.255222e-01	2.501784e-01	-7.171145e+00	1.000000e+05	1.000000e+05	1.110618e-01	8.298496e-02	1.200968e-01
5	5_1245074	1245074	0	A	G	0.250	1.549764e-01	2.079205e-01	-8.362540e+00	1.000000e+05	1.000000e+05	4.683818e-01	4.300607e-01	4.475394e-01
5	5_1770892	1770892	0	G	A	0.438	-2.814456e-02	1.623333e-01	-8.656711e+00	1.000000e+05	1.000000e+05	8.648384e-01	8.530358e-01	8.557691e-01
5	5_1773044	1773044	0	G	A	0.125	4.065995e-01	2.142083e-01	-6.841785e+00	1.000000e+05	1.000000e+05	7.848814e-02	5.559438e-02	9.186301e-02
5	5_1773047	1773047	0	G	A	0.250	-1.574375e-01	1.691208e-01	-8.193388e+00	1.000000e+05	1.000000e+05	3.676722e-01	3.269444e-01	3.505563e-01
6	6_191358	191358	0	C	T	0.062	2.344714e-02	3.025983e-01	-8.670439e+00	1.000000e+05	1.000000e+05	9.393334e-01	9.339890e-01	9.351685e-01
6	6_220264	220264	1	G	A	0.533	2.393761e-02	1.679272e-01	-8.662266e+00	1.000000e+05	1.000000e+05	8.886787e-01	8.789231e-01	8.811395e-01
6	6_220267	220267	1	G	A	0.533	2.393761e-02	1.679272e-01	-8.662266e+00	1.000000e+05	1.000000e+05	8.886787e-01	8.789231e-01	8.811395e-01
6	6_221273	221273	2	A	G	0.429	-9.531132e-02	1.689025e-01	-8.493947e+00	1.000000e+05	1.000000e+05	5.814800e-01	5.485921e-01	5.603545e-01
6	6_221275	221275	1	A	G	0.467	1.637215e-02	1.631063e-01	-8.668114e+00	1.000000e+05	1.000000e+05	9.214682e-01	9.145602e-01	9.160975e-01
6	6_221282	221282	0	C	A	0.500	-1.774102e-02	1.526632e-01	-8.666156e+00	1.000000e+05	1.000000e+05	9.091365e-01	9.011538e-01	9.029427e-01
6	6_739933	739933	0	G	T	0.375	7.710007e-02	1.587325e-01	-8.540177e+00	1.000000e+05	1.000000e+05	6.346773e-01	6.050919e-01	6.146292e-01
6	6_988043	988043	0	T	C	0.250	1.753675e-01	1.905647e-01	-8.204019e+00	1.000000e+05	1.000000e+05	3.730264e-01	3.323548e-01	3.556213e-01
6	6_988098	988098	0	A	G	0.312	1.314117e-01	1.785395e-01	-8.370137e+00	1.000000e+05	1.000000e+05	4.738610e-01	4.357441e-01	4.529152e-01
6	6_988261	988261	2	A	G	0.143	2.694624e-01	2.226866e-01	-7.878093e+00	1.000000e+05	1.000000e+05	2.462942e-01	2.071043e-01	2.386630e-01
6	6_988405	988405	1	T	C	0.267	1.828437e-01	1.654079e-01	-8.004429e+00	1.000000e+05	1.000000e+05	2.876168e-01	2.472316e-01	2.761196e-01
6	6_988465	988465	0	T	C	0.500	4.992727e-02	1.797862e-01	-8.629922e+00	1.000000e+05	1.000000e+05	7.852987e-01	7.668712e-01	7.715279e-01
6	6_988478	988478	1	G	A	0.467	3.232389e-02	1.575679e-01	-8.649858e+00	1.000000e+05	1.000000e+05	8.404135e-01	8.265393e-01	8.298276e-01
6	6_988549	988549	1	A	G	0.267	-1.388414e-01	1.970373e-01	-8.395056e+00	1.000000e+05	1.000000e+05	4.925875e-01	4.552182e-01	4.713608e-01
6	6_988553	988553	1	T	G	0.267	-1.506117e-01	2.030980e-01	-8.365639e+00	1.000000e+05	1.000000e+05	4.706048e-01	4.323657e-01	4.497192e-01
6	6_988631	988631	0	G	A	0.188	1.269482e-01	1.955101e-01	-8.436504e+00	1.000000e+05	1.000000e+05	5.266429e-01	4.908186e-01	5.051843e-01
6	6_988733	988733	1	A	G	0.600	-6.956516e-02	1.585137e-01	-8.564564e+00	1.000000e+05	1.000000e+05	6.674607e-01	6.401004e-01	6.484068e-01
6	6_988843	988843	3	A	G	0.462	-3.406168e-02	1.627004e-01	-8.648864e+00	1.000000e+05	1.000000e+05	8.371890e-01	8.230436e-01	8.264072e-01
6	6_988922	988922	3	A	G	0.385	-7.317640e-02	1.721259e-01	-8.571251e+00	1.000000e+05	1.000000e+05	6.772016e-01	6.505274e-01	6.584876e-01
6	6_988930	988930	1	G	A	0.267	-1.207786e-01	1.747218e-01	-8.405372e+00	1.000000e+05	1.000000e+05	5.007033e-01	4.636812e-01	4.793893e-01
6	6_988960	988960	1	T	G	0.267	-1.007861e-01	1.708568e-01	-8.477462e+00	1.000000e+05	1.000000e+05	5.646665e-01	5.308239e-01	5.433506e-01
6	6_989188	989188	0	T	C	0.312	3.122875e-02	1.575737e-01	-8.651457e+00	1.000000e+05	1.000000e+05	8.457493e-01	8.323253e-01	8.354899e-01
6	6_989334	989334	2	G	C	0.357	-1.425286e-01	1.773084e-01	-8.312898e+00	1.000000e+05	1.000000e+05	4.349234e-01	3.955075e-01	4.149278e-01
6	6_989453	989453	2	G	A	0.286	-1.641633e-01	1.857410e-01	-8.239504e+00	1.000000e+05	1.000000e+05	3.917139e-01	3.513070e-01	3.733819e-01
6	6_989490	989490	0	T	C	0.312	1.325731e-01	1.708394e-01	-8.336955e+00	1.000000e+05	1.000000e+05	4.506543e-01	4.117198e-01	4.302139e-01
6	6_989528	989528	0	T	C	0.562	2.277180e-02	1.643119e-01	-8.662902e+00	1.000000e+05	1.000000e+05	8.917488e-01	8.822584e-01	8.844097e-01
6	6_989732	989732	2	T	C	0.286	1.841117e-01	1.686361e-01	-8.020198e+00	1.000000e+05	1.000000e+05	2.933674e-01	2.528762e-01	2.813845e-01
6	6_989861	989861	2	A	G	0.500	2.518994e-02	1.593124e-01	-8.659596e+00	1.000000e+05	1.000000e+05	8.766229e-01	8.658294e-01	8.683044e-01
6	6_989960	989960	0	A	G	0.500	2.400824e-01	1.364415e-01	-7.075482e+00	1.000000e+05	1.000000e+05	1.002992e-01	7.378366e-02	1.107980e-01
6	6_990258	990258	0	G	T	0.375	7.952093e-02	1.696951e-01	-8.549360e+00	1.000000e+05	1.000000e+05	6.465611e-01	6.177668e-01	6.268459e-01
6	6_990671	990671	4	A	G	0.333	-1.325929e-01	1.975295e-01	-8.420449e+00	1.000000e+05	1.000000e+05	5.129811e-01	4.765095e-01	4.915734e-01
6	6_990699	990699	2	A	G	0.286	-2.046097e-01	1.978148e-01	-8.084744e+00	1.000000e+05	1.000000e+05	3.185102e-01	2.777123e-01	3.045538e-01
6	6_990701	990701	1	G	A	0.267	-1.927304e-01	2.100870e-01	-8.206859e+00	1.000000e+05	1.000000e+05	3.744753e-01	3.338204e-01	3.569937e-01
6	6_990771	990771	2	T	C	0.286	1.766159e-01	2.280028e-01	-8.338135e+00	1.000000e+05	1.000000e+05	4.514484e-01	4.125398e-01	4.309878e-01
6	6_990777	990777	0	A	G	0.312	1.237948e-01	2.147052e-01	-8.486121e+00	1.000000e+05	1.000000e+05	5.733772e-01	5.400236e-01	5.521506e-01
6	6_990851	990851	1	T	C	0.267	2.082407e-01	2.345941e-01	-8.235828e+00	1.000000e+05	1.000000e+05	3.897170e-01	3.492768e-01	3.714780e-01
6	6_990862	990862	0	G	T	0.250	2.105540e-01	2.244913e-01	-8.186352e+00	1.000000e+05	1.000000e+05	3.641872e-01	3.234277e-01	3.472653e-01
6	6_990885	990885	2	A	G	0.143	3.901280e-01	2.424733e-01	-7.316540e+00	1.000000e+05	1.000000e+05	1.299372e-01	9.943028e-02	1.363963e-01
6	6_990992	990992	1	T	C	0.267	1.611927e-01	2.207885e-01	-8.374945e+00	1.000000e+05	1.000000e+05	4.773823e-01	4.394002e-01	4.563751e-01
6	6_991027	991027	0	T	C	0.188	3.011885e-01	2.369474e-01	-7.800090e+00	1.000000e+05	1.000000e+05	2.244004e-01	1.861839e-01	2.190809e-01
6	6_1031241	1031241	1	G	A	0.267	2.471526e-01	1.998640e-01	-7.844556e+00	1.000000e+05	1.000000e+05	2.365781e-01	1.977889e-01	2.299507e-01
6	6_1160524	1160524	0	A	G	0.312	-1.487310e-01	1.800635e-01	-8.293207e+00	1.000000e+05	1.000000e+05	4.226622e-01	3.829143e-01	4.030721e-01
6	6_1160528	1160528	0	A	G	0.312	-1.487310e-01	1.800635e-01	-8.293207e+00	1.000000e+05	1.000000e+05	4.226622e-01	3.829143e-01	4.030721e-01
6	6_1160532	1160532	0	A	G	0.312	-1.487310e-01	1.800635e-01	-8.293207e+00	1.000000e+05	1.000000e+05	4.226622e-01	3.829143e-01	4.030721e-01
7	7_11056	11056	1	A	C	0.467	4.763080e-02	1.581199e-01	-8.622185e+00	1.000000e+05	1.000000e+05	7.676652e-01	7.478234e-01	7.529580e-01
7	7_14006	14006	1	A	G	0.200	6.050581e-01	1.362853e-01	-1.643872e+00	1.000000e+05	1.000000e+05	5.604328e-04	1.770703e-04	8.503046e-03
7	7_36839	36839	0	G	A	0.188	-1.212330e-01	2.057287e-01	-8.477858e+00	1.000000e+05	1.000000e+05	5.650585e-01	5.312376e-01	5.437462e-01
7	7_49744	49744	0	G	A	0.062	-1.452619e-01	3.279646e-01	-8.562546e+00	1.000000e+05	1.000000e+05	6.645909e-01	6.370306e-01	6.454406e-01
7	7_164473	164473	2	G	A	0.357	-7.157688e-04	1.750675e-01	-8.673860e+00	1.000000e+05	1.000000e+05	9.967955e-01	9.965126e-01	9.965743e-01
7	7_164511	164511	0	C	T	0.438	-1.885394e-01	1.710959e-01	-8.008443e+00	1.000000e+05	1.000000e+05	2.890670e-01	2.486537e-01	2.774460e-01
7	7_164589	164589	0	C	T	0.375	-1.514759e-01	1.836586e-01	-8.294307e+00	1.000000e+05	1.000000e+05	4.233333e-01	3.836025e-01	4.037196e-01
7	7_164636	164636	1	A	G	0.400	7.201404e-02	1.813472e-01	-8.584263e+00	1.000000e+05	1.000000e+05	6.972773e-01	6.720502e-01	6.793243e-01
7	7_164887	164887	0	G	A	0.312	9.190733e-03	1.546161e-01	-8.671851e+00	1.000000e+05	1.000000e+05	9.534400e-01	9.493346e-01	9.502360e-01
7	7_164926	164926	2	G	A	0.214	2.106385e-01	1.934127e-01	-8.023306e+00	1.000000e+05	1.000000e+05	2.945185e-01	2.540076e-01	2.824398e-01
7	7_165027	165027	1	T	C	0.200	2.283471e-01	1.895459e-01	-7.884774e+00	1.000000e+05	1.000000e+05	2.482876e-01	2.090215e-01	2.404549e-01
7	7_165292	165292	0	C	A	0.625	2.233941e-01	1.443196e-01	-7.410013e+00	1.000000e+05	1.000000e+05	1.439467e-01	1.118622e-01	1.485149e-01
7	7_165637	165637	0	G	A	0.562	9.508638e-03	1.461220e-01	-8.671450e+00	1.000000e+05	1.000000e+05	9.490357e-01	9.445431e-01	9.455310e-01
7	7_165657	165657	2	A	G	0.357	6.265015e-03	1.699837e-01	-8.673093e+00	1.000000e+05	1.000000e+05	9.711198e-01	9.685712e-01	9.691283e-01
7	7_165680	165680	0	T	C	0.375	-1.607651e-02	1.513605e-01	-8.667426e+00	1.000000e+05	1.000000e+05	9.169200e-01	9.096151e-01	9.112448e-01
7	7_165704	165704	1	A	G	0.533	3.621834e-02	1.512123e-01	-8.641154e+00	1.000000e+05	1.000000e+05	8.141737e-01	7.981086e-01	8.020264e-01
7	7_165798	165798	2	C	T	0.286	3.160753e-02	1.920591e-01	-8.658408e+00	1.000000e+05	1.000000e+05	8.716335e-01	8.604120e-01	8.629957e-01
7	7_165854	165854	2	C	T	0.357	1.154294e-01	1.720341e-01	-8.420663e+00	1.000000e+05	1.000000e+05	5.131593e-01	4.766959e-01	4.917505e-01
7	7_165873	165873	0	A	G	0.312	2.541379e-02	1.698410e-01	-8.661085e+00	1.000000e+05	1.000000e+05	8.831886e-01	8.729596e-01	8.752931e-01
7	7_165955	165955	1	T	C	0.467	5.646716e-02	1.917005e-01	-8.624442e+00	1.000000e+05	1.000000e+05	7.726530e-01	7.532089e-01	7.582062e-01
7	7_166056	166056	1	A	C	0.467	6.135477e-02	2.048061e-01	-8.622750e+00	1.000000e+05	1.000000e+05	7.689030e-01	7.491597e-01	7.542601e-01
7	7_166309	166309	1	G	A	0.467	-2.162342e-01	1.576484e-01	-7.665164e+00	1.000000e+05	1.000000e+05	1.917638e-01	1.555042e-01	1.902121e-01
7	7_166838	166838	0	T	A	0.188	1.743261e-01	1.933996e-01	-8.222566e+00	1.000000e+05	1.000000e+05	3.826324e-01	3.420838e-01	3.647349e-01
7	7_166992	166992	0	A	G	0.312	1.666885e-01	1.756094e-01	-8.174912e+00	1.000000e+05	1.000000e+05	3.586175e-01	3.178154e-01	3.420150e-01
7	7_167034	167034	2	T	C	0.286	-1.060229e-01	1.911502e-01	-8.499976e+00	1.000000e+05	1.000000e+05	5.878812e-01	5.553686e-01	5.668478e-01
7	7_167035	167035	1	C	A	0.333	9.356142e-02	1.809594e-01	-8.522555e+00	1.000000e+05	1.000000e+05	6.132064e-01	5.822393e-01	5.926399e-01
7	7_167135	167135	2	A	G	0.500	2.138961e-01	1.472522e-01	-7.550808e+00	1.000000e+05	1.000000e+05	1.683830e-01	1.339497e-01	1.697461e-01
7	7_167192	167192	0	C	T	0.438	2.033253e-01	1.357539e-01	-7.484906e+00	1.000000e+05	1.000000e+05	1.564029e-01	1.230608e-01	1.593198e-01
7	7_167224	167224	1	T	A	0.333	6.259504e-02	1.500084e-01	-8.574986e+00	1.000000e+05	1.000000e+05	6.828042e-01	6.565294e-01	6.642946e-01
7	7_167292	167292	2	A	G	0.429	4.076347e-02	1.629285e-01	-8.638180e+00	1.000000e+05	1.000000e+05	8.060727e-01	7.893393e-01	7.934593e-01
7	7_167370	167370	1	A	G	0.400	-8.971440e-02	1.612947e-01	-8.499009e+00	1.000000e+05	1.000000e+05	5.868451e-01	5.542714e-01	5.657961e-01
7	7_167655	167655	2	G	A	0.429	6.595092e-02	1.785120e-01	-8.596252e+00	1.000000e+05	1.000000e+05	7.173219e-01	6.935817e-01	7.002059e-01
7	7_167687	167687	1	A	C	0.200	2.861616e-01	1.823870e-01	-7.378037e+00	1.000000e+05	1.000000e+05	1.389722e-01	1.074273e-01	1.442084e-01
7	7_453828	453828	1	T	C	0.200	-7.173774e-02	2.044941e-01	-8.603854e+00	1.000000e+05	1.000000e+05	7.309566e-01	7.082503e-01	7.144515e-01
7	7_479542	479542	0	A	G	0.125	-1.670342e-01	2.216721e-01	-8.355824e+00	1.000000e+05	1.000000e+05	4.636228e-01	4.251299e-01	4.428782e-01
7	7_672119	672119	0	G	A	0.312	-1.681625e-01	1.479412e-01	-7.967663e+00	1.000000e+05	1.000000e+05	2.747529e-01	2.346561e-01	2.643886e-01
7	7_752860	752860	2	A	T	0.286	1.947418e-01	1.766352e-01	-8.007797e+00	1.000000e+05	1.000000e+05	2.888330e-01	2.484242e-01	2.772320e-01
7	7_752861	752861	0	A	T	0.188	2.269190e-01	1.825759e-01	-7.836551e+00	1.000000e+05	1.000000e+05	2.343279e-01	1.956385e-01	2.279380e-01
7	7_908360	908360	1	C	A	0.133	-1.017429e-01	2.107868e-01	-8.541833e+00	1.000000e+05	1.000000e+05	6.367820e-01	6.073354e-01	6.167905e-01
7	7_1196178	1196178	0	C	T	0.625	-2.709326e-01	1.587993e-01	-7.467009e+00	4.135622e+00	1.000000e+05	1.100586e-01	1.202762e-01	1.566416e-01
7	7_1205599	1205599	2	G	T	0.286	1.552247e-01	1.760191e-01	-8.241383e+00	1.000000e+05	1.000000e+05	3.927404e-01	3.523510e-01	3.743612e-01
7	7_1205600	1205600	1	G	A	0.267	1.625811e-01	1.755188e-01	-8.198014e+00	1.000000e+05	1.000000e+05	3.699889e-01	3.292844e-01	3.527466e-01
7	7_1205735	1205735	2	T	A	0.214	2.884082e-01	1.729123e-01	-7.223854e+00	1.000000e+05	1.000000e+05	1.175295e-01	8.857787e-02	1.256808e-01
7	7_1263585	1263585	0	T	C	0.375	4.517420e-02	1.885038e-01	-8.641119e+00	1.000000e+05	1.000000e+05	8.140777e-01	7.980046e-01	8.019248e-01
7	7_1263610	1263610	0	G	A	0.438	-1.754323e-01	1.669486e-01	-8.066537e+00	1.000000e+05	1.000000e+05	3.111441e-01	2.704104e-01	2.977405e-01
7	7_1263646	1263646	0	G	A	0.125	-1.821242e-01	2.231869e-01	-8.302137e+00	1.000000e+05	1.000000e+05	4.281569e-01	3.885530e-01	4.083787e-01
7	7_1263647	1263647	0	G	T	0.125	-1.821242e-01	2.231869e-01	-8.302137e+00	1.000000e+05	1.000000e+05	4.281569e-01	3.885530e-01	4.083787e-01
7	7_1266484	1266484	1	T	A	0.400	-1.665917e-01	1.714529e-01	-8.151797e+00	1.000000e+05	1.000000e+05	3.477154e-01	3.068593e-01	3.317717e-01
7	7_1276916	1276916	0	A	G	0.188	-1.313486e-01	1.948540e-01	-8.418341e+00	1.000000e+05	1.000000e+05	5.112333e-01	4.746814e-01	4.898361e-01
7	7_1276919	1276919	0	G	A	0.125	-1.100975e-01	2.212315e-01	-8.533585e+00	1.000000e+05	1.000000e+05	6.264508e-01	5.963287e-01	6.061912e-01
7	7_1341024	1341024	0	A	C	0.312	1.208721e-01	1.851672e-01	-8.434009e+00	1.000000e+05	1.000000e+05	5.244778e-01	4.885486e-01	5.030236e-01
8	8_817562	817562	2	T	C	0.071	-1.272115e-01	3.040071e-01	-8.574433e+00	1.000000e+05	1.000000e+05	6.819670e-01	6.556323e-01	6.634264e-01
8	8_817567	817567	2	C	T	0.071	-1.272115e-01	3.040071e-01	-8.574433e+00	1.000000e+05	1.000000e+05	6.819670e-01	6.556323e-01	6.634264e-01
8	8_817674	817674	1	A	G	0.133	4.440241e-01	2.243777e-01	-6.989187e+00	4.073981e+00	1.000000e+05	6.784218e-02	6.641939e-02	1.032342e-01
8	8_818838	818838	3	G	A	0.385	5.686236e-02	1.667440e-01	-8.607691e+00	1.000000e+05	1.000000e+05	7.381553e-01	7.160017e-01	7.219856e-01
8	8_847517	847517	0	A	G	0.188	-1.301918e-01	2.085495e-01	-8.454217e+00	1.000000e+05	1.000000e+05	5.424880e-01	5.074583e-01	5.210390e-01
8	8_874822	874822	1	G	A	0.133	-5.053055e-02	2.448777e-01	-8.649575e+00	1.000000e+05	1.000000e+05	8.394882e-01	8.255362e-01	8.288460e-01
8	8_874895	874895	2	T	C	0.143	-1.246942e-01	2.199234e-01	-8.492246e+00	1.000000e+05	1.000000e+05	5.796995e-01	5.467084e-01	5.585503e-01
8	8_874992	874992	0	C	T	0.125	-1.814149e-01	2.138271e-01	-8.272772e+00	1.000000e+05	1.000000e+05	4.104770e-01	3.704381e-01	3.913417e-01
8	8_1252135	1252135	1	T	C	0.400	-1.237156e-01	1.975730e-01	-8.452894e+00	1.000000e+05	1.000000e+05	5.412745e-01	5.061823e-01	5.198222e-01
8	8_1326133	1326133	0	A	G	0.188	-8.405198e-02	2.113980e-01	-8.584041e+00	1.000000e+05	1.000000e+05	6.969208e-01	6.716677e-01	6.789537e-01
8	8_1326140	1326140	0	G	A	0.125	-1.103678e-01	2.255685e-01	-8.538225e+00	1.000000e+05	1.000000e+05	6.322150e-01	6.024680e-01	6.121019e-01
8	8_1383765	1383765	0	A	G	0.438	2.821014e-01	1.487470e-01	-6.844600e+00	1.000000e+05	1.000000e+05	7.871800e-02	5.578251e-02	9.206369e-02
9	9_5213	5213	1	G	C	0.067	1.693563e-02	3.016549e-01	-8.672068e+00	1.000000e+05	1.000000e+05	9.560217e-01	9.521434e-01	9.529943e-01
9	9_6619	6619	0	C	T	0.250	-1.283486e-01	1.659199e-01	-8.339038e+00	1.000000e+05	1.000000e+05	4.520575e-01	4.131689e-01	4.315816e-01
9	9_7470	7470	0	A	G	0.375	-1.831675e-01	1.606101e-01	-7.963180e+00	1.000000e+05	1.000000e+05	2.732345e-01	2.331766e-01	2.630081e-01
9	9_7729	7729	0	C	T	0.375	-1.990804e-01	1.334018e-01	-7.492881e+00	1.000000e+05	1.000000e+05	1.577998e-01	1.243246e-01	1.605336e-01
9	9_8171	8171	1	G	A	0.533	-1.042806e-02	1.940113e-01	-8.672219e+00	1.000000e+05	1.000000e+05	9.578940e-01	9.541804e-01	9.549948e-01
9	9_10033	10033	0	C	T	0.250	1.642712e-01	1.813197e-01	-8.218080e+00	1.000000e+05	1.000000e+05	3.802770e-01	3.396956e-01	3.624971e-01
9	9_220237	220237	1	A	G	0.133	3.840883e-01	2.131755e-01	-7.005551e+00	1.000000e+05	1.000000e+05	9.315342e-02	6.775299e-02	1.046131e-01
9	9_220963	220963	0	C	T	0.188	1.130247e-01	1.917051e-01	-8.477667e+00	1.000000e+05	1.000000e+05	5.648693e-01	5.310380e-01	5.435553e-01
9	9_705343	705343	1	G	A	0.200	-1.060259e-01	2.120955e-01	-8.532331e+00	1.000000e+05	1.000000e+05	6.249126e-01	5.946911e-01	6.046152e-01
9	9_705571	705571	0	C	T	0.500	1.928478e-02	1.781623e-01	-8.667177e+00	1.000000e+05	1.000000e+05	9.153392e-01	9.078965e-01	9.095584e-01
9	9_706175	706175	1	G	A	0.400	2.339793e-01	1.591339e-01	-7.772093e+00	4.712366e+00	1.000000e+05	1.635873e-01	1.792836e-01	2.126070e-01
9	9_1115286	1115286	0	G	A	0.500	-2.390737e-01	1.595024e-01	-7.483250e+00	1.000000e+05	1.000000e+05	1.561146e-01	1.228001e-01	1.590693e-01
10	10_15220	15220	0	T	A	0.125	3.954198e-01	2.364231e-01	-7.216589e+00	1.000000e+05	1.000000e+05	1.166139e-01	8.778335e-02	1.248903e-01
10	10_15279	15279	1	A	G	0.267	8.884542e-02	1.850212e-01	-8.543181e+00	1.000000e+05	1.000000e+05	6.385083e-01	6.091760e-01	6.185640e-01
10	10_15288	15288	1	C	T	0.267	9.478449e-02	1.874337e-01	-8.529057e+00	1.000000e+05	1.000000e+05	6.209384e-01	5.904616e-01	6.005459e-01
10	10_15302	15302	2	T	C	0.357	2.354123e-02	1.611289e-01	-8.661681e+00	1.000000e+05	1.000000e+05	8.859238e-01	8.759306e-01	8.782055e-01
10	10_15428	15428	1	C	G	0.133	4.550842e-01	2.273798e-01	-8.026738e+00	1.000000e-05	1.000000e+05	6.511824e-02	2.552639e-01	2.836116e-01
10	10_15438	15438	0	G	A	0.125	4.598512e-01	2.252926e-01	-7.967092e+00	1.000000e-05	1.000000e+05	6.055754e-02	2.344671e-01	2.642122e-01
10	10_15441	15441	1	A	G	0.133	4.550842e-01	2.273798e-01	-8.026738e+00	1.000000e-05	1.000000e+05	6.511824e-02	2.552639e-01	2.836116e-01
10	10_15449	15449	1	C	T	0.067	9.947770e-01	2.525764e-01	-3.514584e+00	8.300495e-01	1.000000e+05	1.484887e-03	1.316983e-03	1.541161e-02
10	10_15455	15455	0	C	T	0.062	9.980277e-01	2.469511e-01	-3.386325e+00	6.250387e-01	1.000000e+05	1.213515e-03	1.146218e-03	1.469851e-02
10	10_15458	15458	0	G	A	0.062	9.980277e-01	2.469511e-01	-3.386325e+00	6.250387e-01	1.000000e+05	1.213515e-03	1.146218e-03	1.469851e-02
10	10_15461	15461	0	T	C	0.062	9.980277e-01	2.469511e-01	-3.386325e+00	6.250387e-01	1.000000e+05	1.213515e-03	1.146218e-03	1.469851e-02
10	10_15463	15463	0	A	T	0.062	9.980277e-01	2.469511e-01	-3.386325e+00	6.250387e-01	1.000000e+05	1.213515e-03	1.146218e-03	1.469851e-02
10	10_15473	15473	0	C	T	0.062	9.980277e-01	2.469511e-01	-3.386325e+00	6.250387e-01	1.000000e+05	1.213515e-03	1.146218e-03	1.469851e-02
10	10_17879	17879	0	T	C	0.250	-9.910823e-02	1.830687e-01	-8.508122e+00	1.000000e+05	1.000000e+05	5.967617e-01	5.647803e-01	5.758737e-01
10	10_17897	17897	0	A	G	0.250	-9.910823e-02	1.830687e-01	-8.508122e+00	1.000000e+05	1.000000e+05	5.967617e-01	5.647803e-01	5.758737e-01
10	10_18092	18092	0	A	G	0.438	-1.523276e-01	1.606805e-01	-8.176118e+00	1.000000e+05	1.000000e+05	3.591995e-01	3.184013e-01	3.425630e-01
10	10_18647	18647	2	C	T	0.143	-4.760917e-02	2.066718e-01	-8.643603e+00	1.000000e+05	1.000000e+05	8.211431e-01	8.056562e-01	8.094031e-01
10	10_18785	18785	0	G	A	0.125	3.750866e-01	2.066758e-01	-6.983591e+00	1.000000e+05	1.000000e+05	9.102517e-02	6.596973e-02	1.027683e-01
10	10_18869	18869	0	G	A	0.250	9.465729e-02	1.694214e-01	-8.497454e+00	1.000000e+05	1.000000e+05	5.851864e-01	5.525151e-01	5.641130e-01
10	10_18908	18908	0	G	A	0.438	2.457807e-01	1.491526e-01	-7.255683e+00	1.000000e+05	1.000000e+05	1.216358e-01	9.215207e-02	1.292261e-01
10	10_18915	18915	0	T	C	0.438	2.457807e-01	1.491526e-01	-7.255683e+00	1.000000e+05	1.000000e+05	1.216358e-01	9.215207e-02	1.292261e-01
10	10_18933	18933	0	A	G	0.438	2.674095e-01	1.559837e-01	-7.149394e+00	1.000000e+05	1.000000e+05	1.085079e-01	8.078928e-02	1.178913e-01
10	10_18941	18941	2	T	C	0.500	2.809098e-01	1.650306e-01	-7.169062e+00	1.000000e+05	1.000000e+05	1.108144e-01	8.277192e-02	1.198831e-01
10	10_18943	18943	1	G	A	0.533	2.651181e-01	1.573822e-01	-7.197361e+00	1.000000e+05	1.000000e+05	1.142282e-01	8.571739e-02	1.228307e-01
10	10_18988	18988	3	A	G	0.077	-8.599395e-02	3.192786e-01	-8.632523e+00	1.000000e+05	1.000000e+05	7.915983e-01	7.736815e-01	7.781725e-01
10	10_18992	18992	0	A	G	0.062	-5.940245e-02	3.183523e-01	-8.653999e+00	1.000000e+05	1.000000e+05	8.546563e-01	8.419867e-01	8.449480e-01
10	10_18997	18997	2	G	A	0.071	-6.618495e-02	3.194382e-01	-8.649376e+00	1.000000e+05	1.000000e+05	8.388435e-01	8.248372e-01	8.281621e-01
10	10_19002	19002	0	T	C	0.125	-9.262297e-02	2.503770e-01	-8.596048e+00	1.000000e+05	1.000000e+05	7.169678e-01	6.932011e-01	6.998364e-01
10	10_19004	19004	0	G	A	0.125	-9.262297e-02	2.503770e-01	-8.596048e+00	1.000000e+05	1.000000e+05	7.169678e-01	6.932011e-01	6.998364e-01
10	10_19015	19015	0	A	G	0.125	-9.262297e-02	2.503770e-01	-8.596048e+00	1.000000e+05	1.000000e+05	7.169678e-01	6.932011e-01	6.998364e-01
10	10_19031	19031	0	G	A	0.062	-5.940245e-02	3.183523e-01	-8.653999e+00	1.000000e+05	1.000000e+05	8.546563e-01	8.419867e-01	8.449480e-01
10	10_19067	19067	1	A	T	0.133	-1.312448e-01	2.381857e-01	-8.502226e+00	1.000000e+05	1.000000e+05	5.903066e-01	5.579379e-01	5.693109e-01
10	10_318276	318276	0	G	A	0.250	4.409043e-01	1.399966e-01	-4.389052e+00	1.000000e+05	1.000000e+05	7.100207e-03	3.418158e-03	2.198658e-02
10	10_387430	387430	1	G	A	0.133	4.328892e-01	2.551004e-01	-7.177485e+00	1.000000e+05	1.000000e+05	1.118187e-01	8.363708e-02	1.207503e-01
10	10_583208	583208	1	A	G	0.533	-2.165522e-03	1.573364e-01	-8.673761e+00	1.000000e+05	1.000000e+05	9.892128e-01	9.882604e-01	9.884681e-01
10	10_584652	584652	0	G	T	0.438	3.369441e-02	1.590969e-01	-8.648280e+00	1.000000e+05	1.000000e+05	8.353266e-01	8.210247e-01	8.244322e-01
10	10_724149	724149	0	G	A	0.188	-7.281635e-03	1.972180e-01	-8.673090e+00	1.000000e+05	1.000000e+05	9.710687e-01	9.685156e-01	9.690737e-01
10	10_724150	724150	0	A	G	0.188	-7.281635e-03	1.972180e-01	-8.673090e+00	1.000000e+05	1.000000e+05	9.710687e-01	9.685156e-01	9.690737e-01
11	11_9749	9749	0	A	G	0.125	4.598511e-01	2.252927e-01	-8.072512e+00	1.000000e-05	1.000000e+05	6.055767e-02	2.727798e-01	2.999512e-01
11	11_10019	10019	1	G	C	0.400	-8.387995e-02	1.428659e-01	-8.479276e+00	1.000000e+05	1.000000e+05	5.664693e-01	5.327269e-01	5.451702e-01
11	11_10896	10896	0	C	G	0.062	2.965901e-02	3.296044e-01	-8.669244e+00	1.000000e+05	1.000000e+05	9.295749e-01	9.233755e-01	9.247496e-01
11	11_10931	10931	0	T	A	0.125	-8.309372e-02	2.244816e-01	-8.595955e+00	1.000000e+05	1.000000e+05	7.168044e-01	6.930254e-01	6.996660e-01
11	11_10934	10934	0	G	T	0.188	-4.900619e-02	1.893655e-01	-8.635690e+00	1.000000e+05	1.000000e+05	7.995622e-01	7.822948e-01	7.865801e-01
11	11_104630	104630	0	A	G	0.188	2.154307e-01	1.922766e-01	-7.986890e+00	1.000000e+05	1.000000e+05	2.813872e-01	2.411327e-01	2.704306e-01
11	11_104688	104688	1	G	A	0.200	2.483083e-01	1.976667e-01	-7.819435e+00	1.000000e+05	1.000000e+05	2.296032e-01	1.911322e-01	2.237182e-01
11	11_384025	384025	0	T	C	0.188	2.638140e-01	1.734263e-01	-7.450132e+00	1.000000e+05	1.000000e+05	1.504739e-01	1.177141e-01	1.541727e-01
11	11_547884	547884	0	C	T	0.125	4.255222e-01	2.501784e-01	-7.171145e+00	1.000000e+05	1.000000e+05	1.110618e-01	8.298496e-02	1.200968e-01
11	11_804706	804706	1	A	G	0.267	1.249942e-01	1.515672e-01	-8.294388e+00	1.000000e+05	1.000000e+05	4.233830e-01	3.836534e-01	4.037676e-01
11	11_804710	804710	3	C	T	0.231	1.783367e-01	1.727406e-01	-8.086888e+00	1.000000e+05	1.000000e+05	3.193927e-01	2.785886e-01	3.053715e-01
11	11_804742	804742	1	G	A	0.400	1.415319e-02	1.565866e-01	-8.669202e+00	1.000000e+05	1.000000e+05	9.292611e-01	9.230343e-01	9.244147e-01
11	11_804763	804763	1	C	T	0.200	-8.196351e-02	2.081793e-01	-8.585778e+00	1.000000e+05	1.000000e+05	6.997219e-01	6.746740e-01	6.818670e-01
11	11_966513	966513	1	T	A	0.133	-1.565334e-01	2.466011e-01	-8.446878e+00	1.000000e+05	1.000000e+05	5.358190e-01	5.004493e-01	5.143571e-01
11	11_966516	966516	0	C	T	0.125	-1.476345e-01	2.487350e-01	-8.475051e+00	1.000000e+05	1.000000e+05	5.622865e-01	5.283125e-01	5.409498e-01
11	11_966519	966519	0	C	T	0.125	-1.476345e-01	2.487350e-01	-8.475051e+00	1.000000e+05	1.000000e+05	5.622865e-01	5.283125e-01	5.409498e-01
11	11_966569	966569	1	C	G	0.133	-1.565334e-01	2.466011e-01	-8.446878e+00	1.000000e+05	1.000000e+05	5.358190e-01	5.004493e-01	5.143571e-01
11	11_966644	966644	2	C	A	0.214	-1.446103e-01	1.897382e-01	-8.348637e+00	1.000000e+05	1.000000e+05	4.586149e-01	4.199469e-01	4.379812e-01
11	11_966669	966669	1	C	T	0.400	-2.094211e-01	1.575483e-01	-7.723023e+00	1.000000e+05	1.000000e+05	2.050215e-01	1.678890e-01	2.018945e-01
11	11_966684	966684	2	T	C	0.429	3.321585e-01	1.550786e-01	-6.406363e+00	1.000000e+05	1.000000e+05	5.027188e-02	3.320819e-02	6.682761e-02
11	11_966699	966699	1	T	C	0.333	-1.630206e-01	1.724453e-01	-8.178832e+00	1.000000e+05	1.000000e+05	3.605130e-01	3.197242e-01	3.438004e-01
11	11_966700	966700	1	G	A	0.333	-1.630206e-01	1.724453e-01	-8.178832e+00	1.000000e+05	1.000000e+05	3.605130e-01	3.197242e-01	3.438004e-01
11	11_966735	966735	0	A	C	0.250	-1.601507e-01	1.964780e-01	-8.302946e+00	1.000000e+05	1.000000e+05	4.286602e-01	3.890698e-01	4.088652e-01
11	11_966738	966738	1	T	A	0.267	-1.570448e-01	1.950209e-01	-8.311645e+00	1.000000e+05	1.000000e+05	4.341271e-01	3.946884e-01	4.141563e-01
11	11_966756	966756	0	A	G	0.188	-1.338561e-01	2.094479e-01	-8.443817e+00	1.000000e+05	1.000000e+05	5.330820e-01	4.975750e-01	5.116185e-01
11	11_966757	966757	0	T	C	0.188	-1.338561e-01	2.094479e-01	-8.443817e+00	1.000000e+05	1.000000e+05	5.330820e-01	4.975750e-01	5.116185e-01
11	11_966771	966771	0	T	C	0.250	-1.394938e-01	1.910698e-01	-8.374953e+00	1.000000e+05	1.000000e+05	4.773883e-01	4.394065e-01	4.563811e-01
11	11_1478119	1478119	0	A	G	0.312	9.076935e-02	1.711568e-01	-8.514749e+00	1.000000e+05	1.000000e+05	6.041946e-01	5.726668e-01	5.834436e-01
12	12_11092	11092	0	G	A	0.312	1.528411e-01	2.141774e-01	-8.388036e+00	1.000000e+05	1.000000e+05	4.871896e-01	4.495972e-01	4.660325e-01
12	12_11094	11094	0	A	G	0.500	5.032511e-02	1.985251e-01	-8.637234e+00	1.000000e+05	1.000000e+05	8.035705e-01	7.866316e-01	7.908148e-01
12	12_11122	11122	0	G	C	0.312	6.352541e-02	1.986626e-01	-8.615653e+00	1.000000e+05	1.000000e+05	7.538683e-01	7.329366e-01	7.384603e-01
12	12_11170	11170	0	C	T	0.375	2.200782e-02	1.910948e-01	-8.666294e+00	1.000000e+05	1.000000e+05	9.099482e-01	9.020361e-01	9.038084e-01
12	12_11223	11223	0	G	C	0.312	1.645709e-01	1.727030e-01	-8.171121e+00	1.000000e+05	1.000000e+05	3.567981e-01	3.159842e-01	3.403024e-01
12	12_11400	11400	0	A	C	0.438	3.520496e-02	1.859915e-01	-8.653422e+00	1.000000e+05	1.000000e+05	8.525880e-01	8.397429e-01	8.427510e-01
12	12_11406	11406	0	A	G	0.438	3.520496e-02	1.859915e-01	-8.653422e+00	1.000000e+05	1.000000e+05	8.525880e-01	8.397429e-01	8.427510e-01
12	12_11407	11407	0	C	A	0.438	3.520496e-02	1.859915e-01	-8.653422e+00	1.000000e+05	1.000000e+05	8.525880e-01	8.397429e-01	8.427510e-01
12	12_11410	11410	0	C	T	0.438	3.520496e-02	1.859915e-01	-8.653422e+00	1.000000e+05	1.000000e+05	8.525880e-01	8.397429e-01	8.427510e-01
12	12_11413	11413	1	T	G	0.467	4.640707e-02	2.018659e-01	-8.643726e+00	1.000000e+05	1.000000e+05	8.215017e-01	8.060446e-01	8.097828e-01
12	12_13936	13936	0	C	T	0.125	-1.031254e-01	2.363928e-01	-8.565853e+00	1.000000e+05	1.000000e+05	6.693103e-01	6.420794e-01	6.503194e-01
12	12_13979	13979	2	T	C	0.143	-1.237660e-01	2.386030e-01	-8.521579e+00	1.000000e+05	1.000000e+05	6.120636e-01	5.810248e-01	5.914726e-01
12	12_14009	14009	0	C	T	0.250	-1.394046e-01	1.827715e-01	-8.348161e+00	1.000000e+05	1.000000e+05	4.582863e-01	4.196069e-01	4.376601e-01
12	12_14035	14035	1	C	T	0.400	-1.937858e-01	1.700301e-01	-7.964055e+00	1.000000e+05	1.000000e+05	2.735301e-01	2.334645e-01	2.632768e-01
12	12_14096	14096	0	C	T	0.375	2.653110e-01	1.506490e-01	-7.657988e+00	1.127947e+00	1.000000e+05	1.000333e-01	1.540418e-01	1.888295e-01
12	12_14104	14104	1	C	T	0.400	2.274997e-01	1.505023e-01	-7.683390e+00	4.625998e+00	1.000000e+05	1.528753e-01	1.592894e-01	1.937876e-01
12	12_14114	14114	0	T	C	0.312	3.648569e-01	1.520490e-01	-7.042967e+00	2.967807e-01	1.000000e+05	3.089259e-02	7.091102e-02	1.078618e-01
12	12_14125	14125	1	A	G	0.267	4.778073e-01	1.516083e-01	-6.179897e+00	1.000000e-05	1.000000e+05	7.069261e-03	2.552450e-02	5.741634e-02
12	12_14197	14197	0	G	A	0.125	9.396829e-01	2.416733e-02	2.885606e+01	1.000000e+05	1.000000e+05	1.151372e-15	4.566556e-18	1.364400e-03
12	12_14202	14202	0	A	G	0.125	9.396829e-01	2.416733e-02	2.885606e+01	1.000000e+05	1.000000e+05	1.151372e-15	4.566556e-18	1.364400e-03
12	12_14301	14301	2	G	A	0.571	9.143190e-02	1.667485e-01	-8.503884e+00	1.000000e+05	1.000000e+05	5.921075e-01	5.598462e-01	5.711408e-01
12	12_14318	14318	0	A	G	0.312	1.119332e-01	1.646216e-01	-8.413954e+00	1.000000e+05	1.000000e+05	5.076292e-01	4.709139e-01	4.862566e-01
12	12_14741	14741	1	C	G	0.400	-1.537211e-02	1.802723e-01	-8.669715e+00	1.000000e+05	1.000000e+05	9.332529e-01	9.273755e-01	9.286760e-01
12	12_14783	14783	2	A	G	0.071	-1.156207e-01	2.787437e-01	-8.576153e+00	1.000000e+05	1.000000e+05	6.845801e-01	6.584327e-01	6.661365e-01
12	12_15014	15014	1	A	G	0.400	2.490563e-01	1.388880e-01	-7.019790e+00	1.000000e+05	1.000000e+05	9.456212e-02	6.893666e-02	1.058334e-01
12	12_19728	19728	0	A	G	0.125	-9.262297e-02	2.503770e-01	-8.596048e+00	1.000000e+05	1.000000e+05	7.169678e-01	6.932011e-01	6.998364e-01
12	12_19741	19741	0	C	T	0.188	2.674712e-01	1.894401e-01	-7.608883e+00	1.000000e+05	1.000000e+05	1.798177e-01	1.444433e-01	1.797345e-01
12	12_356356	356356	0	A	G	0.125	-4.335543e-02	2.446100e-01	-8.655938e+00	1.000000e+05	1.000000e+05	8.618562e-01	8.497992e-01	8.525988e-01
12	12_356358	356358	0	A	G	0.125	-4.335543e-02	2.446100e-01	-8.655938e+00	1.000000e+05	1.000000e+05	8.618562e-01	8.497992e-01	8.525988e-01
12	12_356374	356374	0	G	A	0.125	-4.335543e-02	2.446100e-01	-8.655938e+00	1.000000e+05	1.000000e+05	8.618562e-01	8.497992e-01	8.525988e-01
12	12_502808	502808	2	A	G	0.357	1.697734e-01	1.695029e-01	-8.120223e+00	1.000000e+05	1.000000e+05	3.335369e-01	2.926711e-01	3.185173e-01
12	12_502864	502864	2	T	C	0.500	-2.912639e-01	1.497424e-01	-6.760197e+00	1.000000e+05	1.000000e+05	7.212853e-02	5.042278e-02	8.629589e-02
12	12_502865	502865	2	G	T	0.500	-2.912639e-01	1.497424e-01	-6.760197e+00	1.000000e+05	1.000000e+05	7.212853e-02	5.042278e-02	8.629589e-02
12	12_502882	502882	2	G	A	0.429	-2.153655e-01	1.644336e-01	-7.749188e+00	1.000000e+05	1.000000e+05	2.113693e-01	1.738574e-01	2.075094e-01
12	12_502888	502888	0	G	A	0.500	-2.069291e-01	1.474638e-01	-7.621072e+00	1.000000e+05	1.000000e+05	1.823300e-01	1.467613e-01	1.819343e-01
12	12_502890	502890	3	G	A	0.462	-2.199665e-01	1.547778e-01	-7.595754e+00	1.000000e+05	1.000000e+05	1.771564e-01	1.419925e-01	1.774064e-01
12	12_502909	502909	0	C	T	0.375	5.266104e-02	1.649614e-01	-8.615846e+00	1.000000e+05	1.000000e+05	7.542637e-01	7.333631e-01	7.388754e-01
12	12_502926	502926	2	G	C	0.429	-1.862308e-01	1.787018e-01	-8.076170e+00	1.000000e+05	1.000000e+05	3.150134e-01	2.742434e-01	3.013169e-01
12	12_502937	502937	2	C	T	0.357	2.272941e-01	1.683675e-01	-7.694881e+00	1.000000e+05	1.000000e+05	1.984431e-01	1.617298e-01	1.960903e-01
12	12_502942	502942	0	T	C	0.375	1.079521e-01	1.664742e-01	-8.437121e+00	1.000000e+05	1.000000e+05	5.271807e-01	4.913826e-01	5.057212e-01
12	12_502956	502956	1	A	G	0.333	2.202888e-01	1.652269e-01	-7.717620e+00	1.000000e+05	1.000000e+05	2.037390e-01	1.666860e-01	2.007618e-01
12	12_503049	503049	1	C	G	0.200	2.150882e-01	1.795322e-01	-7.893061e+00	1.000000e+05	1.000000e+05	2.507877e-01	2.114287e-01	2.427043e-01
12	12_503112	503112	2	G	A	0.286	1.565190e-01	1.771209e-01	-8.239642e+00	1.000000e+05	1.000000e+05	3.917891e-01	3.513834e-01	3.734536e-01
12	12_503171	503171	3	G	A	0.308	1.981402e-01	1.667407e-01	-7.905111e+00	1.000000e+05	1.000000e+05	2.544781e-01	2.149877e-01	2.460291e-01
12	12_503254	503254	0	C	G	0.312	-1.448626e-01	1.597851e-01	-8.217460e+00	1.000000e+05	1.000000e+05	3.799533e-01	3.393676e-01	3.621898e-01
12	12_503293	503293	1	A	C	0.400	1.857551e-02	1.769554e-01	-8.667575e+00	1.000000e+05	1.000000e+05	9.178865e-01	9.106660e-01	9.122760e-01
12	12_503311	503311	1	A	C	0.400	-2.191968e-01	1.526465e-01	-7.574664e+00	1.000000e+05	1.000000e+05	1.729759e-01	1.381531e-01	1.737536e-01
12	12_503313	503313	2	T	A	0.571	2.425249e-01	1.536939e-01	-7.364294e+00	1.000000e+05	1.000000e+05	1.368938e-01	1.055810e-01	1.424103e-01
12	12_503321	503321	2	C	T	0.500	1.595718e-01	1.672925e-01	-8.170163e+00	1.000000e+05	1.000000e+05	3.563402e-01	3.155236e-01	3.398716e-01
12	12_503327	503327	1	A	C	0.400	-1.619798e-01	1.691214e-01	-8.166140e+00	1.000000e+05	1.000000e+05	3.544263e-01	3.135987e-01	3.380717e-01
12	12_503356	503356	0	A	C	0.312	-1.592785e-01	1.981242e-01	-8.312822e+00	1.000000e+05	1.000000e+05	4.348749e-01	3.954576e-01	4.148809e-01
12	12_503357	503357	0	T	G	0.312	-1.592785e-01	1.981242e-01	-8.312822e+00	1.000000e+05	1.000000e+05	4.348749e-01	3.954576e-01	4.148809e-01
12	12_503364	503364	0	T	C	0.312	-1.592785e-01	1.981242e-01	-8.312822e+00	1.000000e+05	1.000000e+05	4.348749e-01	3.954576e-01	4.148809e-01
12	12_503366	503366	0	C	T	0.312	-1.592785e-01	1.981242e-01	-8.312822e+00	1.000000e+05	1.000000e+05	4.348749e-01	3.954576e-01	4.148809e-01
12	12_503401	503401	0	A	G	0.375	-1.398089e-01	1.612714e-01	-8.255545e+00	1.000000e+05	1.000000e+05	4.006022e-01	3.603572e-01	3.818739e-01
12	12_503416	503416	0	G	A	0.188	-1.635407e-01	2.357950e-01	-8.403605e+00	1.000000e+05	1.000000e+05	4.992973e-01	4.622141e-01	4.779970e-01
12	12_503422	503422	0	T	G	0.125	-1.486057e-01	2.721071e-01	-8.505227e+00	1.000000e+05	1.000000e+05	5.935739e-01	5.614004e-01	5.726314e-01
12	12_503453	503453	0	T	C	0.062	-8.028353e-02	3.112387e-01	-8.635938e+00	1.000000e+05	1.000000e+05	8.001998e-01	7.829846e-01	7.872536e-01
12	12_537923	537923	0	G	A	0.375	-1.683276e-01	1.466693e-01	-7.954548e+00	1.000000e+05	1.000000e+05	2.703402e-01	2.303592e-01	2.603792e-01
13	13_11108	11108	0	C	T	0.125	-1.301315e-01	2.219352e-01	-8.479783e+00	1.000000e+05	1.000000e+05	5.669754e-01	5.332612e-01	5.456812e-01
13	13_11118	11118	0	T	C	0.250	4.572500e-02	1.788949e-01	-8.636625e+00	1.000000e+05	1.000000e+05	8.019790e-01	7.849096e-01	7.891332e-01
13	13_11130	11130	0	A	G	0.250	1.389328e-01	1.714887e-01	-8.307336e+00	1.000000e+05	1.000000e+05	4.314059e-01	3.918909e-01	4.115214e-01
13	13_52884	52884	0	A	G	0.125	-1.464044e-01	1.970358e-01	-8.364445e+00	1.000000e+05	1.000000e+05	4.697465e-01	4.314757e-01	4.488774e-01
13	13_128625	128625	4	A	G	0.333	-2.133692e-01	1.616459e-01	-7.735494e+00	1.000000e+05	1.000000e+05	2.080187e-01	1.707040e-01	2.045439e-01
13	13_128715	128715	3	G	A	0.308	-2.135297e-01	1.648116e-01	-7.767966e+00	1.000000e+05	1.000000e+05	2.160690e-01	1.782917e-01	2.116756e-01
13	13_128729	128729	3	G	A	0.308	-2.135297e-01	1.648116e-01	-7.767966e+00	1.000000e+05	1.000000e+05	2.160690e-01	1.782917e-01	2.116756e-01
13	13_162462	162462	0	A	G	0.188	-1.810719e-01	1.929000e-01	-8.185579e+00	1.000000e+05	1.000000e+05	3.638070e-01	3.230443e-01	3.469065e-01
13	13_219021	219021	1	C	T	0.133	3.769778e-01	2.308615e-01	-7.279161e+00	1.000000e+05	1.000000e+05	1.247664e-01	9.488873e-02	1.319295e-01
13	13_219311	219311	0	A	T	0.125	3.773731e-01	2.307680e-01	-7.275437e+00	1.000000e+05	1.000000e+05	1.242640e-01	9.444884e-02	1.314956e-01
13	13_219312	219312	0	A	G	0.125	3.773731e-01	2.307680e-01	-7.275437e+00	1.000000e+05	1.000000e+05	1.242640e-01	9.444884e-02	1.314956e-01
13	13_655915	655915	0	A	G	0.438	7.743678e-03	1.568402e-01	-8.672477e+00	1.000000e+05	1.000000e+05	9.613195e-01	9.579074e-01	9.586550e-01
13	13_742766	742766	2	G	A	0.214	3.168437e-01	1.997896e-01	-7.352157e+00	1.000000e+05	1.000000e+05	1.350872e-01	1.039792e-01	1.408478e-01
13	13_742771	742771	0	C	A	0.250	2.482732e-01	1.736527e-01	-7.583611e+00	1.000000e+05	1.000000e+05	1.747354e-01	1.397675e-01	1.752903e-01
14	14_155590	155590	0	T	C	0.125	3.221720e-01	2.213217e-01	-7.641766e+00	1.194268e+01	1.000000e+05	1.675397e-01	1.507934e-01	1.857555e-01
14	14_342562	342562	0	G	T	0.375	3.181597e-02	1.638892e-01	-8.652363e+00	1.000000e+05	1.000000e+05	8.488619e-01	8.357011e-01	8.387943e-01
14	14_383626	383626	0	G	A	0.125	4.255222e-01	2.501784e-01	-7.171145e+00	1.000000e+05	1.000000e+05	1.110618e-01	8.298496e-02	1.200968e-01
14	14_852745	852745	0	G	T	0.125	4.255222e-01	2.501784e-01	-7.171145e+00	1.000000e+05	1.000000e+05	1.110618e-01	8.298496e-02	1.200968e-01
14	14_908850	908850	0	G	A	0.375	-2.036210e-01	1.562764e-01	-7.758220e+00	1.000000e+05	1.000000e+05	2.136146e-01	1.759743e-01	2.094989e-01
14	14_908994	908994	1	C	T	0.133	-1.252820e-01	2.373421e-01	-8.516216e+00	1.000000e+05	1.000000e+05	6.058662e-01	5.744416e-01	5.851480e-01
14	14_909011	909011	1	T	C	0.133	-1.252820e-01	2.373421e-01	-8.516216e+00	1.000000e+05	1.000000e+05	6.058662e-01	5.744416e-01	5.851480e-01
14	14_909450	909450	0	G	T	0.250	-1.176163e-01	1.603807e-01	-8.372304e+00	1.000000e+05	1.000000e+05	4.754427e-01	4.373860e-01	4.544688e-01
14	14_909472	909472	0	G	T	0.312	1.449098e-01	1.717078e-01	-8.276899e+00	1.000000e+05	1.000000e+05	4.128957e-01	3.729114e-01	3.936660e-01
14	14_909504	909504	1	T	G	0.333	1.483070e-01	1.718544e-01	-8.259239e+00	1.000000e+05	1.000000e+05	4.026901e-01	3.624865e-01	3.838729e-01
14	14_909638	909638	0	C	T	0.250	-2.295122e-01	1.923688e-01	-7.899216e+00	1.000000e+05	1.000000e+05	2.526643e-01	2.132377e-01	2.443944e-01
14	14_909661	909661	0	G	A	0.250	1.398297e-01	1.836841e-01	-8.349395e+00	1.000000e+05	1.000000e+05	4.591388e-01	4.204888e-01	4.384931e-01
14	14_909704	909704	0	G	A	0.375	1.275970e-02	1.716818e-01	-8.670714e+00	1.000000e+05	1.000000e+05	9.418058e-01	9.366783e-01	9.378088e-01
14	14_910040	910040	1	A	G	0.400	7.492721e-02	1.747325e-01	-8.569480e+00	1.000000e+05	1.000000e+05	6.745856e-01	6.477260e-01	6.557783e-01
14	14_910103	910103	0	A	G	0.438	6.122815e-02	1.711271e-01	-8.601050e+00	1.000000e+05	1.000000e+05	7.258347e-01	7.027379e-01	7.090963e-01
14	14_910152	910152	1	A	G	0.333	1.152563e-01	2.110102e-01	-8.505176e+00	1.000000e+05	1.000000e+05	5.935186e-01	5.613418e-01	5.725752e-01
14	14_910181	910181	1	G	A	0.400	8.005324e-02	1.903397e-01	-8.573424e+00	1.000000e+05	1.000000e+05	6.804455e-01	6.540021e-01	6.618490e-01
14	14_910258	910258	1	T	G	0.467	5.070687e-02	1.970792e-01	-8.636131e+00	1.000000e+05	1.000000e+05	8.006966e-01	7.835220e-01	7.877783e-01
14	14_910323	910323	0	T	C	0.375	-1.647719e-01	1.556424e-01	-8.057782e+00	1.000000e+05	1.000000e+05	3.076809e-01	2.669845e-01	2.945445e-01
14	14_910328	910328	0	G	A	0.438	-1.527968e-01	1.536964e-01	-8.128154e+00	1.000000e+05	1.000000e+05	3.370242e-01	2.961542e-01	3.217702e-01
14	14_910510	910510	1	A	G	0.400	9.393208e-02	1.593387e-01	-8.477709e+00	1.000000e+05	1.000000e+05	5.649106e-01	5.310816e-01	5.435970e-01
14	14_910555	910555	1	C	T	0.333	1.531063e-01	1.771599e-01	-8.258072e+00	1.000000e+05	1.000000e+05	4.020284e-01	3.618115e-01	3.832392e-01
14	14_910742	910742	0	A	G	0.312	1.045052e-01	1.671052e-01	-8.453444e+00	1.000000e+05	1.000000e+05	5.417786e-01	5.067124e-01	5.203276e-01
14	14_910822	910822	0	G	A	0.188	2.635675e-01	2.039803e-01	-7.772558e+00	1.000000e+05	1.000000e+05	2.172370e-01	1.793957e-01	2.127123e-01
14	14_910834	910834	1	T	A	0.067	-1.255937e-01	3.386289e-01	-8.595648e+00	1.000000e+05	1.000000e+05	7.162722e-01	6.924532e-01	6.991106e-01
14	14_910926	910926	2	G	A	0.357	-7.797168e-02	1.681875e-01	-8.551988e+00	1.000000e+05	1.000000e+05	6.500600e-01	6.215021e-01	6.304489e-01
14	14_910939	910939	2	A	C	0.429	-2.149890e-01	1.407291e-01	-7.440432e+00	1.000000e+05	1.000000e+05	1.488657e-01	1.162690e-01	1.527779e-01
14	14_910964	910964	1	A	G	0.467	-1.489471e-01	1.607642e-01	-8.197810e+00	1.000000e+05	1.000000e+05	3.698862e-01	3.291805e-01	3.526494e-01
14	14_910966	910966	0	T	C	0.500	1.411019e-01	1.589920e-01	-8.236007e+00	1.000000e+05	1.000000e+05	3.898137e-01	3.493751e-01	3.715701e-01
14	14_910979	910979	1	A	G	0.400	-1.412719e-01	1.617670e-01	-8.249519e+00	1.000000e+05	1.000000e+05	3.972295e-01	3.569204e-01	3.786482e-01
14	14_911099	911099	2	A	G	0.429	-1.540268e-01	1.619381e-01	-8.172927e+00	1.000000e+05	1.000000e+05	3.576632e-01	3.168548e-01	3.411166e-01
14	14_911129	911129	0	T	C	0.438	2.026168e-02	1.651882e-01	-8.665277e+00	1.000000e+05	1.000000e+05	9.041212e-01	8.957026e-01	8.975951e-01
14	14_911206	911206	0	G	A	0.250	-1.411330e-01	1.671129e-01	-8.276345e+00	1.000000e+05	1.000000e+05	4.125695e-01	3.725777e-01	3.933523e-01
14	14_911262	911262	0	A	C	0.125	-6.821895e-02	2.560909e-01	-8.633422e+00	1.000000e+05	1.000000e+05	7.938254e-01	7.760897e-01	7.805228e-01
14	14_911292	911292	1	A	G	0.200	-9.980535e-02	2.151868e-01	-8.551880e+00	1.000000e+05	1.000000e+05	6.499146e-01	6.213468e-01	6.302991e-01
14	14_911297	911297	2	A	C	0.214	-1.162685e-01	2.170702e-01	-8.511586e+00	1.000000e+05	1.000000e+05	6.006233e-01	5.688765e-01	5.798047e-01
14	14_911308	911308	0	C	T	0.125	2.831259e-02	2.312646e-01	-8.665309e+00	1.000000e+05	1.000000e+05	9.043024e-01	8.958996e-01	8.977883e-01
14	14_911314	911314	0	A	G	0.125	2.831259e-02	2.312646e-01	-8.665309e+00	1.000000e+05	1.000000e+05	9.043024e-01	8.958996e-01	8.977883e-01
14	14_911321	911321	0	G	A	0.188	-3.468305e-02	2.108006e-01	-8.658416e+00	1.000000e+05	1.000000e+05	8.716657e-01	8.604470e-01	8.630300e-01
14	14_911352	911352	1	G	A	0.400	2.223217e-02	1.460557e-01	-8.660640e+00	1.000000e+05	1.000000e+05	8.811876e-01	8.707865e-01	8.731629e-01
14	14_911375	911375	1	G	A	0.267	-1.430636e-01	1.822731e-01	-8.329368e+00	1.000000e+05	1.000000e+05	4.455997e-01	4.065040e-01	4.252932e-01
14	14_911385	911385	0	G	A	0.312	-1.245650e-01	1.747343e-01	-8.388615e+00	1.000000e+05	1.000000e+05	4.876315e-01	4.500570e-01	4.664683e-01
14	14_911414	911414	1	G	A	0.200	-5.799453e-02	2.133525e-01	-8.631758e+00	1.000000e+05	1.000000e+05	7.897242e-01	7.716551e-01	7.761952e-01
14	14_924025	924025	0	C	T	0.375	3.453030e-01	1.652492e-01	-6.502151e+00	1.000000e+05	1.000000e+05	5.538894e-02	3.715186e-02	7.144926e-02
14	14_924047	924047	0	A	C	0.312	7.221378e-02	2.082094e-01	-8.605424e+00	1.000000e+05	1.000000e+05	7.338752e-01	7.113924e-01	7.175050e-01
14	14_924049	924049	0	A	T	0.312	7.221378e-02	2.082094e-01	-8.605424e+00	1.000000e+05	1.000000e+05	7.338752e-01	7.113924e-01	7.175050e-01
14	14_924050	924050	0	G	C	0.312	7.221378e-02	2.082094e-01	-8.605424e+00	1.000000e+05	1.000000e+05	7.338752e-01	7.113924e-01	7.175050e-01
14	14_924059	924059	0	T	C	0.250	1.066976e-01	1.934000e-01	-8.501809e+00	1.000000e+05	1.000000e+05	5.898562e-01	5.574608e-01	5.688535e-01
14	14_924128	924128	0	G	A	0.125	3.757335e-01	2.278856e-01	-7.254211e+00	1.000000e+05	1.000000e+05	1.214424e-01	9.198333e-02	1.290591e-01
14	14_924776	924776	0	A	G	0.125	3.757335e-01	2.278856e-01	-7.254211e+00	1.000000e+05	1.000000e+05	1.214424e-01	9.198333e-02	1.290591e-01
14	14_924866	924866	0	G	A	0.438	-1.113033e-01	1.558213e-01	-8.387499e+00	1.000000e+05	1.000000e+05	4.867812e-01	4.491721e-01	4.656297e-01
