chr	rs	ps	n_miss	allele1	allele0	af	beta	se	logl_H1	l_remle	l_mle	p_wald	p_lrt	p_score
1	1_44747	44747	0	C	G	0.188	5.943080e+00	5.319260e+00	-6.094000e+01	1.000000e+05	1.000000e+05	2.826840e-01	2.424009e-01	2.716137e-01
1	1_44753	44753	1	G	A	0.200	5.207353e+00	5.437071e+00	-6.111558e+01	1.000000e+05	1.000000e+05	3.544373e-01	3.136098e-01	3.380821e-01
1	1_44785	44785	1	G	A	0.133	-1.536245e+00	6.922324e+00	-6.159520e+01	1.000000e+05	1.000000e+05	8.275760e-01	8.126251e-01	8.162167e-01
1	1_47564	47564	0	G	A	0.438	1.081210e+00	4.492064e+00	-6.159025e+01	1.000000e+05	1.000000e+05	8.132817e-01	7.971429e-01	8.010827e-01
1	1_47575	47575	0	G	A	0.500	-5.060976e-01	4.486604e+00	-6.161602e+01	1.000000e+05	1.000000e+05	9.117891e-01	9.040372e-01	9.057717e-01
1	1_47671	47671	1	G	A	0.467	-4.421943e+00	4.473656e+00	-6.108362e+01	1.000000e+05	1.000000e+05	3.397134e-01	2.988432e-01	3.242819e-01
1	1_47684	47684	2	C	G	0.500	-3.231107e+00	4.728101e+00	-6.136078e+01	1.000000e+05	1.000000e+05	5.055179e-01	4.687080e-01	4.841616e-01
1	1_47686	47686	2	A	G	0.500	-3.231107e+00	4.728101e+00	-6.136078e+01	1.000000e+05	1.000000e+05	5.055179e-01	4.687080e-01	4.841616e-01
1	1_309593	309593	0	A	G	0.438	-1.869236e+00	4.305096e+00	-6.151628e+01	1.000000e+05	1.000000e+05	6.707663e-01	6.436376e-01	6.518255e-01
1	1_477160	477160	0	A	C	0.062	-7.364091e+00	8.805632e+00	-6.123330e+01	1.000000e+05	1.000000e+05	4.170360e-01	3.771488e-01	3.976494e-01
1	1_678413	678413	0	C	T	0.125	-7.976804e+00	6.397855e+00	-6.078095e+01	1.000000e+05	1.000000e+05	2.329303e-01	1.943042e-01	2.266889e-01
1	1_971811	971811	1	G	T	0.067	-8.735179e+00	7.429625e+00	-6.087000e+01	1.000000e+05	1.000000e+05	2.593130e-01	2.196605e-01	2.503930e-01
1	1_975012	975012	0	C	T	0.125	-6.799779e+00	6.397455e+00	-6.100245e+01	1.000000e+05	1.000000e+05	3.058236e-01	2.651492e-01	2.928324e-01
1	1_975152	975152	1	T	C	0.333	-6.502857e-01	4.346408e+00	-6.161051e+01	1.000000e+05	1.000000e+05	8.832027e-01	8.729750e-01	8.753082e-01
1	1_975212	975212	0	C	T	0.375	-6.447419e+00	4.534551e+00	-6.054423e+01	1.000000e+05	1.000000e+05	1.769663e-01	1.418177e-01	1.772402e-01
1	1_975397	975397	2	T	C	0.357	2.015897e+00	4.593841e+00	-6.151400e+01	1.000000e+05	1.000000e+05	6.674840e-01	6.401253e-01	6.484308e-01
1	1_975445	975445	2	T	C	0.214	2.339793e+00	5.711574e+00	-6.152796e+01	1.000000e+05	1.000000e+05	6.882560e-01	6.623732e-01	6.699512e-01
1	1_975457	975457	1	A	G	0.333	-1.838796e+00	4.440365e+00	-6.152589e+01	1.000000e+05	1.000000e+05	6.850686e-01	6.589563e-01	6.666433e-01
1	1_975510	975510	1	T	C	0.133	8.322811e+00	5.909378e+00	-6.056324e+01	1.000000e+05	1.000000e+05	1.808298e-01	1.453766e-01	1.806205e-01
1	1_1231132	1231132	0	A	G	0.125	4.295369e+00	6.681272e+00	-6.139053e+01	1.000000e+05	1.000000e+05	5.306802e-01	4.950540e-01	5.092171e-01
1	1_1231136	1231136	0	G	C	0.125	4.295369e+00	6.681272e+00	-6.139053e+01	1.000000e+05	1.000000e+05	5.306802e-01	4.950540e-01	5.092171e-01
1	1_1231137	1231137	0	G	A	0.125	4.295369e+00	6.681272e+00	-6.139053e+01	1.000000e+05	1.000000e+05	5.306802e-01	4.950540e-01	5.092171e-01
1	1_1581524	1581524	1	A	G	0.133	2.891396e+00	6.495778e+00	-6.151087e+01	1.000000e+05	1.000000e+05	6.630384e-01	6.353703e-01	6.438367e-01
2	2_270700	270700	2	T	C	0.357	5.605387e-01	4.876681e+00	-6.161574e+01	1.000000e+05	1.000000e+05	9.101229e-01	9.022260e-01	9.039946e-01
2	2_270855	270855	0	G	A	0.438	6.074727e+00	5.141358e+00	-6.086287e+01	1.000000e+05	1.000000e+05	2.570699e-01	2.174913e-01	2.483673e-01
2	2_270969	270969	1	T	G	0.467	3.923301e+00	5.301036e+00	-6.131626e+01	1.000000e+05	1.000000e+05	4.714688e-01	4.332620e-01	4.505669e-01
2	2_270970	270970	1	T	A	0.467	3.923301e+00	5.301036e+00	-6.131626e+01	1.000000e+05	1.000000e+05	4.714688e-01	4.332620e-01	4.505669e-01
2	2_270971	270971	1	C	A	0.467	3.923301e+00	5.301036e+00	-6.131626e+01	1.000000e+05	1.000000e+05	4.714688e-01	4.332620e-01	4.505669e-01
2	2_270994	270994	0	A	G	0.500	3.103998e+00	5.293039e+00	-6.142915e+01	1.000000e+05	1.000000e+05	5.669223e-01	5.332052e-01	5.456276e-01
2	2_294465	294465	1	G	A	0.133	-5.788896e+00	6.369424e+00	-6.116468e+01	1.000000e+05	1.000000e+05	3.788059e-01	3.382049e-01	3.611005e-01
2	2_697983	697983	0	G	A	0.125	-8.426385e+00	7.175746e+00	-6.087175e+01	1.000000e+05	1.000000e+05	2.598688e-01	2.201984e-01	2.508952e-01
2	2_983795	983795	0	C	G	0.125	-8.426385e+00	7.175746e+00	-6.087175e+01	1.000000e+05	1.000000e+05	2.598688e-01	2.201984e-01	2.508952e-01
2	2_1225303	1225303	0	G	A	0.125	-8.426385e+00	7.175746e+00	-6.087175e+01	1.000000e+05	1.000000e+05	2.598688e-01	2.201984e-01	2.508952e-01
3	3_10892	10892	0	C	G	0.062	1.972619e+01	7.710887e+00	-5.951526e+01	1.000000e-05	1.000000e+05	2.275143e-02	4.004319e-02	7.476748e-02
3	3_207299	207299	1	A	G	0.133	5.074897e-01	6.363895e+00	-6.161966e+01	1.000000e+05	1.000000e+05	9.375687e-01	9.320694e-01	9.332840e-01
3	3_750294	750294	0	T	G	0.312	6.199252e+00	4.616674e+00	-6.065410e+01	1.000000e+05	1.000000e+05	2.007049e-01	1.638443e-01	1.980842e-01
3	3_860957	860957	0	A	T	0.500	5.136854e+00	4.134813e+00	-6.078665e+01	1.000000e+05	1.000000e+05	2.345183e-01	1.958204e-01	2.281083e-01
3	3_862065	862065	0	G	A	0.250	8.068801e+00	4.238348e+00	-5.978152e+01	1.000000e+05	1.000000e+05	7.770233e-02	5.495186e-02	9.117668e-02
3	3_862068	862068	0	G	A	0.250	8.068801e+00	4.238348e+00	-5.978152e+01	1.000000e+05	1.000000e+05	7.770233e-02	5.495186e-02	9.117668e-02
3	3_862069	862069	1	A	G	0.267	7.587404e+00	4.323111e+00	-6.003234e+01	1.000000e+05	1.000000e+05	1.010936e-01	7.445814e-02	1.114850e-01
3	3_1071924	1071924	0	G	A	0.312	-8.543583e+00	4.730800e+00	-5.994826e+01	3.440977e+03	1.000000e+05	9.246638e-02	6.720277e-02	1.040447e-01
3	3_1071929	1071929	0	C	T	0.312	-8.543583e+00	4.730800e+00	-5.994826e+01	3.440977e+03	1.000000e+05	9.246638e-02	6.720277e-02	1.040447e-01
3	3_1234218	1234218	0	G	A	0.312	8.966858e-01	4.709753e+00	-6.160260e+01	1.000000e+05	1.000000e+05	8.517373e-01	8.388201e-01	8.418476e-01
4	4_667433	667433	0	G	T	0.188	6.179595e+00	5.476929e+00	-6.092703e+01	1.000000e+05	1.000000e+05	2.781600e-01	2.379798e-01	2.674894e-01
4	4_667446	667446	0	G	A	0.188	6.179595e+00	5.476929e+00	-6.092703e+01	1.000000e+05	1.000000e+05	2.781600e-01	2.379798e-01	2.674894e-01
4	4_667490	667490	1	G	A	0.267	2.629105e+00	4.924566e+00	-6.146206e+01	1.000000e+05	1.000000e+05	6.018023e-01	5.701276e-01	5.810057e-01
4	4_995956	995956	2	A	G	0.214	-3.772915e-02	5.151587e+00	-6.162326e+01	1.000000e+05	1.000000e+05	9.942599e-01	9.937531e-01	9.938635e-01
4	4_1076446	1076446	0	G	A	0.375	-1.013201e+01	4.048952e+00	-5.866581e+01	1.000000e+05	1.000000e+05	2.534989e-02	1.501285e-02	4.313921e-02
4	4_1076465	1076465	0	G	A	0.438	-9.777598e+00	3.585819e+00	-5.845895e+01	3.698389e+00	1.000000e+05	1.637562e-02	1.188005e-02	3.833567e-02
5	5_7093	7093	0	G	A	0.312	7.726733e-01	4.627816e+00	-6.160738e+01	1.000000e+05	1.000000e+05	8.697869e-01	8.584073e-01	8.610314e-01
5	5_276722	276722	0	G	A	0.125	-8.426385e+00	7.175746e+00	-6.087175e+01	1.000000e+05	1.000000e+05	2.598688e-01	2.201984e-01	2.508952e-01
5	5_475470	475470	0	T	C	0.312	2.331116e+00	4.453865e+00	-6.146827e+01	1.000000e+05	1.000000e+05	6.088871e-01	5.776499e-01	5.882297e-01
5	5_476407	476407	0	A	T	0.375	-2.072321e+00	4.370796e+00	-6.149585e+01	1.000000e+05	1.000000e+05	6.427176e-01	6.136655e-01	6.228913e-01
5	5_500266	500266	1	G	A	0.400	-9.736694e-01	4.918283e+00	-6.160093e+01	1.000000e+05	1.000000e+05	8.459148e-01	8.325047e-01	8.356655e-01
5	5_676974	676974	0	A	C	0.438	1.851530e+00	4.885096e+00	-6.154162e+01	1.000000e+05	1.000000e+05	7.103623e-01	6.861013e-01	6.929473e-01
5	5_835130	835130	1	A	G	0.400	2.276138e+00	4.412595e+00	-6.147267e+01	1.000000e+05	1.000000e+05	6.140244e-01	5.831088e-01	5.934756e-01
5	5_835251	835251	1	G	C	0.333	-6.969473e+00	4.511678e+00	-6.036419e+01	1.000000e+05	1.000000e+05	1.447032e-01	1.125386e-01	1.491702e-01
5	5_835261	835261	0	A	G	0.312	-6.157946e+00	4.573961e+00	-6.064932e+01	1.000000e+05	1.000000e+05	1.995988e-01	1.628098e-01	1.971089e-01
5	5_836479	836479	0	G	A	0.312	-2.561509e+00	4.372896e+00	-6.142958e+01	1.000000e+05	1.000000e+05	5.673541e-01	5.336610e-01	5.460635e-01
5	5_836568	836568	0	A	G	0.438	5.296220e+00	3.990930e+00	-6.067539e+01	1.000000e+05	1.000000e+05	2.057249e-01	1.685491e-01	2.025160e-01
5	5_836697	836697	0	A	G	0.500	-7.807886e+00	3.592258e+00	-5.929720e+01	1.000000e+05	1.000000e+05	4.739039e-02	3.101402e-02	6.420096e-02
5	5_836899	836899	1	G	A	0.067	5.687450e+00	8.407828e+00	-6.136600e+01	1.000000e+05	1.000000e+05	5.097790e-01	4.731608e-01	4.883912e-01
5	5_1210544	1210544	0	G	A	0.125	-8.426385e+00	7.175746e+00	-6.087175e+01	1.000000e+05	1.000000e+05	2.598688e-01	2.201984e-01	2.508952e-01
5	5_1245074	1245074	0	A	G	0.250	-1.524093e+00	5.787652e+00	-6.158376e+01	1.000000e+05	1.000000e+05	7.961283e-01	7.785803e-01	7.829538e-01
5	5_1770892	1770892	0	G	A	0.438	-8.042223e+00	3.893467e+00	-5.949517e+01	1.000000e+05	1.000000e+05	5.789784e-02	3.910621e-02	7.369809e-02
5	5_1773044	1773044	0	G	A	0.125	-8.047447e+00	6.211629e+00	-6.071746e+01	1.000000e+05	1.000000e+05	2.160870e-01	1.783087e-01	2.116916e-01
5	5_1773047	1773047	0	G	A	0.250	6.621042e+00	4.429015e+00	-6.043849e+01	1.000000e+05	1.000000e+05	1.571308e-01	1.237192e-01	1.599523e-01
6	6_191358	191358	0	C	T	0.062	-4.361411e+00	8.200561e+00	-6.146327e+01	1.000000e+05	1.000000e+05	6.031725e-01	5.715819e-01	5.824019e-01
6	6_220264	220264	1	G	A	0.533	-8.801383e+00	3.951916e+00	-5.919707e+01	1.000000e+05	1.000000e+05	4.286153e-02	2.760717e-02	6.003015e-02
6	6_220267	220267	1	G	A	0.533	-8.801383e+00	3.951916e+00	-5.919707e+01	1.000000e+05	1.000000e+05	4.286153e-02	2.760717e-02	6.003015e-02
6	6_221273	221273	2	A	G	0.429	-2.024922e+00	4.643199e+00	-6.151534e+01	1.000000e+05	1.000000e+05	6.694104e-01	6.421865e-01	6.504229e-01
6	6_221275	221275	1	A	G	0.467	-3.007740e+00	4.392388e+00	-6.135974e+01	1.000000e+05	1.000000e+05	5.046737e-01	4.678262e-01	4.833243e-01
6	6_221282	221282	0	C	A	0.500	3.478451e+00	4.075259e+00	-6.121744e+01	1.000000e+05	1.000000e+05	4.077199e-01	3.676208e-01	3.886947e-01
6	6_739933	739933	0	G	T	0.375	-1.892924e+00	4.351176e+00	-6.151587e+01	1.000000e+05	1.000000e+05	6.701666e-01	6.429958e-01	6.512052e-01
6	6_988043	988043	0	T	C	0.250	-9.000441e+00	4.801785e+00	-5.983204e+01	1.000000e+05	1.000000e+05	8.189507e-02	5.839108e-02	9.483428e-02
6	6_988098	988098	0	A	G	0.312	-2.618686e+00	4.930308e+00	-6.146369e+01	1.000000e+05	1.000000e+05	6.036466e-01	5.720851e-01	5.828850e-01
6	6_988261	988261	2	A	G	0.143	9.435279e+00	5.887751e+00	-6.027592e+01	1.000000e+05	1.000000e+05	1.313547e-01	1.006798e-01	1.376212e-01
6	6_988405	988405	1	T	C	0.267	6.966973e-01	4.716464e+00	-6.161083e+01	1.000000e+05	1.000000e+05	8.846732e-01	8.745722e-01	8.768739e-01
6	6_988465	988465	0	T	C	0.500	-6.501900e+00	4.617601e+00	-6.056371e+01	1.000000e+05	1.000000e+05	1.809280e-01	1.454671e-01	1.807064e-01
6	6_988478	988478	1	G	A	0.467	2.782480e+00	4.254132e+00	-6.138249e+01	1.000000e+05	1.000000e+05	5.236692e-01	4.877009e-01	5.022169e-01
6	6_988549	988549	1	A	G	0.267	-1.824407e+00	5.465407e+00	-6.155987e+01	1.000000e+05	1.000000e+05	7.434704e-01	7.217277e-01	7.275539e-01
6	6_988553	988553	1	T	G	0.267	-2.550184e+00	5.625160e+00	-6.150670e+01	1.000000e+05	1.000000e+05	6.572418e-01	6.291737e-01	6.378527e-01
6	6_988631	988631	0	G	A	0.188	3.729916e+00	5.338219e+00	-6.134907e+01	1.000000e+05	1.000000e+05	4.961716e-01	4.589540e-01	4.749039e-01
6	6_988733	988733	1	A	G	0.600	1.886226e+00	4.338596e+00	-6.151601e+01	1.000000e+05	1.000000e+05	6.703668e-01	6.432100e-01	6.514122e-01
6	6_988843	988843	3	A	G	0.462	3.427248e+00	4.364508e+00	-6.127847e+01	1.000000e+05	1.000000e+05	4.453909e-01	4.062886e-01	4.250900e-01
6	6_988922	988922	3	A	G	0.385	-8.329399e-01	4.735652e+00	-6.160563e+01	1.000000e+05	1.000000e+05	8.629014e-01	8.509335e-01	8.537099e-01
6	6_988930	988930	1	G	A	0.267	-7.715193e-01	4.858160e+00	-6.160889e+01	1.000000e+05	1.000000e+05	8.760875e-01	8.652480e-01	8.677346e-01
6	6_988960	988960	1	T	G	0.267	2.631879e-01	4.733071e+00	-6.162152e+01	1.000000e+05	1.000000e+05	9.564413e-01	9.525999e-01	9.534426e-01
6	6_989188	989188	0	T	C	0.312	-1.746006e+00	4.293083e+00	-6.152933e+01	1.000000e+05	1.000000e+05	6.903760e-01	6.646465e-01	6.721524e-01
6	6_989334	989334	2	G	C	0.357	1.137510e+00	4.953801e+00	-6.159322e+01	1.000000e+05	1.000000e+05	8.217052e-01	8.062649e-01	8.099982e-01
6	6_989453	989453	2	G	A	0.286	3.790239e-01	5.222084e+00	-6.162028e+01	1.000000e+05	1.000000e+05	9.431663e-01	9.381582e-01	9.392618e-01
6	6_989490	989490	0	T	C	0.312	5.905855e+00	4.506431e+00	-6.069754e+01	1.000000e+05	1.000000e+05	2.111066e-01	1.736099e-01	2.072768e-01
6	6_989528	989528	0	T	C	0.562	8.753997e+00	3.989325e+00	-6.019731e+01	3.558621e-01	1.000000e+05	4.557981e-02	9.126279e-02	1.283456e-01
6	6_989732	989732	2	T	C	0.286	7.960910e+00	4.311076e+00	-5.987939e+01	1.000000e+05	1.000000e+05	8.604709e-02	6.182283e-02	9.844693e-02
6	6_989861	989861	2	A	G	0.500	1.059358e+00	4.354604e+00	-6.158954e+01	1.000000e+05	1.000000e+05	8.113222e-01	7.950215e-01	7.990100e-01
6	6_989960	989960	0	A	G	0.500	5.561477e-01	4.123612e+00	-6.161290e+01	1.000000e+05	1.000000e+05	8.946352e-01	8.853944e-01	8.874849e-01
6	6_990258	990258	0	G	T	0.375	3.878559e+00	4.564097e+00	-6.122092e+01	1.000000e+05	1.000000e+05	4.097353e-01	3.696800e-01	3.906294e-01
6	6_990671	990671	4	A	G	0.333	1.859100e+00	5.469575e+00	-6.155754e+01	1.000000e+05	1.000000e+05	7.389787e-01	7.168885e-01	7.228479e-01
6	6_990699	990699	2	A	G	0.286	4.375179e+00	5.493583e+00	-6.126882e+01	1.000000e+05	1.000000e+05	4.390873e-01	3.997929e-01	4.189658e-01
6	6_990701	990701	1	G	A	0.267	4.523400e+00	5.794986e+00	-6.128249e+01	1.000000e+05	1.000000e+05	4.480523e-01	4.090341e-01	4.276798e-01
6	6_990771	990771	2	T	C	0.286	-5.122592e+00	6.223260e+00	-6.124519e+01	1.000000e+05	1.000000e+05	4.242303e-01	3.845227e-01	4.045855e-01
6	6_990777	990777	0	A	G	0.312	-3.969002e+00	5.849799e+00	-6.136447e+01	1.000000e+05	1.000000e+05	5.085247e-01	4.718498e-01	4.871457e-01
6	6_990851	990851	1	T	C	0.267	-3.751108e+00	6.521733e+00	-6.143645e+01	1.000000e+05	1.000000e+05	5.743043e-01	5.410034e-01	5.530883e-01
6	6_990862	990862	0	G	T	0.250	-3.075040e+00	6.280189e+00	-6.148745e+01	1.000000e+05	1.000000e+05	6.319708e-01	6.022078e-01	6.118513e-01
6	6_990885	990885	2	A	G	0.143	-9.156419e+00	6.796109e+00	-6.064796e+01	1.000000e+05	1.000000e+05	1.992851e-01	1.625165e-01	1.968324e-01
6	6_990992	990992	1	T	C	0.267	-1.044793e+01	5.486583e+00	-5.978064e+01	1.000000e+05	1.000000e+05	7.763167e-02	5.489413e-02	9.111494e-02
6	6_991027	991027	0	T	C	0.188	-1.013042e+01	6.290617e+00	-6.026371e+01	1.000000e+05	1.000000e+05	1.296193e-01	9.915031e-02	1.361216e-01
6	6_1031241	1031241	1	G	A	0.267	-7.751294e-01	5.756937e+00	-6.161294e+01	1.000000e+05	1.000000e+05	8.948109e-01	8.855853e-01	8.876721e-01
6	6_1160524	1160524	0	A	G	0.312	-2.442528e+00	5.004049e+00	-6.148829e+01	1.000000e+05	1.000000e+05	6.330277e-01	6.033340e-01	6.129359e-01
6	6_1160528	1160528	0	A	G	0.312	-2.442528e+00	5.004049e+00	-6.148829e+01	1.000000e+05	1.000000e+05	6.330277e-01	6.033340e-01	6.129359e-01
6	6_1160532	1160532	0	A	G	0.312	-2.442528e+00	5.004049e+00	-6.148829e+01	1.000000e+05	1.000000e+05	6.330277e-01	6.033340e-01	6.129359e-01
7	7_11056	11056	1	A	C	0.467	4.020933e+00	4.206162e+00	-6.111742e+01	1.000000e+05	1.000000e+05	3.553082e-01	3.144855e-01	3.389010e-01
7	7_14006	14006	1	A	G	0.200	3.852800e+00	5.695212e+00	-6.136596e+01	1.000000e+05	1.000000e+05	5.097475e-01	4.731279e-01	4.883600e-01
7	7_36839	36839	0	G	A	0.188	1.225093e+01	4.778932e+00	-6.024878e+01	1.000000e-05	1.000000e+05	2.251843e-02	9.731455e-02	1.343183e-01
7	7_49744	49744	0	G	A	0.062	-6.939080e+00	8.845765e+00	-6.127916e+01	1.000000e+05	1.000000e+05	4.458460e-01	4.067579e-01	4.255327e-01
7	7_164473	164473	2	G	A	0.357	-4.904454e-01	4.789286e+00	-6.161730e+01	1.000000e+05	1.000000e+05	9.198878e-01	9.128418e-01	9.144112e-01
7	7_164511	164511	0	C	T	0.438	-2.564039e+00	4.832886e+00	-6.146404e+01	1.000000e+05	1.000000e+05	6.040520e-01	5.725154e-01	5.832982e-01
7	7_164589	164589	0	C	T	0.375	4.228459e+00	5.021248e+00	-6.122799e+01	1.000000e+05	1.000000e+05	4.138793e-01	3.739176e-01	3.946117e-01
7	7_164636	164636	1	A	G	0.400	-7.357999e-01	4.986929e+00	-6.161086e+01	1.000000e+05	1.000000e+05	8.848052e-01	8.747155e-01	8.770144e-01
7	7_164887	164887	0	G	A	0.312	-2.993825e-02	4.231909e+00	-6.162326e+01	1.000000e+05	1.000000e+05	9.944553e-01	9.939658e-01	9.940725e-01
7	7_164926	164926	2	G	A	0.214	4.017716e+00	5.407198e+00	-6.131387e+01	1.000000e+05	1.000000e+05	4.697485e-01	4.314778e-01	4.488794e-01
7	7_165027	165027	1	T	C	0.200	4.181779e+00	5.333713e+00	-6.127953e+01	1.000000e+05	1.000000e+05	4.460870e-01	4.070065e-01	4.257672e-01
7	7_165292	165292	0	C	A	0.625	-1.110448e+00	4.263917e+00	-6.158463e+01	1.000000e+05	1.000000e+05	7.983242e-01	7.809555e-01	7.852725e-01
7	7_165637	165637	0	G	A	0.562	5.254018e+00	3.744927e+00	-6.057089e+01	1.000000e+05	1.000000e+05	1.824132e-01	1.468381e-01	1.820071e-01
7	7_165657	165657	2	A	G	0.357	-3.996029e+00	4.527927e+00	-6.119017e+01	1.000000e+05	1.000000e+05	3.923922e-01	3.519969e-01	3.740290e-01
7	7_165680	165680	0	T	C	0.375	-4.548671e+00	3.961626e+00	-6.090335e+01	1.000000e+05	1.000000e+05	2.701343e-01	2.301590e-01	2.601924e-01
7	7_165704	165704	1	A	G	0.533	2.543116e+00	4.090621e+00	-6.140542e+01	1.000000e+05	1.000000e+05	5.441345e-01	5.091900e-01	5.226907e-01
7	7_165798	165798	2	C	T	0.286	4.236064e+00	5.137914e+00	-6.124399e+01	1.000000e+05	1.000000e+05	4.234967e-01	3.837701e-01	4.038773e-01
7	7_165854	165854	2	C	T	0.357	9.371536e+00	4.074969e+00	-5.905947e+01	1.000000e+05	1.000000e+05	3.736578e-02	2.354777e-02	5.488305e-02
7	7_165873	165873	0	A	G	0.312	5.179941e+00	4.447913e+00	-6.089026e+01	1.235137e+02	1.000000e+05	2.636515e-01	2.259674e-01	2.562806e-01
7	7_165955	165955	1	T	C	0.467	-9.755495e-01	5.256040e+00	-6.160363e+01	1.000000e+05	1.000000e+05	8.554164e-01	8.428114e-01	8.457555e-01
7	7_166056	166056	1	A	C	0.467	5.676486e-01	5.620824e+00	-6.161746e+01	1.000000e+05	1.000000e+05	9.209902e-01	9.140405e-01	9.155876e-01
7	7_166309	166309	1	G	A	0.467	-1.577918e+00	4.575728e+00	-6.155562e+01	1.000000e+05	1.000000e+05	7.353365e-01	7.129659e-01	7.190345e-01
7	7_166838	166838	0	T	A	0.188	-1.466448e+00	5.430061e+00	-6.158172e+01	1.000000e+05	1.000000e+05	7.910535e-01	7.730923e-01	7.775976e-01
7	7_166992	166992	0	A	G	0.312	-9.000711e-02	4.958082e+00	-6.162310e+01	1.000000e+05	1.000000e+05	9.857725e-01	9.845165e-01	9.847905e-01
7	7_167034	167034	2	T	C	0.286	-2.271809e+00	5.253406e+00	-6.151714e+01	1.000000e+05	1.000000e+05	6.720049e-01	6.449633e-01	6.531071e-01
7	7_167035	167035	1	C	A	0.333	-6.053803e-01	4.996758e+00	-6.161491e+01	1.000000e+05	1.000000e+05	9.052903e-01	8.969733e-01	8.988416e-01
7	7_167135	167135	2	A	G	0.500	-2.253587e+00	4.280716e+00	-6.146647e+01	1.000000e+05	1.000000e+05	6.068155e-01	5.754496e-01	5.861161e-01
7	7_167192	167192	0	C	T	0.438	-2.925077e-01	4.001008e+00	-6.162024e+01	1.000000e+05	1.000000e+05	9.427540e-01	9.377097e-01	9.388215e-01
7	7_167224	167224	1	T	A	0.333	-1.168116e+00	4.118921e+00	-6.157746e+01	1.000000e+05	1.000000e+05	7.808695e-01	7.620846e-01	7.668593e-01
7	7_167292	167292	2	A	G	0.429	-3.351891e+00	4.378115e+00	-6.129517e+01	1.000000e+05	1.000000e+05	4.566275e-01	4.178915e-01	4.360401e-01
7	7_167370	167370	1	A	G	0.400	5.252220e+00	4.236147e+00	-6.078983e+01	1.000000e+05	1.000000e+05	2.354083e-01	1.966707e-01	2.289042e-01
7	7_167655	167655	2	G	A	0.429	1.022105e-02	4.909098e+00	-6.162329e+01	1.000000e+05	1.000000e+05	9.983681e-01	9.982241e-01	9.982555e-01
7	7_167687	167687	1	A	C	0.200	1.915683e+00	5.388190e+00	-6.155138e+01	1.000000e+05	1.000000e+05	7.274897e-01	7.045188e-01	7.108261e-01
7	7_453828	453828	1	T	C	0.200	4.213629e+00	5.506973e+00	-6.129556e+01	1.000000e+05	1.000000e+05	4.568910e-01	4.181639e-01	4.362973e-01
7	7_479542	479542	0	A	G	0.125	-5.571819e+00	6.006461e+00	-6.114609e+01	1.000000e+05	1.000000e+05	3.693128e-01	3.286013e-01	3.521071e-01
7	7_672119	672119	0	G	A	0.312	-3.760748e+00	4.110309e+00	-6.115868e+01	1.000000e+05	1.000000e+05	3.757054e-01	3.350652e-01	3.581595e-01
7	7_752860	752860	2	A	T	0.286	3.097212e+00	4.971014e+00	-6.140448e+01	1.000000e+05	1.000000e+05	5.432659e-01	5.082764e-01	5.218193e-01
7	7_752861	752861	0	A	T	0.188	3.140633e+00	5.197667e+00	-6.141733e+01	1.000000e+05	1.000000e+05	5.553508e-01	5.209993e-01	5.339624e-01
7	7_908360	908360	1	C	A	0.133	-2.966466e-01	5.815869e+00	-6.162180e+01	1.000000e+05	1.000000e+05	9.600410e-01	9.565164e-01	9.572888e-01
7	7_1196178	1196178	0	C	T	0.625	1.932216e+00	4.701402e+00	-6.152735e+01	1.000000e+05	1.000000e+05	6.873036e-01	6.613521e-01	6.689626e-01
7	7_1205599	1205599	2	G	T	0.286	-1.495960e+00	4.932926e+00	-6.157091e+01	1.000000e+05	1.000000e+05	7.661514e-01	7.461893e-01	7.513659e-01
7	7_1205600	1205600	1	G	A	0.267	-2.060489e+00	4.917693e+00	-6.152360e+01	1.000000e+05	1.000000e+05	6.815773e-01	6.552147e-01	6.630223e-01
7	7_1205735	1205735	2	T	A	0.214	-3.025822e+00	5.117478e+00	-6.142597e+01	1.000000e+05	1.000000e+05	5.637636e-01	5.298711e-01	5.424397e-01
7	7_1263585	1263585	0	T	C	0.375	2.995592e-01	5.168737e+00	-6.162137e+01	1.000000e+05	1.000000e+05	9.546028e-01	9.505996e-01	9.514783e-01
7	7_1263610	1263610	0	G	A	0.438	-9.860117e+00	3.946737e+00	-5.867388e+01	1.000000e+05	1.000000e+05	2.555064e-02	1.515097e-02	4.334311e-02
7	7_1263646	1263646	0	G	A	0.125	-8.446381e+00	5.829735e+00	-6.050562e+01	1.000000e+05	1.000000e+05	1.694079e-01	1.348863e-01	1.706399e-01
7	7_1263647	1263647	0	G	T	0.125	-8.446381e+00	5.829735e+00	-6.050562e+01	1.000000e+05	1.000000e+05	1.694079e-01	1.348863e-01	1.706399e-01
7	7_1266484	1266484	1	T	A	0.400	9.257208e+00	4.149444e+00	-5.933719e+01	6.413842e+00	1.000000e+05	4.255357e-02	3.249494e-02	6.597846e-02
7	7_1276916	1276916	0	A	G	0.188	3.529205e-02	5.418413e+00	-6.162327e+01	1.000000e+05	1.000000e+05	9.948950e-01	9.944443e-01	9.945426e-01
7	7_1276919	1276919	0	G	A	0.125	2.028990e+00	6.083646e+00	-6.155998e+01	1.000000e+05	1.000000e+05	7.436878e-01	7.219620e-01	7.277818e-01
7	7_1341024	1341024	0	A	C	0.312	-7.473827e+00	4.740363e+00	-6.031576e+01	1.000000e+05	1.000000e+05	1.372013e-01	1.058538e-01	1.426763e-01
8	8_817562	817562	2	T	C	0.071	-2.216384e+00	8.350653e+00	-6.158314e+01	1.000000e+05	1.000000e+05	7.945585e-01	7.768825e-01	7.812966e-01
8	8_817567	817567	2	C	T	0.071	-2.216384e+00	8.350653e+00	-6.158314e+01	1.000000e+05	1.000000e+05	7.945585e-01	7.768825e-01	7.812966e-01
8	8_817674	817674	1	A	G	0.133	-5.621835e+00	6.664081e+00	-6.122662e+01	1.000000e+05	1.000000e+05	4.130740e-01	3.730938e-01	3.938374e-01
8	8_818838	818838	3	G	A	0.385	2.361934e+00	4.538511e+00	-6.147000e+01	1.000000e+05	1.000000e+05	6.109026e-01	5.797911e-01	5.902870e-01
8	8_847517	847517	0	A	G	0.188	8.977835e+00	5.265328e+00	-6.011378e+01	1.000000e+05	1.000000e+05	1.102577e-01	8.229284e-02	1.194024e-01
8	8_874822	874822	1	G	A	0.133	3.368498e+00	6.651107e+00	-6.147805e+01	1.000000e+05	1.000000e+05	6.204179e-01	5.899079e-01	6.000133e-01
8	8_874895	874895	2	T	C	0.143	1.121167e+00	6.079981e+00	-6.160388e+01	1.000000e+05	1.000000e+05	8.563417e-01	8.438153e-01	8.467385e-01
8	8_874992	874992	0	C	T	0.125	-5.884099e+00	5.790621e+00	-6.105401e+01	1.000000e+05	1.000000e+05	3.268014e-01	2.859558e-01	3.122477e-01
8	8_1252135	1252135	1	T	C	0.400	-3.029979e+00	5.422039e+00	-6.144680e+01	1.000000e+05	1.000000e+05	5.851085e-01	5.524326e-01	5.640340e-01
8	8_1326133	1326133	0	A	G	0.188	-6.536371e+00	5.549443e+00	-6.086740e+01	1.000000e+05	1.000000e+05	2.584940e-01	2.188682e-01	2.496531e-01
8	8_1326140	1326140	0	G	A	0.125	-3.978853e+00	6.134206e+00	-6.138642e+01	1.000000e+05	1.000000e+05	5.270723e-01	4.912689e-01	5.056129e-01
8	8_1383765	1383765	0	A	G	0.438	-8.863727e+00	3.900847e+00	-5.911183e+01	1.000000e+05	1.000000e+05	3.936454e-02	2.501410e-02	5.676740e-02
9	9_5213	5213	1	G	C	0.067	-4.958884e+00	8.149262e+00	-6.141445e+01	1.000000e+05	1.000000e+05	5.525967e-01	5.180976e-01	5.311914e-01
9	9_6619	6619	0	C	T	0.250	5.271813e+00	4.417510e+00	-6.084826e+01	1.000000e+05	1.000000e+05	2.525483e-01	2.131258e-01	2.442898e-01
9	9_7470	7470	0	A	G	0.375	7.491367e+00	4.219533e+00	-6.079644e+01	1.000000e-05	1.000000e+05	9.756500e-02	1.984548e-01	2.305738e-01
9	9_7729	7729	0	C	T	0.375	-4.269916e-01	3.928820e+00	-6.161654e+01	1.000000e+05	1.000000e+05	9.149971e-01	9.075247e-01	9.091935e-01
9	9_8171	8171	1	G	A	0.533	-1.486351e+00	5.295179e+00	-6.157839e+01	1.000000e+05	1.000000e+05	7.830468e-01	7.644374e-01	7.691540e-01
9	9_10033	10033	0	C	T	0.250	-3.246238e+00	5.031314e+00	-6.138888e+01	1.000000e+05	1.000000e+05	5.292258e-01	4.935279e-01	5.077638e-01
9	9_220237	220237	1	A	G	0.133	-1.170804e+00	6.467569e+00	-6.160459e+01	1.000000e+05	1.000000e+05	8.589410e-01	8.466356e-01	8.495004e-01
9	9_220963	220963	0	C	T	0.188	-7.311917e+00	4.938546e+00	-6.045955e+01	1.000000e+05	1.000000e+05	1.608697e-01	1.271076e-01	1.632030e-01
9	9_705343	705343	1	G	A	0.200	-7.673124e+00	5.485182e+00	-6.057663e+01	1.000000e+05	1.000000e+05	1.836107e-01	1.479447e-01	1.830564e-01
9	9_705571	705571	0	C	T	0.500	4.602717e+00	4.720152e+00	-6.109760e+01	1.000000e+05	1.000000e+05	3.460494e-01	3.051885e-01	3.302103e-01
9	9_706175	706175	1	G	A	0.400	1.791673e+00	4.586942e+00	-6.153658e+01	1.000000e+05	1.000000e+05	7.019698e-01	6.770872e-01	6.842061e-01
9	9_1115286	1115286	0	G	A	0.500	-2.955977e-01	4.701657e+00	-6.162103e+01	1.000000e+05	1.000000e+05	9.507581e-01	9.464168e-01	9.473709e-01
10	10_15220	15220	0	T	A	0.125	2.187474e+00	7.063019e+00	-6.156867e+01	1.000000e+05	1.000000e+05	7.613448e-01	7.410019e-01	7.463130e-01
10	10_15279	15279	1	A	G	0.267	3.843216e+00	5.000609e+00	-6.129269e+01	1.000000e+05	1.000000e+05	4.549306e-01	4.161374e-01	4.343838e-01
10	10_15288	15288	1	C	T	0.267	4.116459e+00	5.057870e+00	-6.125346e+01	1.000000e+05	1.000000e+05	4.293443e-01	3.897725e-01	4.095268e-01
10	10_15302	15302	2	T	C	0.357	-3.306791e+00	4.323576e+00	-6.129582e+01	1.000000e+05	1.000000e+05	4.570735e-01	4.183527e-01	4.364756e-01
10	10_15428	15428	1	C	G	0.133	-8.709428e+00	6.429172e+00	-6.063790e+01	1.000000e+05	1.000000e+05	1.969809e-01	1.603644e-01	1.948022e-01
10	10_15438	15438	0	G	A	0.125	-8.230286e+00	6.510750e+00	-6.075862e+01	1.000000e+05	1.000000e+05	2.268335e-01	1.884962e-01	2.212483e-01
10	10_15441	15441	1	A	G	0.133	-8.709428e+00	6.429172e+00	-6.063790e+01	1.000000e+05	1.000000e+05	1.969809e-01	1.603644e-01	1.948022e-01
10	10_15449	15449	1	C	T	0.067	-1.131615e+01	1.010035e+01	-6.093637e+01	1.000000e+05	1.000000e+05	2.814075e-01	2.411525e-01	2.704491e-01
10	10_15455	15455	0	C	T	0.062	-1.058344e+01	1.012373e+01	-6.102196e+01	1.000000e+05	1.000000e+05	3.135491e-01	2.727922e-01	2.999627e-01
10	10_15458	15458	0	G	A	0.062	-1.058344e+01	1.012373e+01	-6.102196e+01	1.000000e+05	1.000000e+05	3.135491e-01	2.727922e-01	2.999627e-01
10	10_15461	15461	0	T	C	0.062	-1.058344e+01	1.012373e+01	-6.102196e+01	1.000000e+05	1.000000e+05	3.135491e-01	2.727922e-01	2.999627e-01
10	10_15463	15463	0	A	T	0.062	-1.058344e+01	1.012373e+01	-6.102196e+01	1.000000e+05	1.000000e+05	3.135491e-01	2.727922e-01	2.999627e-01
10	10_15473	15473	0	C	T	0.062	-1.058344e+01	1.012373e+01	-6.102196e+01	1.000000e+05	1.000000e+05	3.135491e-01	2.727922e-01	2.999627e-01
10	10_17879	17879	0	T	C	0.250	-1.765179e+00	5.040184e+00	-6.155351e+01	1.000000e+05	1.000000e+05	7.313859e-01	7.087124e-01	7.149006e-01
10	10_17897	17897	0	A	G	0.250	-1.765179e+00	5.040184e+00	-6.155351e+01	1.000000e+05	1.000000e+05	7.313859e-01	7.087124e-01	7.149006e-01
10	10_18092	18092	0	A	G	0.438	1.464308e+00	4.519384e+00	-6.156353e+01	1.000000e+05	1.000000e+05	7.507233e-01	7.295454e-01	7.351597e-01
10	10_18647	18647	2	C	T	0.143	1.792484e+00	5.646414e+00	-6.156591e+01	1.000000e+05	1.000000e+05	7.555834e-01	7.347864e-01	7.402609e-01
10	10_18785	18785	0	G	A	0.125	8.754321e+00	5.834706e+00	-6.043043e+01	1.000000e+05	1.000000e+05	1.557260e-01	1.224489e-01	1.587317e-01
10	10_18869	18869	0	G	A	0.250	7.855916e+00	4.781011e+00	-6.097997e+01	1.000000e-05	1.000000e+05	1.226135e-01	2.566691e-01	2.849223e-01
10	10_18908	18908	0	G	A	0.438	-3.823225e+00	4.341562e+00	-6.119200e+01	1.000000e+05	1.000000e+05	3.933952e-01	3.530172e-01	3.749861e-01
10	10_18915	18915	0	T	C	0.438	-3.823225e+00	4.341562e+00	-6.119200e+01	1.000000e+05	1.000000e+05	3.933952e-01	3.530172e-01	3.749861e-01
10	10_18933	18933	0	A	G	0.438	-4.047539e+00	4.569244e+00	-6.118702e+01	1.000000e+05	1.000000e+05	3.906752e-01	3.502508e-01	3.723914e-01
10	10_18941	18941	2	T	C	0.500	-6.347728e+00	4.662742e+00	-6.062871e+01	1.000000e+05	1.000000e+05	1.949053e-01	1.584286e-01	1.929749e-01
10	10_18943	18943	1	G	A	0.533	-6.311576e+00	4.411993e+00	-6.053184e+01	1.000000e+05	1.000000e+05	1.744991e-01	1.395506e-01	1.750839e-01
10	10_18988	18988	3	A	G	0.077	1.845813e+01	8.017460e+00	-5.987256e+01	1.000000e-05	1.000000e+05	3.719183e-02	6.131511e-02	9.791462e-02
10	10_18992	18992	0	A	G	0.062	1.972619e+01	7.710887e+00	-5.951526e+01	1.000000e-05	1.000000e+05	2.275143e-02	4.004319e-02	7.476748e-02
10	10_18997	18997	2	G	A	0.071	1.894585e+01	7.902675e+00	-5.972998e+01	1.000000e-05	1.000000e+05	3.102322e-02	5.166401e-02	8.764132e-02
10	10_19002	19002	0	T	C	0.125	1.891876e+01	4.601807e+00	-5.747118e+01	1.000000e-05	1.000000e+05	1.058811e-03	3.955296e-03	2.333138e-02
10	10_19004	19004	0	G	A	0.125	1.891876e+01	4.601807e+00	-5.747118e+01	1.000000e-05	1.000000e+05	1.058811e-03	3.955296e-03	2.333138e-02
10	10_19015	19015	0	A	G	0.125	1.891876e+01	4.601807e+00	-5.747118e+01	1.000000e-05	1.000000e+05	1.058811e-03	3.955296e-03	2.333138e-02
10	10_19031	19031	0	G	A	0.062	1.972619e+01	7.710887e+00	-5.951526e+01	1.000000e-05	1.000000e+05	2.275143e-02	4.004319e-02	7.476748e-02
10	10_19067	19067	1	A	T	0.133	5.696621e+00	6.410423e+00	-6.118430e+01	1.000000e+05	1.000000e+05	3.892048e-01	3.487563e-01	3.709899e-01
10	10_318276	318276	0	G	A	0.250	5.267350e+00	4.805890e+00	-6.096472e+01	1.000000e+05	1.000000e+05	2.915665e-01	2.511069e-01	2.797342e-01
10	10_387430	387430	1	G	A	0.133	-7.662539e+00	7.387159e+00	-6.103094e+01	1.000000e+05	1.000000e+05	3.171910e-01	2.764031e-01	3.033321e-01
10	10_583208	583208	1	A	G	0.533	-6.181534e+00	3.976310e+00	-6.034933e+01	1.000000e+05	1.000000e+05	1.423537e-01	1.104396e-01	1.471354e-01
10	10_584652	584652	0	G	T	0.438	2.495791e+00	4.309664e+00	-6.143391e+01	1.000000e+05	1.000000e+05	5.717125e-01	5.382644e-01	5.504672e-01
10	10_724149	724149	0	G	A	0.188	-2.031474e+00	5.370157e+00	-6.154193e+01	1.000000e+05	1.000000e+05	7.108899e-01	6.866682e-01	6.934973e-01
10	10_724150	724150	0	A	G	0.188	-2.031474e+00	5.370157e+00	-6.154193e+01	1.000000e+05	1.000000e+05	7.108899e-01	6.866682e-01	6.934973e-01
11	11_9749	9749	0	A	G	0.125	2.063311e+00	6.971818e+00	-6.157340e+01	1.000000e+05	1.000000e+05	7.716125e-01	7.520853e-01	7.571111e-01
11	11_10019	10019	1	G	C	0.400	-5.099375e+00	3.715593e+00	-6.061348e+01	1.000000e+05	1.000000e+05	1.915197e-01	1.552771e-01	1.899975e-01
11	11_10896	10896	0	C	G	0.062	-7.364091e+00	8.805632e+00	-6.123330e+01	1.000000e+05	1.000000e+05	4.170360e-01	3.771488e-01	3.976494e-01
11	11_10931	10931	0	T	A	0.125	2.622084e+00	6.133479e+00	-6.151953e+01	1.000000e+05	1.000000e+05	6.755150e-01	6.487212e-01	6.567408e-01
11	11_10934	10934	0	G	T	0.188	-5.842883e-01	5.192404e+00	-6.161606e+01	1.000000e+05	1.000000e+05	9.120027e-01	9.042694e-01	9.059995e-01
11	11_104630	104630	0	A	G	0.188	-1.158448e+00	5.484159e+00	-6.159783e+01	1.000000e+05	1.000000e+05	8.357476e-01	8.214811e-01	8.248786e-01
11	11_104688	104688	1	G	A	0.200	2.308623e+00	5.672828e+00	-6.152921e+01	1.000000e+05	1.000000e+05	6.901900e-01	6.644470e-01	6.719592e-01
11	11_384025	384025	0	T	C	0.188	2.701438e+00	5.072281e+00	-6.146282e+01	1.000000e+05	1.000000e+05	6.026698e-01	5.710483e-01	5.818896e-01
11	11_547884	547884	0	C	T	0.125	-8.426385e+00	7.175746e+00	-6.087175e+01	1.000000e+05	1.000000e+05	2.598688e-01	2.201984e-01	2.508952e-01
11	11_804706	804706	1	A	G	0.267	-3.635242e+00	4.134889e+00	-6.119338e+01	1.000000e+05	1.000000e+05	3.941528e-01	3.537880e-01	3.757092e-01
11	11_804710	804710	3	C	T	0.231	-7.566532e+00	4.467688e+00	-6.013225e+01	1.000000e+05	1.000000e+05	1.124608e-01	8.419087e-02	1.213048e-01
11	11_804742	804742	1	G	A	0.400	7.733261e+00	3.755385e+00	-5.950660e+01	1.000000e+05	1.000000e+05	5.857541e-02	3.963626e-02	7.430372e-02
11	11_804763	804763	1	C	T	0.200	8.189844e-01	5.724518e+00	-6.161160e+01	1.000000e+05	1.000000e+05	8.882767e-01	8.784864e-01	8.807113e-01
11	11_966513	966513	1	T	A	0.133	2.668594e+00	6.807908e+00	-6.153597e+01	1.000000e+05	1.000000e+05	7.009719e-01	6.760159e-01	6.831676e-01
11	11_966516	966516	0	C	T	0.125	2.931158e+00	6.847585e+00	-6.151926e+01	1.000000e+05	1.000000e+05	6.751213e-01	6.482996e-01	6.563330e-01
11	11_966519	966519	0	C	T	0.125	2.931158e+00	6.847585e+00	-6.151926e+01	1.000000e+05	1.000000e+05	6.751213e-01	6.482996e-01	6.563330e-01
11	11_966569	966569	1	C	G	0.133	2.668594e+00	6.807908e+00	-6.153597e+01	1.000000e+05	1.000000e+05	7.009719e-01	6.760159e-01	6.831676e-01
11	11_966644	966644	2	C	A	0.214	2.651288e+00	5.251610e+00	-6.147896e+01	1.000000e+05	1.000000e+05	6.215158e-01	5.910760e-01	6.011369e-01
11	11_966669	966669	1	C	T	0.400	5.697194e+00	4.314851e+00	-6.068439e+01	1.000000e+05	1.000000e+05	2.078920e-01	1.705849e-01	2.044319e-01
11	11_966684	966684	2	T	C	0.429	-2.366581e+00	4.849131e+00	-6.148833e+01	1.000000e+05	1.000000e+05	6.330747e-01	6.033840e-01	6.129841e-01
11	11_966699	966699	1	T	C	0.333	1.512718e+00	4.850794e+00	-6.156791e+01	1.000000e+05	1.000000e+05	7.597507e-01	7.392819e-01	7.446380e-01
11	11_966700	966700	1	G	A	0.333	1.512718e+00	4.850794e+00	-6.156791e+01	1.000000e+05	1.000000e+05	7.597507e-01	7.392819e-01	7.446380e-01
11	11_966735	966735	0	A	C	0.250	3.952312e+00	5.400801e+00	-6.132298e+01	1.000000e+05	1.000000e+05	4.763624e-01	4.383410e-01	4.553726e-01
11	11_966738	966738	1	T	A	0.267	3.196694e+00	5.392083e+00	-6.142493e+01	1.000000e+05	1.000000e+05	5.627365e-01	5.287873e-01	5.414037e-01
11	11_966756	966756	0	A	G	0.188	-5.459407e-01	5.813146e+00	-6.161825e+01	1.000000e+05	1.000000e+05	9.265076e-01	9.200400e-01	9.214757e-01
11	11_966757	966757	0	T	C	0.188	-5.459407e-01	5.813146e+00	-6.161825e+01	1.000000e+05	1.000000e+05	9.265076e-01	9.200400e-01	9.214757e-01
11	11_966771	966771	0	T	C	0.250	1.934290e+00	5.302478e+00	-6.154761e+01	1.000000e+05	1.000000e+05	7.207198e-01	6.972356e-01	7.037530e-01
11	11_1478119	1478119	0	A	G	0.312	2.357739e+00	4.688714e+00	-6.148009e+01	1.000000e+05	1.000000e+05	6.228845e-01	5.925325e-01	6.025382e-01
12	12_11092	11092	0	G	A	0.312	2.720433e-01	5.966608e+00	-6.162210e+01	1.000000e+05	1.000000e+05	9.642776e-01	9.611261e-01	9.618160e-01
12	12_11094	11094	0	A	G	0.500	1.833450e+00	5.423404e+00	-6.155825e+01	1.000000e+05	1.000000e+05	7.403320e-01	7.183464e-01	7.242654e-01
12	12_11122	11122	0	G	C	0.312	-1.138291e-01	5.456537e+00	-6.162304e+01	1.000000e+05	1.000000e+05	9.836509e-01	9.822077e-01	9.825225e-01
12	12_11170	11170	0	C	T	0.375	3.910027e+00	5.126753e+00	-6.129763e+01	1.000000e+05	1.000000e+05	4.583179e-01	4.196397e-01	4.376910e-01
12	12_11223	11223	0	G	C	0.312	1.721619e+00	4.855483e+00	-6.155177e+01	1.000000e+05	1.000000e+05	7.281943e-01	7.052771e-01	7.115628e-01
12	12_11400	11400	0	A	C	0.438	3.257216e+00	5.021645e+00	-6.138642e+01	1.000000e+05	1.000000e+05	5.270713e-01	4.912679e-01	5.056120e-01
12	12_11406	11406	0	A	G	0.438	3.257216e+00	5.021645e+00	-6.138642e+01	1.000000e+05	1.000000e+05	5.270713e-01	4.912679e-01	5.056120e-01
12	12_11407	11407	0	C	A	0.438	3.257216e+00	5.021645e+00	-6.138642e+01	1.000000e+05	1.000000e+05	5.270713e-01	4.912679e-01	5.056120e-01
12	12_11410	11410	0	C	T	0.438	3.257216e+00	5.021645e+00	-6.138642e+01	1.000000e+05	1.000000e+05	5.270713e-01	4.912679e-01	5.056120e-01
12	12_11413	11413	1	T	G	0.467	2.932788e+00	5.479105e+00	-6.146122e+01	1.000000e+05	1.000000e+05	6.008646e-01	5.691325e-01	5.800505e-01
12	12_13936	13936	0	C	T	0.125	3.378249e+00	6.450306e+00	-6.146806e+01	1.000000e+05	1.000000e+05	6.086547e-01	5.774029e-01	5.879925e-01
12	12_13979	13979	2	T	C	0.143	2.578919e+00	6.556173e+00	-6.153536e+01	1.000000e+05	1.000000e+05	6.999807e-01	6.749518e-01	6.821363e-01
12	12_14009	14009	0	C	T	0.250	-1.626464e+00	5.086237e+00	-6.156507e+01	1.000000e+05	1.000000e+05	7.538592e-01	7.329268e-01	7.384507e-01
12	12_14035	14035	1	C	T	0.400	3.010590e+00	4.797290e+00	-6.140135e+01	1.000000e+05	1.000000e+05	5.403932e-01	5.052559e-01	5.189388e-01
12	12_14096	14096	0	C	T	0.375	-1.795936e+00	4.166671e+00	-6.151783e+01	1.000000e+05	1.000000e+05	6.730135e-01	6.460429e-01	6.541509e-01
12	12_14104	14104	1	C	T	0.400	-3.546123e-01	4.261874e+00	-6.161933e+01	1.000000e+05	1.000000e+05	9.348660e-01	9.291299e-01	9.303982e-01
12	12_14114	14114	0	T	C	0.312	-1.032307e+00	4.586171e+00	-6.159439e+01	1.000000e+05	1.000000e+05	8.251606e-01	8.100082e-01	8.136579e-01
12	12_14125	14125	1	A	G	0.267	1.366756e+00	5.112084e+00	-6.158255e+01	1.000000e+05	1.000000e+05	7.930920e-01	7.752966e-01	7.797488e-01
12	12_14197	14197	0	G	A	0.125	-6.481415e-01	6.902553e+00	-6.161825e+01	1.000000e+05	1.000000e+05	9.265202e-01	9.200536e-01	9.214890e-01
12	12_14202	14202	0	A	G	0.125	-6.481415e-01	6.902553e+00	-6.161825e+01	1.000000e+05	1.000000e+05	9.265202e-01	9.200536e-01	9.214890e-01
12	12_14301	14301	2	G	A	0.571	5.985561e+00	4.325838e+00	-6.059787e+01	1.000000e+05	1.000000e+05	1.881229e-01	1.521228e-01	1.870139e-01
12	12_14318	14318	0	A	G	0.312	2.231292e-01	4.578599e+00	-6.162193e+01	1.000000e+05	1.000000e+05	9.618204e-01	9.584525e-01	9.591903e-01
12	12_14741	14741	1	C	G	0.400	-1.184253e-01	4.934695e+00	-6.162296e+01	1.000000e+05	1.000000e+05	9.811925e-01	9.795323e-01	9.798946e-01
12	12_14783	14783	2	A	G	0.071	-4.954729e+00	7.560018e+00	-6.138153e+01	1.000000e+05	1.000000e+05	5.228436e-01	4.868357e-01	5.013936e-01
12	12_15014	15014	1	A	G	0.400	9.477089e-01	4.207307e+00	-6.159435e+01	1.000000e+05	1.000000e+05	8.250372e-01	8.098745e-01	8.135272e-01
12	12_19728	19728	0	A	G	0.125	1.891876e+01	4.601807e+00	-5.747118e+01	1.000000e-05	1.000000e+05	1.058811e-03	3.955296e-03	2.333138e-02
12	12_19741	19741	0	C	T	0.188	1.539488e+01	4.077969e+00	-5.751383e+01	1.000000e-05	1.000000e+05	2.049022e-03	4.145604e-03	2.378886e-02
12	12_356356	356356	0	A	G	0.125	2.524049e+00	6.667716e+00	-6.154182e+01	1.000000e+05	1.000000e+05	7.107022e-01	6.864666e-01	6.933017e-01
12	12_356358	356358	0	A	G	0.125	2.524049e+00	6.667716e+00	-6.154182e+01	1.000000e+05	1.000000e+05	7.107022e-01	6.864666e-01	6.933017e-01
12	12_356374	356374	0	G	A	0.125	2.524049e+00	6.667716e+00	-6.154182e+01	1.000000e+05	1.000000e+05	7.107022e-01	6.864666e-01	6.933017e-01
12	12_502808	502808	2	A	G	0.357	3.291446e-01	4.801309e+00	-6.162060e+01	1.000000e+05	1.000000e+05	9.463149e-01	9.415832e-01	9.426247e-01
12	12_502864	502864	2	T	C	0.500	1.202801e+00	4.607457e+00	-6.158444e+01	1.000000e+05	1.000000e+05	7.978508e-01	7.804435e-01	7.847727e-01
12	12_502865	502865	2	G	T	0.500	1.202801e+00	4.607457e+00	-6.158444e+01	1.000000e+05	1.000000e+05	7.978508e-01	7.804435e-01	7.847727e-01
12	12_502882	502882	2	G	A	0.429	-2.655085e+00	4.714688e+00	-6.144409e+01	1.000000e+05	1.000000e+05	5.822392e-01	5.493955e-01	5.611241e-01
12	12_502888	502888	0	G	A	0.500	-1.570196e+00	4.289642e+00	-6.154709e+01	1.000000e+05	1.000000e+05	7.198047e-01	6.962515e-01	7.027976e-01
12	12_502890	502890	3	G	A	0.462	-4.626081e+00	4.359118e+00	-6.100430e+01	1.000000e+05	1.000000e+05	3.065450e-01	2.658619e-01	2.934973e-01
12	12_502909	502909	0	C	T	0.375	2.083009e+00	4.496573e+00	-6.150159e+01	1.000000e+05	1.000000e+05	6.503090e-01	6.217680e-01	6.307054e-01
12	12_502926	502926	2	G	C	0.429	6.515655e+00	4.768679e+00	-6.062187e+01	1.000000e+05	1.000000e+05	1.933766e-01	1.570047e-01	1.916301e-01
12	12_502937	502937	2	C	T	0.357	-9.727967e-01	4.891548e+00	-6.160072e+01	1.000000e+05	1.000000e+05	8.452213e-01	8.317527e-01	8.349295e-01
12	12_502942	502942	0	T	C	0.375	-3.358106e-01	4.622948e+00	-6.162028e+01	1.000000e+05	1.000000e+05	9.431202e-01	9.381080e-01	9.392126e-01
12	12_502956	502956	1	A	G	0.333	-1.672968e+00	4.779385e+00	-6.155358e+01	1.000000e+05	1.000000e+05	7.315202e-01	7.088569e-01	7.150410e-01
12	12_503049	503049	1	C	G	0.200	5.533761e+00	4.942442e+00	-6.093723e+01	1.000000e+05	1.000000e+05	2.817084e-01	2.414467e-01	2.707235e-01
12	12_503112	503112	2	G	A	0.286	1.008392e+01	4.188479e+00	-5.885181e+01	1.000000e+05	1.000000e+05	3.042630e-02	1.855522e-02	4.820342e-02
12	12_503171	503171	3	G	A	0.308	2.627891e+00	4.736006e+00	-6.144926e+01	1.000000e+05	1.000000e+05	5.877364e-01	5.552153e-01	5.667008e-01
12	12_503254	503254	0	C	G	0.312	4.208111e+00	4.356550e+00	-6.110715e+01	1.000000e+05	1.000000e+05	3.504709e-01	3.096247e-01	3.343565e-01
12	12_503293	503293	1	A	C	0.400	7.806115e-01	4.840155e+00	-6.160844e+01	1.000000e+05	1.000000e+05	8.741785e-01	8.631752e-01	8.657033e-01
12	12_503311	503311	1	A	C	0.400	3.765002e+00	4.359953e+00	-6.120813e+01	1.000000e+05	1.000000e+05	4.023920e-01	3.621824e-01	3.835874e-01
12	12_503313	503313	2	T	A	0.571	-3.530859e+00	4.466288e+00	-6.127390e+01	1.000000e+05	1.000000e+05	4.423887e-01	4.031937e-01	4.221716e-01
12	12_503321	503321	2	C	T	0.500	-2.369930e+00	4.682075e+00	-6.147821e+01	1.000000e+05	1.000000e+05	6.206136e-01	5.901161e-01	6.002135e-01
12	12_503327	503327	1	A	C	0.400	-1.509662e+00	4.760508e+00	-6.156603e+01	1.000000e+05	1.000000e+05	7.558308e-01	7.350532e-01	7.405207e-01
12	12_503356	503356	0	A	C	0.312	-3.289663e+00	5.475677e+00	-6.141966e+01	1.000000e+05	1.000000e+05	5.575900e-01	5.233595e-01	5.362168e-01
12	12_503357	503357	0	T	G	0.312	-3.289663e+00	5.475677e+00	-6.141966e+01	1.000000e+05	1.000000e+05	5.575900e-01	5.233595e-01	5.362168e-01
12	12_503364	503364	0	T	C	0.312	-3.289663e+00	5.475677e+00	-6.141966e+01	1.000000e+05	1.000000e+05	5.575900e-01	5.233595e-01	5.362168e-01
12	12_503366	503366	0	C	T	0.312	-3.289663e+00	5.475677e+00	-6.141966e+01	1.000000e+05	1.000000e+05	5.575900e-01	5.233595e-01	5.362168e-01
12	12_503401	503401	0	A	G	0.375	-8.332389e-01	4.524955e+00	-6.160394e+01	1.000000e+05	1.000000e+05	8.565419e-01	8.440325e-01	8.469512e-01
12	12_503416	503416	0	G	A	0.188	8.240799e-01	6.559237e+00	-6.161428e+01	1.000000e+05	1.000000e+05	9.018060e-01	8.931865e-01	8.951270e-01
12	12_503422	503422	0	T	G	0.125	-6.807847e+00	7.302410e+00	-6.114145e+01	1.000000e+05	1.000000e+05	3.669948e-01	3.262605e-01	3.499162e-01
12	12_503453	503453	0	T	C	0.062	-4.885229e+00	8.437472e+00	-6.143399e+01	1.000000e+05	1.000000e+05	5.717932e-01	5.383497e-01	5.505488e-01
12	12_537923	537923	0	G	A	0.375	-8.731580e+00	3.893696e+00	-5.976246e+01	5.562473e-01	1.000000e+05	4.163903e-02	5.371087e-02	8.984695e-02
13	13_11108	11108	0	C	T	0.125	2.812063e+00	6.101722e+00	-6.150283e+01	1.000000e+05	1.000000e+05	6.519741e-01	6.235461e-01	6.324211e-01
13	13_11118	11118	0	T	C	0.250	-3.201032e+00	4.832082e+00	-6.137637e+01	1.000000e+05	1.000000e+05	5.184379e-01	4.822205e-01	4.970032e-01
13	13_11130	11130	0	A	G	0.250	-7.712247e+00	4.337009e+00	-5.999410e+01	1.000000e+05	1.000000e+05	9.708086e-02	7.105948e-02	1.080140e-01
13	13_52884	52884	0	A	G	0.125	-5.097073e+00	5.326129e+00	-6.111636e+01	1.000000e+05	1.000000e+05	3.548055e-01	3.139800e-01	3.384282e-01
13	13_128625	128625	4	A	G	0.333	-5.339196e+00	4.468671e+00	-6.084650e+01	1.000000e+05	1.000000e+05	2.520120e-01	2.126087e-01	2.438068e-01
13	13_128715	128715	3	G	A	0.308	-7.147119e+00	4.374272e+00	-6.022704e+01	1.000000e+05	1.000000e+05	1.245585e-01	9.470662e-02	1.317499e-01
13	13_128729	128729	3	G	A	0.308	-7.147119e+00	4.374272e+00	-6.022704e+01	1.000000e+05	1.000000e+05	1.245585e-01	9.470662e-02	1.317499e-01
13	13_162462	162462	0	A	G	0.188	4.438743e-01	5.441397e+00	-6.161949e+01	1.000000e+05	1.000000e+05	9.361405e-01	9.305161e-01	9.317591e-01
13	13_219021	219021	1	C	T	0.133	3.367290e-01	6.892857e+00	-6.162193e+01	1.000000e+05	1.000000e+05	9.617274e-01	9.583513e-01	9.590909e-01
13	13_219311	219311	0	A	T	0.125	-7.733648e+00	6.575037e+00	-6.086940e+01	1.000000e+05	1.000000e+05	2.591232e-01	2.194768e-01	2.502214e-01
13	13_219312	219312	0	A	G	0.125	-7.733648e+00	6.575037e+00	-6.086940e+01	1.000000e+05	1.000000e+05	2.591232e-01	2.194768e-01	2.502214e-01
13	13_655915	655915	0	A	G	0.438	5.276933e+00	4.054334e+00	-6.070950e+01	1.000000e+05	1.000000e+05	2.140801e-01	1.764135e-01	2.099116e-01
13	13_742766	742766	2	G	A	0.214	-4.448895e+00	5.818241e+00	-6.129597e+01	1.000000e+05	1.000000e+05	4.571782e-01	4.184610e-01	4.365778e-01
13	13_742771	742771	0	C	A	0.250	-4.057850e+00	4.970539e+00	-6.125123e+01	1.000000e+05	1.000000e+05	4.279559e-01	3.883465e-01	4.081843e-01
14	14_155590	155590	0	T	C	0.125	-7.556158e+00	6.046210e+00	-6.077718e+01	1.000000e+05	1.000000e+05	2.318856e-01	1.933076e-01	2.257557e-01
14	14_342562	342562	0	G	T	0.375	4.264443e+00	4.344173e+00	-6.109077e+01	1.000000e+05	1.000000e+05	3.429346e-01	3.020674e-01	3.272940e-01
14	14_383626	383626	0	G	A	0.125	-8.426385e+00	7.175746e+00	-6.087175e+01	1.000000e+05	1.000000e+05	2.598688e-01	2.201984e-01	2.508952e-01
14	14_852745	852745	0	G	T	0.125	-8.426385e+00	7.175746e+00	-6.087175e+01	1.000000e+05	1.000000e+05	2.598688e-01	2.201984e-01	2.508952e-01
14	14_908850	908850	0	G	A	0.375	-6.170743e+00	4.217747e+00	-6.048510e+01	1.000000e+05	1.000000e+05	1.655426e-01	1.313580e-01	1.672707e-01
14	14_908994	908994	1	C	T	0.133	8.132553e-01	6.556061e+00	-6.161450e+01	1.000000e+05	1.000000e+05	9.030420e-01	8.945298e-01	8.964446e-01
14	14_909011	909011	1	T	C	0.133	8.132553e-01	6.556061e+00	-6.161450e+01	1.000000e+05	1.000000e+05	9.030420e-01	8.945298e-01	8.964446e-01
14	14_909450	909450	0	G	T	0.250	-7.936674e+00	3.937676e+00	-5.958503e+01	1.000000e+05	1.000000e+05	6.345833e-02	4.348306e-02	7.864891e-02
14	14_909472	909472	0	G	T	0.312	-6.825448e+00	4.458430e+00	-6.038502e+01	1.000000e+05	1.000000e+05	1.480713e-01	1.155559e-01	1.520891e-01
14	14_909504	909504	1	T	G	0.333	-7.554621e+00	4.384018e+00	-6.008442e+01	1.000000e+05	1.000000e+05	1.068528e-01	7.937037e-02	1.164618e-01
14	14_909638	909638	0	C	T	0.250	1.356763e+01	3.757360e+00	-5.821543e+01	1.000000e-05	1.000000e+05	2.836199e-03	9.035903e-03	3.358776e-02
14	14_909661	909661	0	G	A	0.250	7.852175e+00	4.781454e+00	-6.120280e+01	1.000000e-05	1.000000e+05	1.228089e-01	3.591184e-01	3.807111e-01
14	14_909704	909704	0	G	A	0.375	1.067645e+01	3.697457e+00	-5.933691e+01	1.000000e-05	1.000000e+05	1.193289e-02	3.248416e-02	6.596559e-02
14	14_910040	910040	1	A	G	0.400	-4.690409e+00	4.647103e+00	-6.106137e+01	1.000000e+05	1.000000e+05	3.299487e-01	2.890916e-01	3.151752e-01
14	14_910103	910103	0	A	G	0.438	-5.166154e+00	4.497435e+00	-6.090274e+01	1.000000e+05	1.000000e+05	2.699323e-01	2.299625e-01	2.600090e-01
14	14_910152	910152	1	A	G	0.333	-5.305362e+00	5.661057e+00	-6.113653e+01	1.000000e+05	1.000000e+05	3.645586e-01	3.238023e-01	3.476158e-01
14	14_910181	910181	1	G	A	0.400	-5.836344e+00	5.004375e+00	-6.088154e+01	1.000000e+05	1.000000e+05	2.629976e-01	2.232291e-01	2.537246e-01
14	14_910258	910258	1	T	G	0.467	3.951940e-01	5.405176e+00	-6.162024e+01	1.000000e+05	1.000000e+05	9.427497e-01	9.377050e-01	9.388169e-01
14	14_910323	910323	0	T	C	0.375	8.541710e-01	4.420791e+00	-6.160199e+01	1.000000e+05	1.000000e+05	8.495643e-01	8.364629e-01	8.395400e-01
14	14_910328	910328	0	G	A	0.438	-3.784441e-01	4.350973e+00	-6.161897e+01	1.000000e+05	1.000000e+05	9.319199e-01	9.259257e-01	9.272529e-01
14	14_910510	910510	1	A	G	0.400	-2.146386e+00	4.376985e+00	-6.148704e+01	1.000000e+05	1.000000e+05	6.314612e-01	6.016649e-01	6.113285e-01
14	14_910555	910555	1	C	T	0.333	-4.073844e+00	4.855409e+00	-6.123081e+01	1.000000e+05	1.000000e+05	4.155485e-01	3.756259e-01	3.962175e-01
14	14_910742	910742	0	A	G	0.312	4.945544e+00	4.444226e+00	-6.094524e+01	1.000000e+05	1.000000e+05	2.845364e-01	2.442137e-01	2.733046e-01
14	14_910822	910822	0	G	A	0.188	5.018895e+00	5.751478e+00	-6.119958e+01	1.000000e+05	1.000000e+05	3.975863e-01	3.572839e-01	3.789893e-01
14	14_910834	910834	1	T	A	0.067	1.222739e+01	8.720482e+00	-6.057205e+01	1.000000e+05	1.000000e+05	1.826540e-01	1.470605e-01	1.822180e-01
14	14_910926	910926	2	G	A	0.357	-4.640154e-01	4.636328e+00	-6.161757e+01	1.000000e+05	1.000000e+05	9.216979e-01	9.148099e-01	9.163427e-01
14	14_910939	910939	2	A	C	0.429	-4.717618e+00	3.964304e+00	-6.085242e+01	1.000000e+05	1.000000e+05	2.538265e-01	2.143589e-01	2.454417e-01
14	14_910964	910964	1	A	G	0.467	2.984978e+00	4.461751e+00	-6.137153e+01	1.000000e+05	1.000000e+05	5.143675e-01	4.779599e-01	4.929521e-01
14	14_910966	910966	0	T	C	0.500	-1.940902e+00	4.441670e+00	-6.151491e+01	1.000000e+05	1.000000e+05	6.687935e-01	6.415265e-01	6.497850e-01
14	14_910979	910979	1	A	G	0.400	-1.452014e+00	4.529474e+00	-6.156478e+01	1.000000e+05	1.000000e+05	7.532710e-01	7.322925e-01	7.378333e-01
14	14_911099	911099	2	A	G	0.429	-1.818065e+00	4.546825e+00	-6.153245e+01	1.000000e+05	1.000000e+05	6.952983e-01	6.699266e-01	6.772668e-01
14	14_911129	911129	0	T	C	0.438	3.709829e-01	4.522052e+00	-6.161944e+01	1.000000e+05	1.000000e+05	9.357774e-01	9.301211e-01	9.313713e-01
14	14_911206	911206	0	G	A	0.250	-6.364058e+00	4.369035e+00	-6.049439e+01	1.000000e+05	1.000000e+05	1.672798e-01	1.329423e-01	1.687844e-01
14	14_911262	911262	0	A	C	0.125	-6.224842e+00	6.826383e+00	-6.116171e+01	1.000000e+05	1.000000e+05	3.772667e-01	3.366459e-01	3.596401e-01
14	14_911292	911292	1	A	G	0.200	-9.156647e+00	5.405980e+00	-6.013195e+01	1.000000e+05	1.000000e+05	1.124246e-01	8.415957e-02	1.212734e-01
14	14_911297	911297	2	A	C	0.214	-9.710522e+00	5.410934e+00	-5.996688e+01	1.000000e+05	1.000000e+05	9.433043e-02	6.874180e-02	1.056328e-01
14	14_911308	911308	0	C	T	0.125	-6.176268e+00	6.113483e+00	-6.106034e+01	1.000000e+05	1.000000e+05	3.295089e-01	2.886532e-01	3.147658e-01
14	14_911314	911314	0	A	G	0.125	-6.176268e+00	6.113483e+00	-6.106034e+01	1.000000e+05	1.000000e+05	3.295089e-01	2.886532e-01	3.147658e-01
14	14_911321	911321	0	G	A	0.188	-6.324401e+00	5.521642e+00	-6.090670e+01	1.000000e+05	1.000000e+05	2.712530e-01	2.312474e-01	2.612080e-01
14	14_911352	911352	1	G	A	0.400	1.299265e+00	3.985317e+00	-6.156279e+01	1.000000e+05	1.000000e+05	7.492365e-01	7.279425e-01	7.335999e-01
14	14_911375	911375	1	G	A	0.267	-3.564959e+00	5.006997e+00	-6.133873e+01	1.000000e+05	1.000000e+05	4.881637e-01	4.506110e-01	4.669934e-01
14	14_911385	911385	0	G	A	0.312	-4.440858e+00	4.725854e+00	-6.115197e+01	5.329938e+01	1.000000e+05	3.633057e-01	3.316020e-01	3.549164e-01
14	14_911414	911414	1	G	A	0.200	-7.042149e+00	5.543945e+00	-6.075158e+01	9.916402e+02	1.000000e+05	2.247040e-01	1.867066e-01	2.195709e-01
14	14_924025	924025	0	C	T	0.375	-3.433922e+00	5.097869e+00	-6.136812e+01	1.000000e+05	1.000000e+05	5.115341e-01	4.749960e-01	4.901350e-01
14	14_924047	924047	0	A	C	0.312	-6.882651e+00	5.418797e+00	-6.075078e+01	1.000000e+05	1.000000e+05	2.247379e-01	1.865044e-01	2.193814e-01
14	14_924049	924049	0	A	T	0.312	-6.882651e+00	5.418797e+00	-6.075078e+01	1.000000e+05	1.000000e+05	2.247379e-01	1.865044e-01	2.193814e-01
14	14_924050	924050	0	G	C	0.312	-6.882651e+00	5.418797e+00	-6.075078e+01	1.000000e+05	1.000000e+05	2.247379e-01	1.865044e-01	2.193814e-01
14	14_924059	924059	0	T	C	0.250	-4.493435e+00	5.213480e+00	-6.120968e+01	1.000000e+05	1.000000e+05	4.032711e-01	3.630791e-01	3.844293e-01
14	14_924128	924128	0	G	A	0.125	-5.337749e-01	6.813711e+00	-6.161978e+01	1.000000e+05	1.000000e+05	9.386676e-01	9.332647e-01	9.344575e-01
14	14_924776	924776	0	A	G	0.125	-5.337749e-01	6.813711e+00	-6.161978e+01	1.000000e+05	1.000000e+05	9.386676e-01	9.332647e-01	9.344575e-01
14	14_924866	924866	0	G	A	0.438	-5.240450e+00	4.109253e+00	-6.074408e+01	1.000000e+05	1.000000e+05	2.229666e-01	1.848229e-01	2.178047e-01
