chr	rs	ps	n_miss	allele1	allele0	af	beta	se	logl_H1	l_remle	l_mle	p_wald	p_lrt	p_score
1	1_44747	44747	0	C	G	0.188	-5.149596e-02	1.378760e+00	-3.947070e+01	6.549384e-01	1.000000e+05	9.707337e-01	6.745647e-01	6.817611e-01
1	1_44753	44753	1	G	A	0.200	-2.754850e-01	1.392158e+00	-3.940553e+01	1.002958e+00	1.000000e+05	8.459807e-01	5.797408e-01	5.902387e-01
1	1_44785	44785	1	G	A	0.133	-7.368984e-01	1.654984e+00	-3.936850e+01	1.075446e+00	1.000000e+05	6.629391e-01	5.372212e-01	5.494691e-01
1	1_47564	47564	0	G	A	0.438	4.126262e-01	1.093584e+00	-3.938742e+01	1.258105e+00	1.000000e+05	7.115972e-01	5.581825e-01	5.695454e-01
1	1_47575	47575	0	G	A	0.500	3.015871e-02	1.086925e+00	-3.945780e+01	7.372235e-01	1.000000e+05	9.782557e-01	6.530305e-01	6.609090e-01
1	1_47671	47671	1	G	A	0.467	-1.195549e+00	1.060601e+00	-3.948741e+01	1.000000e-05	1.000000e+05	2.785922e-01	7.054386e-01	7.117197e-01
1	1_47684	47684	2	C	G	0.500	-8.945857e-01	1.118752e+00	-3.954635e+01	1.000000e-05	1.000000e+05	4.372840e-01	8.743491e-01	8.766552e-01
1	1_47686	47686	2	A	G	0.500	-8.945857e-01	1.118752e+00	-3.954635e+01	1.000000e-05	1.000000e+05	4.372840e-01	8.743491e-01	8.766552e-01
1	1_309593	309593	0	A	G	0.438	-3.740297e-01	1.069646e+00	-3.949949e+01	4.924837e-01	1.000000e+05	7.317860e-01	7.304207e-01	7.360115e-01
1	1_477160	477160	0	A	C	0.062	-2.294364e-01	2.215577e+00	-3.952178e+01	6.432980e-01	1.000000e+05	9.189905e-01	7.853822e-01	7.895947e-01
1	1_678413	678413	0	C	T	0.125	-3.733010e-01	1.641059e+00	-3.945469e+01	9.078814e-01	1.000000e+05	8.233423e-01	6.480789e-01	6.561196e-01
1	1_971811	971811	1	G	T	0.067	-1.811998e+00	2.105639e+00	-3.909709e+01	3.493857e-01	1.000000e+05	4.039854e-01	3.365507e-01	3.595509e-01
1	1_975012	975012	0	C	T	0.125	-2.846835e+00	1.491965e+00	-3.770956e+01	1.000000e+05	1.000000e+05	7.709804e-02	5.445841e-02	9.064861e-02
1	1_975152	975152	1	T	C	0.333	8.318121e-01	1.135015e+00	-3.914073e+01	3.276356e-01	1.000000e+05	4.757338e-01	3.604750e-01	3.819845e-01
1	1_975212	975212	0	C	T	0.375	3.697886e-01	1.136875e+00	-3.952820e+01	5.495602e-01	1.000000e+05	7.497886e-01	8.044283e-01	8.082028e-01
1	1_975397	975397	2	T	C	0.357	2.071623e-01	1.183292e+00	-3.954641e+01	4.022981e-01	1.000000e+05	8.635292e-01	8.746385e-01	8.769389e-01
1	1_975445	975445	2	T	C	0.214	-1.590115e+00	1.383085e+00	-3.883711e+01	1.000000e+05	1.000000e+05	2.695345e-01	2.295757e-01	2.596481e-01
1	1_975457	975457	1	A	G	0.333	-1.330118e+00	1.076736e+00	-3.858530e+01	3.498348e+00	1.000000e+05	2.370393e-01	1.629001e-01	1.971940e-01
1	1_975510	975510	1	T	C	0.133	1.926644e+00	1.541935e+00	-3.918199e+01	1.000000e-05	1.000000e+05	2.319695e-01	3.852990e-01	4.053159e-01
1	1_1231132	1231132	0	A	G	0.125	4.795901e-01	1.659511e+00	-3.936043e+01	1.459746e+00	1.000000e+05	7.768206e-01	5.287197e-01	5.413390e-01
1	1_1231136	1231136	0	G	C	0.125	4.795901e-01	1.659511e+00	-3.936043e+01	1.459746e+00	1.000000e+05	7.768206e-01	5.287197e-01	5.413390e-01
1	1_1231137	1231137	0	G	A	0.125	4.795901e-01	1.659511e+00	-3.936043e+01	1.459746e+00	1.000000e+05	7.768206e-01	5.287197e-01	5.413390e-01
1	1_1581524	1581524	1	A	G	0.133	7.948864e-01	1.620351e+00	-3.952260e+01	4.819833e-01	1.000000e+05	6.313339e-01	7.877283e-01	7.918859e-01
2	2_270700	270700	2	T	C	0.357	2.310991e+00	1.062113e+00	-3.722847e+01	1.000000e+05	1.000000e+05	4.718615e-02	3.085925e-02	6.401404e-02
2	2_270855	270855	0	G	A	0.438	1.661367e+00	1.097368e+00	-3.842202e+01	8.069016e-01	1.000000e+05	1.522828e-01	1.315887e-01	1.674913e-01
2	2_270969	270969	1	T	G	0.467	1.423096e+00	1.040345e+00	-3.927750e+01	1.000000e-05	1.000000e+05	1.928976e-01	4.531729e-01	4.694217e-01
2	2_270970	270970	1	T	A	0.467	1.423096e+00	1.040345e+00	-3.927750e+01	1.000000e-05	1.000000e+05	1.928976e-01	4.531729e-01	4.694217e-01
2	2_270971	270971	1	C	A	0.467	1.423096e+00	1.040345e+00	-3.927750e+01	1.000000e-05	1.000000e+05	1.928976e-01	4.531729e-01	4.694217e-01
2	2_270994	270994	0	A	G	0.500	1.491339e+00	9.931328e-01	-3.917991e+01	1.000000e-05	1.000000e+05	1.554026e-01	3.839889e-01	4.040831e-01
2	2_294465	294465	1	G	A	0.133	-4.823542e-01	1.645320e+00	-3.948028e+01	8.513571e-01	1.000000e+05	7.736948e-01	6.918065e-01	6.984829e-01
2	2_697983	697983	0	G	A	0.125	-1.998565e+00	1.678795e+00	-3.886532e+01	9.683670e-01	1.000000e+05	2.536548e-01	2.389029e-01	2.683505e-01
2	2_983795	983795	0	C	G	0.125	-1.998565e+00	1.678795e+00	-3.886532e+01	9.683670e-01	1.000000e+05	2.536548e-01	2.389029e-01	2.683505e-01
2	2_1225303	1225303	0	G	A	0.125	-1.998565e+00	1.678795e+00	-3.886532e+01	9.683670e-01	1.000000e+05	2.536548e-01	2.389029e-01	2.683505e-01
3	3_10892	10892	0	C	G	0.062	1.398273e+00	2.178626e+00	-3.955868e+01	1.000000e-05	1.000000e+05	5.313628e-01	9.849910e-01	9.852565e-01
3	3_207299	207299	1	A	G	0.133	-1.746331e+00	1.557200e+00	-3.934715e+01	1.000000e-05	1.000000e+05	2.809616e-01	5.152421e-01	5.284654e-01
3	3_750294	750294	0	T	G	0.312	1.841338e+00	1.100728e+00	-3.793941e+01	2.784038e+00	1.000000e+05	1.165482e-01	7.190931e-02	1.088841e-01
3	3_860957	860957	0	A	T	0.500	1.329626e+00	1.009402e+00	-3.915290e+01	1.000000e-05	1.000000e+05	2.089107e-01	3.675591e-01	3.886368e-01
3	3_862065	862065	0	G	A	0.250	6.754183e-01	1.211186e+00	-3.933203e+01	5.965281e-01	1.000000e+05	5.858899e-01	5.006105e-01	5.145108e-01
3	3_862068	862068	0	G	A	0.250	6.754183e-01	1.211186e+00	-3.933203e+01	5.965281e-01	1.000000e+05	5.858899e-01	5.006105e-01	5.145108e-01
3	3_862069	862069	1	A	G	0.267	5.126491e-01	1.230386e+00	-3.944728e+01	4.523897e-01	1.000000e+05	6.832469e-01	6.366575e-01	6.450802e-01
3	3_1071924	1071924	0	G	A	0.312	-1.690117e+00	1.156600e+00	-3.837539e+01	1.883916e+00	1.000000e+05	1.660183e-01	1.239306e-01	1.601553e-01
3	3_1071929	1071929	0	C	T	0.312	-1.690117e+00	1.156600e+00	-3.837539e+01	1.883916e+00	1.000000e+05	1.660183e-01	1.239306e-01	1.601553e-01
3	3_1234218	1234218	0	G	A	0.312	1.044615e+00	1.123521e+00	-3.897008e+01	8.994322e-01	1.000000e+05	3.682462e-01	2.778572e-01	3.046889e-01
4	4_667433	667433	0	G	T	0.188	2.919923e+00	1.210877e+00	-3.677984e+01	1.000000e+05	1.000000e+05	3.020123e-02	1.839606e-02	4.798254e-02
4	4_667446	667446	0	G	A	0.188	2.919923e+00	1.210877e+00	-3.677984e+01	1.000000e+05	1.000000e+05	3.020123e-02	1.839606e-02	4.798254e-02
4	4_667490	667490	1	G	A	0.267	1.445007e+00	1.187854e+00	-3.864366e+01	1.158011e+00	1.000000e+05	2.439122e-01	1.760822e-01	2.096002e-01
4	4_995956	995956	2	A	G	0.214	1.405937e+00	1.270642e+00	-3.866565e+01	2.078845e+00	1.000000e+05	2.871709e-01	1.813635e-01	2.145593e-01
4	4_1076446	1076446	0	G	A	0.375	-1.029022e+00	1.110206e+00	-3.910135e+01	8.242502e-01	1.000000e+05	3.696952e-01	3.387911e-01	3.616497e-01
4	4_1076465	1076465	0	G	A	0.438	-1.380162e+00	1.019115e+00	-3.859507e+01	7.193139e-01	1.000000e+05	1.971050e-01	1.650252e-01	1.991971e-01
5	5_7093	7093	0	G	A	0.312	1.745172e+00	1.075242e+00	-3.797182e+01	1.800525e+00	1.000000e+05	1.268733e-01	7.481585e-02	1.118489e-01
5	5_276722	276722	0	G	A	0.125	-1.998565e+00	1.678795e+00	-3.886532e+01	9.683670e-01	1.000000e+05	2.536548e-01	2.389029e-01	2.683505e-01
5	5_475470	475470	0	T	C	0.312	-6.236621e-01	1.130250e+00	-3.937054e+01	6.007085e-01	1.000000e+05	5.897912e-01	5.394178e-01	5.515709e-01
5	5_476407	476407	0	A	T	0.375	-4.182604e-01	1.092277e+00	-3.936423e+01	7.556033e-01	1.000000e+05	7.075263e-01	5.326962e-01	5.451408e-01
5	5_500266	500266	1	G	A	0.400	-7.294063e-01	1.133814e+00	-3.937834e+01	3.216754e-01	1.000000e+05	5.304129e-01	5.479356e-01	5.597256e-01
5	5_676974	676974	0	A	C	0.438	1.161547e-01	1.151503e+00	-3.948428e+01	1.227420e+00	1.000000e+05	9.210822e-01	6.993450e-01	7.058011e-01
5	5_835130	835130	1	A	G	0.400	-1.016934e+00	1.094781e+00	-3.926259e+01	1.000000e-05	1.000000e+05	3.686840e-01	4.414414e-01	4.583075e-01
5	5_835251	835251	1	G	C	0.333	-1.406127e+00	1.119276e+00	-3.868423e+01	4.152592e-01	1.000000e+05	2.295731e-01	1.859709e-01	2.188812e-01
5	5_835261	835261	0	A	G	0.312	-1.203290e+00	1.119325e+00	-3.893880e+01	3.901532e-01	1.000000e+05	3.005474e-01	2.654520e-01	2.931148e-01
5	5_836479	836479	0	G	A	0.312	2.070887e-01	1.131701e+00	-3.946606e+01	5.198897e-01	1.000000e+05	8.574303e-01	6.666100e-01	6.740540e-01
5	5_836568	836568	0	A	G	0.438	6.177569e-01	1.065031e+00	-3.938126e+01	3.701714e-01	1.000000e+05	5.711080e-01	5.511867e-01	5.628401e-01
5	5_836697	836697	0	A	G	0.500	-1.352161e+00	9.859830e-01	-3.843994e+01	8.054864e+00	1.000000e+05	1.918367e-01	1.346704e-01	1.704339e-01
5	5_836899	836899	1	G	A	0.067	-1.832375e+00	2.160567e+00	-3.949197e+01	1.000000e-05	1.000000e+05	4.106490e-01	7.145556e-01	7.205798e-01
5	5_1210544	1210544	0	G	A	0.125	-1.998565e+00	1.678795e+00	-3.886532e+01	9.683670e-01	1.000000e+05	2.536548e-01	2.389029e-01	2.683505e-01
5	5_1245074	1245074	0	A	G	0.250	4.275354e-01	1.359022e+00	-3.949247e+01	1.216575e+00	1.000000e+05	7.577121e-01	7.155774e-01	7.215731e-01
5	5_1770892	1770892	0	G	A	0.438	-2.100916e+00	9.209100e-01	-3.797586e+01	1.000000e-05	1.000000e+05	3.869348e-02	7.518682e-02	1.122261e-01
5	5_1773044	1773044	0	G	A	0.125	-1.220420e+00	1.594623e+00	-3.907671e+01	1.659841e+00	1.000000e+05	4.567813e-01	3.261118e-01	3.497771e-01
5	5_1773047	1773047	0	G	A	0.250	1.153864e+00	1.188638e+00	-3.900820e+01	2.716860e-01	1.000000e+05	3.481488e-01	2.939818e-01	3.197413e-01
6	6_191358	191358	0	C	T	0.062	-1.824760e+00	2.115624e+00	-3.908732e+01	7.626296e-01	1.000000e+05	4.029370e-01	3.314885e-01	3.548102e-01
6	6_220264	220264	1	G	A	0.533	-2.481531e+00	9.525394e-01	-3.631108e+01	2.053530e+00	1.000000e+05	2.076713e-02	1.081457e-02	3.660882e-02
6	6_220267	220267	1	G	A	0.533	-2.481531e+00	9.525394e-01	-3.631108e+01	2.053530e+00	1.000000e+05	2.076713e-02	1.081457e-02	3.660882e-02
6	6_221273	221273	2	A	G	0.429	-1.433401e+00	1.111390e+00	-3.864090e+01	5.523556e+01	1.000000e+05	2.180409e-01	1.754316e-01	2.089889e-01
6	6_221275	221275	1	A	G	0.467	-1.642728e+00	1.035227e+00	-3.823569e+01	1.000000e+05	1.000000e+05	1.348734e-01	1.037899e-01	1.406630e-01
6	6_221282	221282	0	C	A	0.500	1.505629e+00	9.726583e-01	-3.829494e+01	1.000000e+05	1.000000e+05	1.439372e-01	1.118537e-01	1.485067e-01
6	6_739933	739933	0	G	T	0.375	-1.350087e+00	1.044664e+00	-3.894879e+01	1.000000e-05	1.000000e+05	2.171552e-01	2.693366e-01	2.967388e-01
6	6_988043	988043	0	T	C	0.250	-1.174054e+00	1.285415e+00	-3.898055e+01	4.155069e+00	1.000000e+05	3.765117e-01	2.821713e-01	3.087151e-01
6	6_988098	988098	0	A	G	0.312	-1.111120e+00	1.212095e+00	-3.905297e+01	2.408526e+01	1.000000e+05	3.748243e-01	3.144812e-01	3.388969e-01
6	6_988261	988261	2	A	G	0.143	3.811203e+00	1.250620e+00	-3.548816e+01	1.000000e+05	1.000000e+05	8.693660e-03	4.326639e-03	2.421590e-02
6	6_988405	988405	1	T	C	0.267	-2.716482e-02	1.235940e+00	-3.953492e+01	4.248554e-01	1.000000e+05	9.827748e-01	8.268169e-01	8.300992e-01
6	6_988465	988465	0	T	C	0.500	-8.528665e-01	1.122945e+00	-3.921519e+01	1.236731e+00	1.000000e+05	4.601571e-01	4.070777e-01	4.258344e-01
6	6_988478	988478	1	G	A	0.467	5.793975e-01	1.087170e+00	-3.940374e+01	4.945111e-01	1.000000e+05	6.024322e-01	5.775464e-01	5.881303e-01
6	6_988549	988549	1	A	G	0.267	-3.667391e-01	1.291864e+00	-3.950792e+01	9.373965e-01	1.000000e+05	7.806547e-01	7.495961e-01	7.546853e-01
6	6_988553	988553	1	T	G	0.267	-4.134727e-01	1.312188e+00	-3.948686e+01	1.144635e+00	1.000000e+05	7.573320e-01	7.043538e-01	7.106659e-01
6	6_988631	988631	0	G	A	0.188	1.330947e+00	1.318387e+00	-3.884454e+01	4.336832e+00	1.000000e+05	3.298528e-01	2.319891e-01	2.619002e-01
6	6_988733	988733	1	A	G	0.600	-6.356013e-01	1.095945e+00	-3.920762e+01	8.161907e-01	1.000000e+05	5.711599e-01	4.019589e-01	4.210075e-01
6	6_988843	988843	3	A	G	0.462	7.199430e-01	1.168967e+00	-3.946326e+01	1.409940e-01	1.000000e+05	5.478570e-01	6.619269e-01	6.695191e-01
6	6_988922	988922	3	A	G	0.385	-6.364707e-01	1.196410e+00	-3.941259e+01	4.930058e-01	1.000000e+05	6.030776e-01	5.886010e-01	5.987563e-01
6	6_988930	988930	1	G	A	0.267	-8.066529e-01	1.216217e+00	-3.935996e+01	3.706748e-01	1.000000e+05	5.179446e-01	5.282309e-01	5.408718e-01
6	6_988960	988960	1	T	G	0.267	-6.236566e-01	1.221794e+00	-3.946008e+01	3.631927e-01	1.000000e+05	6.176940e-01	6.567164e-01	6.644755e-01
6	6_989188	989188	0	T	C	0.312	-8.156250e-01	1.107986e+00	-3.918375e+01	1.099714e+00	1.000000e+05	4.738045e-01	3.864108e-01	4.063623e-01
6	6_989334	989334	2	G	C	0.357	-9.716620e-01	1.165189e+00	-3.939517e+01	1.000000e-05	1.000000e+05	4.183338e-01	5.672138e-01	5.782089e-01
6	6_989453	989453	2	G	A	0.286	-9.986478e-01	1.237743e+00	-3.941487e+01	1.000000e-05	1.000000e+05	4.332580e-01	5.915284e-01	6.015721e-01
6	6_989490	989490	0	T	C	0.312	9.057451e-01	1.129107e+00	-3.946672e+01	6.165975e-02	1.000000e+05	4.358556e-01	6.677251e-01	6.751341e-01
6	6_989528	989528	0	T	C	0.562	2.100918e+00	9.209107e-01	-3.822539e+01	1.000000e-05	1.000000e+05	3.869348e-02	1.024536e-01	1.393572e-01
6	6_989732	989732	2	T	C	0.286	1.140438e+00	1.220286e+00	-3.932648e+01	1.121885e-01	1.000000e+05	3.658524e-01	4.954115e-01	5.095577e-01
6	6_989861	989861	2	A	G	0.500	1.065049e+00	1.108036e+00	-3.953159e+01	1.000000e-05	1.000000e+05	3.527578e-01	8.153577e-01	8.188890e-01
6	6_989960	989960	0	A	G	0.500	-6.577907e-01	1.029291e+00	-3.911999e+01	1.958218e+00	1.000000e+05	5.330936e-01	3.488266e-01	3.710558e-01
6	6_990258	990258	0	G	T	0.375	7.878322e-01	1.101469e+00	-3.937961e+01	2.908263e-01	1.000000e+05	4.862091e-01	5.493494e-01	5.610799e-01
6	6_990671	990671	4	A	G	0.333	1.021226e+00	1.326655e+00	-3.913950e+01	1.691905e+00	1.000000e+05	4.542266e-01	3.597680e-01	3.813208e-01
6	6_990699	990699	2	A	G	0.286	1.824371e+00	1.316482e+00	-3.848321e+01	1.854298e+01	1.000000e+05	1.874895e-01	1.424508e-01	1.778419e-01
6	6_990701	990701	1	G	A	0.267	5.948581e-01	1.378166e+00	-3.941984e+01	1.848180e+00	1.000000e+05	6.725831e-01	5.979971e-01	6.077971e-01
6	6_990771	990771	2	T	C	0.286	-9.760509e-01	1.487311e+00	-3.921810e+01	2.561251e+00	1.000000e+05	5.223027e-01	4.090678e-01	4.277117e-01
6	6_990777	990777	0	A	G	0.312	-1.412409e-01	1.346992e+00	-3.955287e+01	1.513605e+00	1.000000e+05	9.179771e-01	9.129287e-01	9.144965e-01
6	6_990851	990851	1	T	C	0.267	-7.527722e-01	1.516155e+00	-3.934821e+01	2.493596e+00	1.000000e+05	6.272458e-01	5.162997e-01	5.294750e-01
6	6_990862	990862	0	G	T	0.250	-9.420558e-01	1.481163e+00	-3.923088e+01	3.074356e+00	1.000000e+05	5.350205e-01	4.179950e-01	4.361378e-01
6	6_990885	990885	2	A	G	0.143	-2.098536e+00	1.652130e+00	-3.858140e+01	1.557914e+00	1.000000e+05	2.247182e-01	1.620588e-01	1.964007e-01
6	6_990992	990992	1	T	C	0.267	-1.472143e+00	1.334595e+00	-3.900397e+01	1.040872e+00	1.000000e+05	2.886002e-01	2.921316e-01	3.180136e-01
6	6_991027	991027	0	T	C	0.188	-2.358796e+00	1.464486e+00	-3.815492e+01	2.048608e+00	1.000000e+05	1.295617e-01	9.380344e-02	1.308585e-01
6	6_1031241	1031241	1	G	A	0.267	5.101472e-01	1.354285e+00	-3.946663e+01	1.163977e+00	1.000000e+05	7.120510e-01	6.675843e-01	6.749977e-01
6	6_1160524	1160524	0	A	G	0.312	-5.738186e-01	1.175101e+00	-3.949126e+01	6.353051e-01	1.000000e+05	6.328868e-01	7.131172e-01	7.191815e-01
6	6_1160528	1160528	0	A	G	0.312	-5.738186e-01	1.175101e+00	-3.949126e+01	6.353051e-01	1.000000e+05	6.328868e-01	7.131172e-01	7.191815e-01
6	6_1160532	1160532	0	A	G	0.312	-5.738186e-01	1.175101e+00	-3.949126e+01	6.353051e-01	1.000000e+05	6.328868e-01	7.131172e-01	7.191815e-01
7	7_11056	11056	1	A	C	0.467	-3.636293e-01	1.096621e+00	-3.933993e+01	1.133577e+00	1.000000e+05	7.451100e-01	5.081657e-01	5.217137e-01
7	7_14006	14006	1	A	G	0.200	1.742865e-01	1.395447e+00	-3.954937e+01	6.879614e-01	1.000000e+05	9.023812e-01	8.904851e-01	8.924774e-01
7	7_36839	36839	0	G	A	0.188	1.602354e+00	1.302253e+00	-3.948277e+01	1.000000e-05	1.000000e+05	2.388038e-01	6.964810e-01	7.030204e-01
7	7_49744	49744	0	G	A	0.062	-3.959782e-01	2.223109e+00	-3.950177e+01	7.320065e-01	1.000000e+05	8.611811e-01	7.354504e-01	7.409074e-01
7	7_164473	164473	2	G	A	0.357	7.100802e-01	1.184878e+00	-3.917762e+01	2.588276e+00	1.000000e+05	5.585566e-01	3.825576e-01	4.027366e-01
7	7_164511	164511	0	C	T	0.438	-1.357152e-01	1.126338e+00	-3.955869e+01	8.377315e-01	1.000000e+05	9.058052e-01	9.853936e-01	9.856521e-01
7	7_164589	164589	0	C	T	0.375	1.369493e-01	1.199772e+00	-3.952016e+01	1.316203e+00	1.000000e+05	9.107428e-01	7.808795e-01	7.851983e-01
7	7_164636	164636	1	A	G	0.400	4.931797e-01	1.120287e+00	-3.949711e+01	1.000000e-05	1.000000e+05	6.664938e-01	7.252791e-01	7.310085e-01
7	7_164887	164887	0	G	A	0.312	5.372311e-01	1.101993e+00	-3.923784e+01	8.465117e-01	1.000000e+05	6.334433e-01	4.229768e-01	4.408435e-01
7	7_164926	164926	2	G	A	0.214	5.944417e-01	1.373250e+00	-3.947263e+01	5.772852e-01	1.000000e+05	6.717018e-01	6.779510e-01	6.850435e-01
7	7_165027	165027	1	T	C	0.200	7.316749e-01	1.356608e+00	-3.943083e+01	5.775993e-01	1.000000e+05	5.981249e-01	6.128530e-01	6.221080e-01
7	7_165292	165292	0	C	A	0.625	-5.568670e-01	1.076105e+00	-3.925427e+01	8.556044e-01	1.000000e+05	6.128976e-01	4.350995e-01	4.523052e-01
7	7_165637	165637	0	G	A	0.562	2.829773e-01	1.062138e+00	-3.955884e+01	1.998176e-01	1.000000e+05	7.937978e-01	9.955353e-01	9.956143e-01
7	7_165657	165657	2	A	G	0.357	7.248618e-01	1.164987e+00	-3.931025e+01	4.503550e-01	1.000000e+05	5.438078e-01	4.807291e-01	4.955849e-01
7	7_165680	165680	0	T	C	0.375	1.844771e-01	1.080683e+00	-3.944058e+01	4.959107e-01	1.000000e+05	8.668988e-01	6.267075e-01	6.354720e-01
7	7_165704	165704	1	A	G	0.533	-4.958733e-01	1.061482e+00	-3.923678e+01	1.102735e+00	1.000000e+05	6.475787e-01	4.222140e-01	4.401229e-01
7	7_165798	165798	2	C	T	0.286	2.379168e+00	1.162327e+00	-3.746442e+01	1.000000e+05	1.000000e+05	5.991939e-02	4.069037e-02	7.550296e-02
7	7_165854	165854	2	C	T	0.357	2.159595e+00	1.051137e+00	-3.734802e+01	2.982158e+00	1.000000e+05	5.908536e-02	3.548546e-02	6.951082e-02
7	7_165873	165873	0	A	G	0.312	1.889906e+00	1.050153e+00	-3.829397e+01	3.242481e-01	1.000000e+05	9.349811e-02	1.117173e-01	1.483744e-01
7	7_165955	165955	1	T	C	0.467	-8.731696e-01	1.212725e+00	-3.922489e+01	1.842926e+00	1.000000e+05	4.833695e-01	4.137750e-01	4.321536e-01
7	7_166056	166056	1	A	C	0.467	-5.998969e-01	1.233086e+00	-3.947079e+01	1.102316e+00	1.000000e+05	6.341399e-01	6.747277e-01	6.819191e-01
7	7_166309	166309	1	G	A	0.467	-3.114466e-01	1.119406e+00	-3.938321e+01	1.172890e+00	1.000000e+05	7.849066e-01	5.533838e-01	5.649455e-01
7	7_166838	166838	0	T	A	0.188	-9.948363e-01	1.344828e+00	-3.955164e+01	1.000000e-05	1.000000e+05	4.716753e-01	9.044244e-01	9.061516e-01
7	7_166992	166992	0	A	G	0.312	-2.263043e-01	1.177986e+00	-3.955875e+01	5.850561e-01	1.000000e+05	8.504138e-01	9.885732e-01	9.887753e-01
7	7_167034	167034	2	T	C	0.286	1.529559e+00	1.265860e+00	-3.874394e+01	5.213295e+01	1.000000e+05	2.469402e-01	2.017261e-01	2.336342e-01
7	7_167035	167035	1	C	A	0.333	1.600136e+00	1.184100e+00	-3.857800e+01	1.000000e+05	1.000000e+05	1.980164e-01	1.613311e-01	1.957143e-01
7	7_167135	167135	2	A	G	0.500	-1.350533e+00	1.065680e+00	-3.847651e+01	1.132558e+00	1.000000e+05	2.257243e-01	1.412137e-01	1.766660e-01
7	7_167192	167192	0	C	T	0.438	-7.781686e-01	1.037325e+00	-3.911699e+01	5.801589e-01	1.000000e+05	4.655742e-01	3.471845e-01	3.695161e-01
7	7_167224	167224	1	T	A	0.333	-9.679324e-01	1.071567e+00	-3.887221e+01	1.436325e+00	1.000000e+05	3.816533e-01	2.412478e-01	2.705380e-01
7	7_167292	167292	2	A	G	0.429	-2.483821e+00	9.087102e-01	-3.613762e+01	1.000000e+05	1.000000e+05	1.616477e-02	8.901552e-03	3.335136e-02
7	7_167370	167370	1	A	G	0.400	2.893599e+00	8.142325e-01	-3.439733e+01	6.243157e+01	1.000000e+05	3.177025e-03	1.313792e-03	1.539872e-02
7	7_167655	167655	2	G	A	0.429	-2.782132e-01	1.176859e+00	-3.954748e+01	5.503084e-01	1.000000e+05	8.165435e-01	8.801352e-01	8.823278e-01
7	7_167687	167687	1	A	C	0.200	-4.497708e-01	1.370216e+00	-3.954689e+01	2.734158e-01	1.000000e+05	7.475820e-01	8.770800e-01	8.793325e-01
7	7_453828	453828	1	T	C	0.200	2.651435e-01	1.381010e+00	-3.944342e+01	8.625509e-01	1.000000e+05	8.505050e-01	6.308845e-01	6.395045e-01
7	7_479542	479542	0	A	G	0.125	-1.832377e+00	1.541981e+00	-3.932109e+01	1.000000e-05	1.000000e+05	2.544732e-01	4.904581e-01	5.048411e-01
7	7_672119	672119	0	G	A	0.312	-2.496320e-01	1.135836e+00	-3.955466e+01	2.506985e-01	1.000000e+05	8.292161e-01	9.270380e-01	9.283447e-01
7	7_752860	752860	2	A	T	0.286	8.499133e-01	1.245651e+00	-3.948088e+01	1.000000e-05	1.000000e+05	5.061792e-01	6.929104e-01	6.995543e-01
7	7_752861	752861	0	A	T	0.188	-9.948360e-01	1.344828e+00	-3.954843e+01	1.000000e-05	1.000000e+05	4.716754e-01	8.851850e-01	8.872795e-01
7	7_908360	908360	1	C	A	0.133	5.142413e-01	1.601537e+00	-3.955715e+01	1.370574e-01	1.000000e+05	7.528836e-01	9.534915e-01	9.543183e-01
7	7_1196178	1196178	0	C	T	0.625	-1.101140e+00	1.071160e+00	-3.906415e+01	9.085503e-02	1.000000e+05	3.213896e-01	3.198879e-01	3.439536e-01
7	7_1205599	1205599	2	G	T	0.286	-1.888739e+00	1.139497e+00	-3.812538e+01	1.000000e+05	1.000000e+05	1.196443e-01	9.041639e-02	1.275066e-01
7	7_1205600	1205600	1	G	A	0.267	-1.826701e+00	1.146515e+00	-3.822579e+01	1.000000e+05	1.000000e+05	1.334213e-01	1.025050e-01	1.394075e-01
7	7_1205735	1205735	2	T	A	0.214	-7.546289e-01	1.361778e+00	-3.931379e+01	6.321939e-01	1.000000e+05	5.882193e-01	4.838734e-01	4.985753e-01
7	7_1263585	1263585	0	T	C	0.375	2.453597e-01	1.203179e+00	-3.954379e+01	1.092781e+00	1.000000e+05	8.413458e-01	8.621830e-01	8.647311e-01
7	7_1263610	1263610	0	G	A	0.438	-2.219426e+00	9.604855e-01	-3.698131e+01	8.919568e-01	1.000000e+05	3.659741e-02	2.317843e-02	5.440349e-02
7	7_1263646	1263646	0	G	A	0.125	-1.832381e+00	1.541981e+00	-3.914666e+01	1.000000e-05	1.000000e+05	2.544721e-01	3.638984e-01	3.851987e-01
7	7_1263647	1263647	0	G	T	0.125	-1.832381e+00	1.541981e+00	-3.914666e+01	1.000000e-05	1.000000e+05	2.544721e-01	3.638984e-01	3.851987e-01
7	7_1266484	1266484	1	T	A	0.400	1.585091e+00	1.098413e+00	-3.832451e+01	2.473926e+00	1.000000e+05	1.710004e-01	1.161346e-01	1.526482e-01
7	7_1276916	1276916	0	A	G	0.188	4.092164e-01	1.360899e+00	-3.954168e+01	4.622977e-01	1.000000e+05	7.680658e-01	8.529582e-01	8.556932e-01
7	7_1276919	1276919	0	G	A	0.125	1.482773e+00	1.568595e+00	-3.946578e+01	1.000000e-05	1.000000e+05	3.605423e-01	6.661466e-01	6.736052e-01
7	7_1341024	1341024	0	A	C	0.312	-1.460575e+00	1.182282e+00	-3.866748e+01	1.678866e+00	1.000000e+05	2.370173e-01	1.818128e-01	2.149810e-01
8	8_817562	817562	2	T	C	0.071	1.603607e+00	2.147756e+00	-3.907961e+01	7.476632e-01	1.000000e+05	4.676333e-01	3.275678e-01	3.511398e-01
8	8_817567	817567	2	C	T	0.071	1.603607e+00	2.147756e+00	-3.907961e+01	7.476632e-01	1.000000e+05	4.676333e-01	3.275678e-01	3.511398e-01
8	8_817674	817674	1	A	G	0.133	-1.265374e-01	1.666943e+00	-3.955864e+01	7.246839e-01	1.000000e+05	9.405649e-01	9.836410e-01	9.839305e-01
8	8_818838	818838	3	G	A	0.385	4.482033e-01	1.200738e+00	-3.949941e+01	2.615630e-01	1.000000e+05	7.145365e-01	7.302448e-01	7.358403e-01
8	8_847517	847517	0	A	G	0.188	1.024444e+00	1.349300e+00	-3.942477e+01	1.315710e-01	1.000000e+05	4.603018e-01	6.045595e-01	6.141163e-01
8	8_874822	874822	1	G	A	0.133	1.102207e+00	1.602133e+00	-3.926690e+01	9.129922e-01	1.000000e+05	5.027167e-01	4.447856e-01	4.614742e-01
8	8_874895	874895	2	T	C	0.143	1.372073e+00	1.592983e+00	-3.948753e+01	1.000000e-05	1.000000e+05	4.035716e-01	7.056668e-01	7.119414e-01
8	8_874992	874992	0	C	T	0.125	-9.791400e-01	1.588669e+00	-3.947795e+01	1.806139e-01	1.000000e+05	5.475700e-01	6.875060e-01	6.943100e-01
8	8_1252135	1252135	1	T	C	0.400	-1.372577e+00	1.133973e+00	-3.902690e+01	4.474775e-01	1.000000e+05	2.461599e-01	3.023281e-01	3.275375e-01
8	8_1326133	1326133	0	A	G	0.188	-1.122883e-01	1.390859e+00	-3.955870e+01	6.795601e-01	1.000000e+05	9.367970e-01	9.859696e-01	9.862179e-01
8	8_1326140	1326140	0	G	A	0.125	-6.006298e-02	1.604038e+00	-3.954458e+01	4.261498e-01	1.000000e+05	9.706590e-01	8.658501e-01	8.683247e-01
8	8_1383765	1383765	0	A	G	0.438	-1.910949e+00	1.029562e+00	-3.779887e+01	1.000000e+05	1.000000e+05	8.461213e-02	6.063395e-02	9.719932e-02
9	9_5213	5213	1	G	C	0.067	-1.948861e+00	2.109890e+00	-3.902471e+01	7.859627e-01	1.000000e+05	3.713001e-01	3.013337e-01	3.266085e-01
9	9_6619	6619	0	C	T	0.250	2.165410e+00	1.091773e+00	-3.804960e+01	1.000000e-05	1.000000e+05	6.729262e-02	8.231949e-02	1.194292e-01
9	9_7470	7470	0	A	G	0.375	2.039381e+00	9.614784e-01	-3.797339e+01	1.000000e-05	1.000000e+05	5.225119e-02	7.495989e-02	1.119954e-01
9	9_7729	7729	0	C	T	0.375	1.409644e+00	9.484478e-01	-3.819054e+01	3.177094e+00	1.000000e+05	1.593795e-01	9.807179e-02	1.350626e-01
9	9_8171	8171	1	G	A	0.533	3.060780e-01	1.200193e+00	-3.955337e+01	8.509152e-01	1.000000e+05	8.024128e-01	9.165773e-01	9.180772e-01
9	9_10033	10033	0	C	T	0.250	-1.824640e-01	1.234435e+00	-3.951805e+01	6.433616e-01	1.000000e+05	8.845991e-01	7.751264e-01	7.795827e-01
9	9_220237	220237	1	A	G	0.133	-4.734681e-01	1.626616e+00	-3.945433e+01	6.969422e-01	1.000000e+05	7.752614e-01	6.475126e-01	6.555719e-01
9	9_220963	220963	0	C	T	0.188	-1.364537e+00	1.312602e+00	-3.906714e+01	2.999195e-01	1.000000e+05	3.161631e-01	3.213539e-01	3.453250e-01
9	9_705343	705343	1	G	A	0.200	2.144250e-01	1.403542e+00	-3.955353e+01	6.177324e-01	1.000000e+05	8.807563e-01	9.178367e-01	9.193132e-01
9	9_705571	705571	0	C	T	0.500	7.171296e-01	1.150094e+00	-3.924305e+01	1.492976e+00	1.000000e+05	5.429558e-01	4.267699e-01	4.444282e-01
9	9_706175	706175	1	G	A	0.400	1.302119e+00	1.085575e+00	-3.870375e+01	1.556038e+00	1.000000e+05	2.502507e-01	1.909577e-01	2.235547e-01
9	9_1115286	1115286	0	G	A	0.500	-5.389518e-01	1.087022e+00	-3.948914e+01	4.054204e-01	1.000000e+05	6.277237e-01	7.088619e-01	7.150458e-01
10	10_15220	15220	0	T	A	0.125	5.833225e-01	1.672314e+00	-3.955670e+01	5.251078e-01	1.000000e+05	7.324210e-01	9.476370e-01	9.485690e-01
10	10_15279	15279	1	A	G	0.267	-3.001296e-02	1.261254e+00	-3.946852e+01	6.526927e-01	1.000000e+05	9.813511e-01	6.708025e-01	6.781154e-01
10	10_15288	15288	1	C	T	0.267	2.152605e-02	1.266422e+00	-3.950620e+01	6.342514e-01	1.000000e+05	9.866784e-01	7.455613e-01	7.507540e-01
10	10_15302	15302	2	T	C	0.357	-1.884184e+00	9.906490e-01	-3.772018e+01	1.000000e+05	1.000000e+05	7.795255e-02	5.515634e-02	9.139526e-02
10	10_15428	15428	1	C	G	0.133	-1.961197e+00	1.558074e+00	-3.887375e+01	3.271470e-01	1.000000e+05	2.287130e-01	2.417779e-01	2.710325e-01
10	10_15438	15438	0	G	A	0.125	-1.810273e+00	1.560608e+00	-3.903478e+01	2.430268e-01	1.000000e+05	2.654578e-01	3.059357e-01	3.309086e-01
10	10_15441	15441	1	A	G	0.133	-1.961197e+00	1.558074e+00	-3.887375e+01	3.271470e-01	1.000000e+05	2.287130e-01	2.417779e-01	2.710325e-01
10	10_15449	15449	1	C	T	0.067	-3.339484e+00	2.500575e+00	-3.859958e+01	1.000000e+05	1.000000e+05	2.030249e-01	1.660168e-01	2.001313e-01
10	10_15455	15455	0	C	T	0.062	-2.957886e+00	2.500107e+00	-3.876418e+01	2.546378e+01	1.000000e+05	2.564701e-01	2.074201e-01	2.389582e-01
10	10_15458	15458	0	G	A	0.062	-2.957886e+00	2.500107e+00	-3.876418e+01	2.546378e+01	1.000000e+05	2.564701e-01	2.074201e-01	2.389582e-01
10	10_15461	15461	0	T	C	0.062	-2.957886e+00	2.500107e+00	-3.876418e+01	2.546378e+01	1.000000e+05	2.564701e-01	2.074201e-01	2.389582e-01
10	10_15463	15463	0	A	T	0.062	-2.957886e+00	2.500107e+00	-3.876418e+01	2.546378e+01	1.000000e+05	2.564701e-01	2.074201e-01	2.389582e-01
10	10_15473	15473	0	C	T	0.062	-2.957886e+00	2.500107e+00	-3.876418e+01	2.546378e+01	1.000000e+05	2.564701e-01	2.074201e-01	2.389582e-01
10	10_17879	17879	0	T	C	0.250	-6.160157e-01	1.223112e+00	-3.941546e+01	4.625118e-01	1.000000e+05	6.223418e-01	5.922852e-01	6.023003e-01
10	10_17897	17897	0	A	G	0.250	-6.160157e-01	1.223112e+00	-3.941546e+01	4.625118e-01	1.000000e+05	6.223418e-01	5.922852e-01	6.023003e-01
10	10_18092	18092	0	A	G	0.438	-5.914112e-01	1.084395e+00	-3.939376e+01	6.764926e-01	1.000000e+05	5.940730e-01	5.655473e-01	5.766097e-01
10	10_18647	18647	2	C	T	0.143	8.589046e-01	1.618447e+00	-3.954603e+01	1.000000e-05	1.000000e+05	6.039461e-01	8.727693e-01	8.751065e-01
10	10_18785	18785	0	G	A	0.125	2.030454e+00	1.524156e+00	-3.909201e+01	1.000000e-05	1.000000e+05	2.040807e-01	3.339058e-01	3.570737e-01
10	10_18869	18869	0	G	A	0.250	2.463662e+00	1.045634e+00	-3.751816e+01	1.000000e-05	1.000000e+05	3.356802e-02	4.335786e-02	7.850880e-02
10	10_18908	18908	0	G	A	0.438	-3.353246e-01	1.076867e+00	-3.951176e+01	5.395942e-01	1.000000e+05	7.600935e-01	7.589151e-01	7.637687e-01
10	10_18915	18915	0	T	C	0.438	-3.353246e-01	1.076867e+00	-3.951176e+01	5.395942e-01	1.000000e+05	7.600935e-01	7.589151e-01	7.637687e-01
10	10_18933	18933	0	A	G	0.438	-7.267728e-01	1.084315e+00	-3.932601e+01	6.961855e-01	1.000000e+05	5.135972e-01	4.949815e-01	5.091481e-01
10	10_18941	18941	2	T	C	0.500	-1.155525e+00	1.136758e+00	-3.893557e+01	1.192752e+00	1.000000e+05	3.266328e-01	2.642100e-01	2.919563e-01
10	10_18943	18943	1	G	A	0.533	-1.488676e+00	1.065111e+00	-3.846255e+01	1.071276e+00	1.000000e+05	1.839663e-01	1.386739e-01	1.742494e-01
10	10_18988	18988	3	A	G	0.077	1.144919e+00	2.206531e+00	-3.955536e+01	1.000000e-05	1.000000e+05	6.119506e-01	9.334126e-01	9.346026e-01
10	10_18992	18992	0	A	G	0.062	1.398273e+00	2.178626e+00	-3.955868e+01	1.000000e-05	1.000000e+05	5.313628e-01	9.849910e-01	9.852565e-01
10	10_18997	18997	2	G	A	0.071	1.281018e+00	2.194501e+00	-3.955703e+01	1.000000e-05	1.000000e+05	5.686813e-01	9.518331e-01	9.526896e-01
10	10_19002	19002	0	T	C	0.125	2.332823e+00	1.492923e+00	-3.929007e+01	1.000000e-05	1.000000e+05	1.404660e-01	4.634448e-01	4.791649e-01
10	10_19004	19004	0	G	A	0.125	2.332823e+00	1.492923e+00	-3.929007e+01	1.000000e-05	1.000000e+05	1.404660e-01	4.634448e-01	4.791649e-01
10	10_19015	19015	0	A	G	0.125	2.332823e+00	1.492923e+00	-3.929007e+01	1.000000e-05	1.000000e+05	1.404660e-01	4.634448e-01	4.791649e-01
10	10_19031	19031	0	G	A	0.062	1.398273e+00	2.178626e+00	-3.955868e+01	1.000000e-05	1.000000e+05	5.313628e-01	9.849910e-01	9.852565e-01
10	10_19067	19067	1	A	T	0.133	2.467060e+00	1.486688e+00	-3.847986e+01	8.198725e-02	1.000000e+05	1.192536e-01	1.418296e-01	1.772515e-01
10	10_318276	318276	0	G	A	0.250	1.395147e-01	1.238838e+00	-3.955885e+01	5.687667e-01	1.000000e+05	9.119327e-01	9.982493e-01	9.982803e-01
10	10_387430	387430	1	G	A	0.133	-1.828940e+00	1.730917e+00	-3.897093e+01	1.168940e+00	1.000000e+05	3.085731e-01	2.782035e-01	3.050121e-01
10	10_583208	583208	1	A	G	0.533	-1.601425e+00	1.021659e+00	-3.870175e+01	1.000000e-05	1.000000e+05	1.393226e-01	1.904399e-01	2.230696e-01
10	10_584652	584652	0	G	T	0.438	-1.348149e+00	1.032462e+00	-3.865050e+01	5.830123e-01	1.000000e+05	2.126836e-01	1.777053e-01	2.111250e-01
10	10_724149	724149	0	G	A	0.188	-1.336803e+00	1.320826e+00	-3.906906e+01	3.414159e-01	1.000000e+05	3.286651e-01	3.223024e-01	3.462124e-01
10	10_724150	724150	0	A	G	0.188	-1.336803e+00	1.320826e+00	-3.906906e+01	3.414159e-01	1.000000e+05	3.286651e-01	3.223024e-01	3.462124e-01
11	11_9749	9749	0	A	G	0.125	2.882541e+00	1.583713e+00	-3.785973e+01	1.000000e+05	1.000000e+05	9.018331e-02	6.526603e-02	1.020382e-01
11	11_10019	10019	1	G	C	0.400	-8.958407e-01	1.045594e+00	-3.889774e+01	1.058556e+00	1.000000e+05	4.059955e-01	2.501938e-01	2.788826e-01
11	11_10896	10896	0	C	G	0.062	-2.294364e-01	2.215577e+00	-3.952178e+01	6.432980e-01	1.000000e+05	9.189905e-01	7.853822e-01	7.895947e-01
11	11_10931	10931	0	T	A	0.125	-6.270647e-01	1.577144e+00	-3.929827e+01	1.231720e+00	1.000000e+05	6.969249e-01	4.703443e-01	4.857157e-01
11	11_10934	10934	0	G	T	0.188	-5.705187e-01	1.334801e+00	-3.926537e+01	1.321427e+00	1.000000e+05	6.755755e-01	4.435969e-01	4.603485e-01
11	11_104630	104630	0	A	G	0.188	7.634930e-01	1.357259e+00	-3.935820e+01	4.496003e-01	1.000000e+05	5.826541e-01	5.264146e-01	5.391359e-01
11	11_104688	104688	1	G	A	0.200	-4.878440e-01	1.390489e+00	-3.953803e+01	4.537802e-01	1.000000e+05	7.309292e-01	8.382988e-01	8.413373e-01
11	11_384025	384025	0	T	C	0.188	-9.673546e-01	1.340319e+00	-3.940799e+01	1.369002e-01	1.000000e+05	4.823386e-01	5.828072e-01	5.931857e-01
11	11_547884	547884	0	C	T	0.125	-1.998565e+00	1.678795e+00	-3.886532e+01	9.683670e-01	1.000000e+05	2.536548e-01	2.389029e-01	2.683505e-01
11	11_804706	804706	1	A	G	0.267	-4.455608e-01	1.190645e+00	-3.924727e+01	5.576324e-01	1.000000e+05	7.138491e-01	4.298696e-01	4.473587e-01
11	11_804710	804710	3	C	T	0.231	-1.251270e+00	1.293746e+00	-3.884801e+01	9.154103e-01	1.000000e+05	3.498718e-01	2.331275e-01	2.629623e-01
11	11_804742	804742	1	G	A	0.400	2.159877e+00	9.335646e-01	-3.675875e+01	2.803419e+00	1.000000e+05	3.640006e-02	1.795834e-02	4.737213e-02
11	11_804763	804763	1	C	T	0.200	1.319084e-01	1.393625e+00	-3.949182e+01	7.559083e-01	1.000000e+05	9.259332e-01	7.142436e-01	7.202765e-01
11	11_966513	966513	1	T	A	0.133	9.691291e-01	1.636366e+00	-3.929270e+01	1.060011e+00	1.000000e+05	5.631302e-01	4.656403e-01	4.812489e-01
11	11_966516	966516	0	C	T	0.125	8.494154e-01	1.639517e+00	-3.935847e+01	1.011083e+00	1.000000e+05	6.124865e-01	5.266889e-01	5.393981e-01
11	11_966519	966519	0	C	T	0.125	8.494154e-01	1.639517e+00	-3.935847e+01	1.011083e+00	1.000000e+05	6.124865e-01	5.266889e-01	5.393981e-01
11	11_966569	966569	1	C	G	0.133	9.691291e-01	1.636366e+00	-3.929270e+01	1.060011e+00	1.000000e+05	5.631302e-01	4.656403e-01	4.812489e-01
11	11_966644	966644	2	C	A	0.214	1.923229e+00	1.295809e+00	-3.894147e+01	1.000000e-05	1.000000e+05	1.599215e-01	2.664809e-01	2.940746e-01
11	11_966669	966669	1	C	T	0.400	-1.443049e-02	1.134782e+00	-3.955507e+01	5.884144e-01	1.000000e+05	9.900334e-01	9.306937e-01	9.319334e-01
11	11_966684	966684	2	T	C	0.429	2.525986e-01	1.176327e+00	-3.955309e+01	5.695627e-01	1.000000e+05	8.330703e-01	9.144974e-01	9.160360e-01
11	11_966699	966699	1	T	C	0.333	-9.849817e-01	1.157000e+00	-3.915826e+01	7.611508e-01	1.000000e+05	4.089154e-01	3.707408e-01	3.916261e-01
11	11_966700	966700	1	G	A	0.333	-9.849817e-01	1.157000e+00	-3.915826e+01	7.611508e-01	1.000000e+05	4.089154e-01	3.707408e-01	3.916261e-01
11	11_966735	966735	0	A	C	0.250	1.721529e-01	1.280221e+00	-3.954960e+01	7.028780e-01	1.000000e+05	8.949440e-01	8.917837e-01	8.937512e-01
11	11_966738	966738	1	T	A	0.267	-8.783088e-01	1.298862e+00	-3.919769e+01	2.053770e+00	1.000000e+05	5.099225e-01	3.953850e-01	4.148124e-01
11	11_966756	966756	0	A	G	0.188	-1.027122e+00	1.421664e+00	-3.915125e+01	5.756944e+00	1.000000e+05	4.818957e-01	3.665848e-01	3.877216e-01
11	11_966757	966757	0	T	C	0.188	-1.027122e+00	1.421664e+00	-3.915125e+01	5.756944e+00	1.000000e+05	4.818957e-01	3.665848e-01	3.877216e-01
11	11_966771	966771	0	T	C	0.250	-1.079439e+00	1.270657e+00	-3.903954e+01	2.907030e+00	1.000000e+05	4.098886e-01	3.081420e-01	3.329706e-01
11	11_1478119	1478119	0	A	G	0.312	-3.167210e-01	1.158141e+00	-3.942489e+01	9.107949e-01	1.000000e+05	7.884823e-01	6.047307e-01	6.142812e-01
12	12_11092	11092	0	G	A	0.312	-1.163815e+00	1.315682e+00	-3.908057e+01	1.547422e+00	1.000000e+05	3.913267e-01	3.280515e-01	3.515926e-01
12	12_11094	11094	0	A	G	0.500	1.350546e+00	1.007419e+00	-3.908433e+01	1.000000e-05	1.000000e+05	2.013998e-01	3.299630e-01	3.533819e-01
12	12_11122	11122	0	G	C	0.312	-1.030512e+00	1.148195e+00	-3.937674e+01	1.540405e-01	1.000000e+05	3.846240e-01	5.461632e-01	5.580282e-01
12	12_11170	11170	0	C	T	0.375	-4.238763e-01	1.156240e+00	-3.955411e+01	4.071424e-01	1.000000e+05	7.193995e-01	9.223735e-01	9.237661e-01
12	12_11223	11223	0	G	C	0.312	4.445980e-01	1.155114e+00	-3.954159e+01	1.066452e-01	1.000000e+05	7.060990e-01	8.525876e-01	8.553301e-01
12	12_11400	11400	0	A	C	0.438	1.779180e+00	9.681156e-01	-3.836860e+01	1.000000e-05	1.000000e+05	8.740764e-02	1.228576e-01	1.591245e-01
12	12_11406	11406	0	A	G	0.438	1.779180e+00	9.681156e-01	-3.836860e+01	1.000000e-05	1.000000e+05	8.740764e-02	1.228576e-01	1.591245e-01
12	12_11407	11407	0	C	A	0.438	1.779180e+00	9.681156e-01	-3.836860e+01	1.000000e-05	1.000000e+05	8.740764e-02	1.228576e-01	1.591245e-01
12	12_11410	11410	0	C	T	0.438	1.779180e+00	9.681156e-01	-3.836860e+01	1.000000e-05	1.000000e+05	8.740764e-02	1.228576e-01	1.591245e-01
12	12_11413	11413	1	T	G	0.467	1.676063e+00	1.013074e+00	-3.864130e+01	1.000000e-05	1.000000e+05	1.202770e-01	1.755249e-01	2.090766e-01
12	12_13936	13936	0	C	T	0.125	1.619445e-01	1.616889e+00	-3.951078e+01	6.663898e-01	1.000000e+05	9.216390e-01	7.564973e-01	7.614116e-01
12	12_13979	13979	2	T	C	0.143	-1.519427e-01	1.632988e+00	-3.954322e+01	4.294506e-01	1.000000e+05	9.271856e-01	8.596416e-01	8.622408e-01
12	12_14009	14009	0	C	T	0.250	-1.121241e+00	1.198790e+00	-3.943390e+01	1.000000e-05	1.000000e+05	3.654822e-01	6.171402e-01	6.262415e-01
12	12_14035	14035	1	C	T	0.400	-6.137621e-01	1.117946e+00	-3.954024e+01	3.405295e-02	1.000000e+05	5.916486e-01	8.470111e-01	8.498681e-01
12	12_14096	14096	0	C	T	0.375	8.760305e-01	1.057809e+00	-3.897965e+01	1.489305e+00	1.000000e+05	4.214762e-01	2.817980e-01	3.083668e-01
12	12_14104	14104	1	C	T	0.400	9.496572e-01	1.082721e+00	-3.896404e+01	8.754080e-01	1.000000e+05	3.952330e-01	2.754049e-01	3.024006e-01
12	12_14114	14114	0	T	C	0.312	1.299855e+00	1.099951e+00	-3.862978e+01	1.150212e+00	1.000000e+05	2.569940e-01	1.728397e-01	2.065526e-01
12	12_14125	14125	1	A	G	0.267	2.300246e+00	1.134801e+00	-3.750015e+01	1.000000e+05	1.000000e+05	6.214552e-02	4.244425e-02	7.748379e-02
12	12_14197	14197	0	G	A	0.125	-5.819423e-01	1.648283e+00	-3.942983e+01	9.564383e-01	1.000000e+05	7.293031e-01	6.114717e-01	6.207764e-01
12	12_14202	14202	0	A	G	0.125	-5.819423e-01	1.648283e+00	-3.942983e+01	9.564383e-01	1.000000e+05	7.293031e-01	6.114717e-01	6.207764e-01
12	12_14301	14301	2	G	A	0.571	3.526483e-01	1.173792e+00	-3.935247e+01	1.268568e+00	1.000000e+05	7.682604e-01	5.205680e-01	5.335504e-01
12	12_14318	14318	0	A	G	0.312	-7.798087e-01	1.135398e+00	-3.955885e+01	1.000000e-05	1.000000e+05	5.034175e-01	9.989229e-01	9.989420e-01
12	12_14741	14741	1	C	G	0.400	-2.722952e-01	1.164785e+00	-3.950025e+01	1.073592e+00	1.000000e+05	8.185450e-01	7.320745e-01	7.376212e-01
12	12_14783	14783	2	A	G	0.071	-1.735598e+00	2.063428e+00	-3.901115e+01	1.048218e+00	1.000000e+05	4.144150e-01	2.952770e-01	3.209510e-01
12	12_15014	15014	1	A	G	0.400	-9.003332e-01	1.080973e+00	-3.914271e+01	5.502611e-01	1.000000e+05	4.188886e-01	3.616123e-01	3.830522e-01
12	12_19728	19728	0	A	G	0.125	2.332823e+00	1.492923e+00	-3.929007e+01	1.000000e-05	1.000000e+05	1.404660e-01	4.634448e-01	4.791649e-01
12	12_19741	19741	0	C	T	0.188	1.995561e+00	1.262858e+00	-3.920891e+01	1.000000e-05	1.000000e+05	1.363848e-01	4.028245e-01	4.218236e-01
12	12_356356	356356	0	A	G	0.125	8.999961e-01	1.605879e+00	-3.933816e+01	9.402781e-01	1.000000e+05	5.840383e-01	5.064587e-01	5.200858e-01
12	12_356358	356358	0	A	G	0.125	8.999961e-01	1.605879e+00	-3.933816e+01	9.402781e-01	1.000000e+05	5.840383e-01	5.064587e-01	5.200858e-01
12	12_356374	356374	0	G	A	0.125	8.999961e-01	1.605879e+00	-3.933816e+01	9.402781e-01	1.000000e+05	5.840383e-01	5.064587e-01	5.200858e-01
12	12_502808	502808	2	A	G	0.357	-7.805109e-01	1.199779e+00	-3.937621e+01	6.229068e-01	1.000000e+05	5.258728e-01	5.455856e-01	5.574751e-01
12	12_502864	502864	2	T	C	0.500	9.727375e-01	1.120375e+00	-3.906928e+01	1.080522e+00	1.000000e+05	3.999102e-01	3.224083e-01	3.463115e-01
12	12_502865	502865	2	G	T	0.500	9.727375e-01	1.120375e+00	-3.906928e+01	1.080522e+00	1.000000e+05	3.999102e-01	3.224083e-01	3.463115e-01
12	12_502882	502882	2	G	A	0.429	-1.149920e+00	1.130654e+00	-3.890006e+01	7.321857e-01	1.000000e+05	3.263892e-01	2.510271e-01	2.796598e-01
12	12_502888	502888	0	G	A	0.500	-1.008701e+00	1.043259e+00	-3.894352e+01	7.242894e-01	1.000000e+05	3.500131e-01	2.672782e-01	2.948184e-01
12	12_502890	502890	3	G	A	0.462	-1.104089e+00	1.131516e+00	-3.887308e+01	1.114905e+00	1.000000e+05	3.457428e-01	2.415465e-01	2.708166e-01
12	12_502909	502909	0	C	T	0.375	-1.396396e-01	1.134747e+00	-3.955885e+01	6.402175e-01	1.000000e+05	9.038104e-01	9.989107e-01	9.989300e-01
12	12_502926	502926	2	G	C	0.429	-3.588242e-01	1.182587e+00	-3.955238e+01	5.004262e-01	1.000000e+05	7.660297e-01	9.094002e-01	9.110339e-01
12	12_502937	502937	2	C	T	0.357	-1.358571e+00	1.162992e+00	-3.867940e+01	1.824935e+00	1.000000e+05	2.622474e-01	1.847622e-01	2.177478e-01
12	12_502942	502942	0	T	C	0.375	-1.437243e+00	1.065748e+00	-3.852254e+01	9.918054e-01	1.000000e+05	1.988854e-01	1.499633e-01	1.849693e-01
12	12_502956	502956	1	A	G	0.333	-1.222589e+00	1.150850e+00	-3.879128e+01	2.421995e+00	1.000000e+05	3.060655e-01	2.153424e-01	2.463604e-01
12	12_503049	503049	1	C	G	0.200	2.046185e-02	1.358224e+00	-3.955481e+01	3.481790e-01	1.000000e+05	9.881928e-01	9.283596e-01	9.296421e-01
12	12_503112	503112	2	G	A	0.286	1.410123e+00	1.206820e+00	-3.914303e+01	5.773674e-02	1.000000e+05	2.621334e-01	3.617965e-01	3.832251e-01
12	12_503171	503171	3	G	A	0.308	4.211308e-01	1.272581e+00	-3.954964e+01	1.324988e-01	1.000000e+05	7.456009e-01	8.920253e-01	8.939881e-01
12	12_503254	503254	0	C	G	0.312	9.661480e-01	1.119305e+00	-3.927214e+01	1.538103e-01	1.000000e+05	4.025906e-01	4.488977e-01	4.653697e-01
12	12_503293	503293	1	A	C	0.400	6.592648e-01	1.151616e+00	-3.944087e+01	6.185190e-01	1.000000e+05	5.760825e-01	6.271406e-01	6.358900e-01
12	12_503311	503311	1	A	C	0.400	7.620094e-01	1.102420e+00	-3.919422e+01	1.060720e+00	1.000000e+05	5.007322e-01	3.931232e-01	4.126820e-01
12	12_503313	503313	2	T	A	0.571	-6.808141e-01	1.129759e+00	-3.922622e+01	1.254241e+00	1.000000e+05	5.563984e-01	4.147055e-01	4.330319e-01
12	12_503321	503321	2	C	T	0.500	-4.653236e-01	1.150506e+00	-3.942367e+01	8.970155e-01	1.000000e+05	6.919923e-01	6.030877e-01	6.126987e-01
12	12_503327	503327	1	A	C	0.400	-1.141901e-01	1.147113e+00	-3.955034e+01	7.484913e-01	1.000000e+05	9.221165e-01	8.961886e-01	8.980718e-01
12	12_503356	503356	0	A	C	0.312	4.075264e-01	1.267036e+00	-3.948640e+01	1.462849e+00	1.000000e+05	7.524791e-01	7.034581e-01	7.097958e-01
12	12_503357	503357	0	T	G	0.312	4.075264e-01	1.267036e+00	-3.948640e+01	1.462849e+00	1.000000e+05	7.524791e-01	7.034581e-01	7.097958e-01
12	12_503364	503364	0	T	C	0.312	4.075264e-01	1.267036e+00	-3.948640e+01	1.462849e+00	1.000000e+05	7.524791e-01	7.034581e-01	7.097958e-01
12	12_503366	503366	0	C	T	0.312	4.075264e-01	1.267036e+00	-3.948640e+01	1.462849e+00	1.000000e+05	7.524791e-01	7.034581e-01	7.097958e-01
12	12_503401	503401	0	A	G	0.375	2.508679e-01	1.107404e+00	-3.949728e+01	7.177874e-01	1.000000e+05	8.240581e-01	7.256461e-01	7.313656e-01
12	12_503416	503416	0	G	A	0.188	-2.957098e-02	1.508274e+00	-3.955689e+01	1.191223e+00	1.000000e+05	9.846345e-01	9.499967e-01	9.508863e-01
12	12_503422	503422	0	T	G	0.125	-1.825811e+00	1.551245e+00	-3.915937e+01	3.708831e-02	1.000000e+05	2.588202e-01	3.714022e-01	3.922476e-01
12	12_503453	503453	0	T	C	0.062	-1.707084e+00	2.162452e+00	-3.931570e+01	5.757019e-03	1.000000e+05	4.430313e-01	4.855813e-01	5.002001e-01
12	12_537923	537923	0	G	A	0.375	-1.381221e+00	1.032066e+00	-3.889851e+01	1.980952e-01	1.000000e+05	2.021273e-01	2.504676e-01	2.791380e-01
13	13_11108	11108	0	C	T	0.125	2.168928e+00	1.488926e+00	-3.826224e+01	7.201498e-01	1.000000e+05	1.672585e-01	1.073217e-01	1.441056e-01
13	13_11118	11118	0	T	C	0.250	6.466388e-01	1.225012e+00	-3.952212e+01	1.077151e-01	1.000000e+05	6.058603e-01	7.863553e-01	7.905450e-01
13	13_11130	11130	0	A	G	0.250	-2.322400e+00	1.037776e+00	-3.711242e+01	1.000000e+05	1.000000e+05	4.200365e-02	2.696790e-02	5.923345e-02
13	13_52884	52884	0	A	G	0.125	-1.811443e+00	1.529681e+00	-3.901062e+01	8.695232e-02	1.000000e+05	2.560511e-01	2.950413e-01	3.207309e-01
13	13_128625	128625	4	A	G	0.333	-6.667747e-01	1.298460e+00	-3.955695e+01	1.000000e-05	1.000000e+05	6.156014e-01	9.507479e-01	9.516239e-01
13	13_128715	128715	3	G	A	0.308	-1.287374e+00	1.239256e+00	-3.946209e+01	1.000000e-05	1.000000e+05	3.164945e-01	6.599956e-01	6.676494e-01
13	13_128729	128729	3	G	A	0.308	-1.287374e+00	1.239256e+00	-3.946209e+01	1.000000e-05	1.000000e+05	3.164945e-01	6.599956e-01	6.676494e-01
13	13_162462	162462	0	A	G	0.188	-7.222061e-01	1.357204e+00	-3.950022e+01	1.000000e-05	1.000000e+05	6.029803e-01	7.320151e-01	7.375633e-01
13	13_219021	219021	1	C	T	0.133	-1.606074e+00	1.589435e+00	-3.909608e+01	3.203174e-01	1.000000e+05	3.294173e-01	3.360222e-01	3.590558e-01
13	13_219311	219311	0	A	T	0.125	-2.010527e+00	1.603764e+00	-3.856806e+01	1.624549e+00	1.000000e+05	2.305077e-01	1.592238e-01	1.937257e-01
13	13_219312	219312	0	A	G	0.125	-2.010527e+00	1.603764e+00	-3.856806e+01	1.624549e+00	1.000000e+05	2.305077e-01	1.592238e-01	1.937257e-01
13	13_655915	655915	0	A	G	0.438	2.299040e+00	8.893723e-01	-3.643709e+01	1.000000e+05	1.000000e+05	2.159787e-02	1.246477e-02	3.926105e-02
13	13_742766	742766	2	G	A	0.214	-3.257629e-01	1.441404e+00	-3.943861e+01	1.057896e+00	1.000000e+05	8.244646e-01	6.238508e-01	6.327151e-01
13	13_742771	742771	0	C	A	0.250	-6.116457e-01	1.258590e+00	-3.930388e+01	1.291546e+00	1.000000e+05	6.345017e-01	4.751593e-01	4.902902e-01
14	14_155590	155590	0	T	C	0.125	-2.607993e+00	1.453259e+00	-3.785653e+01	2.586797e+01	1.000000e+05	9.433522e-02	6.501297e-02	1.017753e-01
14	14_342562	342562	0	G	T	0.375	1.527154e+00	1.053756e+00	-3.834038e+01	2.025258e+00	1.000000e+05	1.692970e-01	1.185068e-01	1.549370e-01
14	14_383626	383626	0	G	A	0.125	-1.998565e+00	1.678795e+00	-3.886532e+01	9.683670e-01	1.000000e+05	2.536548e-01	2.389029e-01	2.683505e-01
14	14_852745	852745	0	G	T	0.125	-1.998565e+00	1.678795e+00	-3.886532e+01	9.683670e-01	1.000000e+05	2.536548e-01	2.389029e-01	2.683505e-01
14	14_908850	908850	0	G	A	0.375	8.755943e-01	1.081697e+00	-3.936579e+01	2.381894e-02	1.000000e+05	4.317919e-01	5.343410e-01	5.467139e-01
14	14_908994	908994	1	C	T	0.133	-8.565537e-01	1.612180e+00	-3.949330e+01	2.925410e-01	1.000000e+05	6.035379e-01	7.172797e-01	7.232283e-01
14	14_909011	909011	1	T	C	0.133	-8.565537e-01	1.612180e+00	-3.949330e+01	2.925410e-01	1.000000e+05	6.035379e-01	7.172797e-01	7.232283e-01
14	14_909450	909450	0	G	T	0.250	-1.644429e+00	1.124547e+00	-3.837847e+01	6.232470e-01	1.000000e+05	1.657419e-01	1.244210e-01	1.606261e-01
14	14_909472	909472	0	G	T	0.312	-2.080723e+00	1.078108e+00	-3.767159e+01	1.000000e+05	1.000000e+05	7.412418e-02	5.203856e-02	8.804612e-02
14	14_909504	909504	1	T	G	0.333	-2.144023e+00	1.071907e+00	-3.754799e+01	1.000000e+05	1.000000e+05	6.526468e-02	4.491772e-02	8.024863e-02
14	14_909638	909638	0	C	T	0.250	3.115594e+00	9.129879e-01	-3.596456e+01	1.000000e-05	1.000000e+05	4.206771e-03	7.336906e-03	3.049392e-02
14	14_909661	909661	0	G	A	0.250	7.674662e-01	1.218534e+00	-3.952753e+01	1.000000e-05	1.000000e+05	5.389514e-01	8.023728e-01	8.061937e-01
14	14_909704	909704	0	G	A	0.375	2.069607e+00	9.577832e-01	-3.787788e+01	1.996318e-02	1.000000e+05	4.852744e-02	6.671910e-02	1.035445e-01
14	14_910040	910040	1	A	G	0.400	-2.187852e+00	9.646284e-01	-3.800253e+01	1.000000e-05	1.000000e+05	3.967667e-02	7.768635e-02	1.147606e-01
14	14_910103	910103	0	A	G	0.438	-2.244639e+00	8.963623e-01	-3.790534e+01	1.000000e-05	1.000000e+05	2.526251e-02	6.898433e-02	1.058825e-01
14	14_910152	910152	1	A	G	0.333	-1.571446e+00	1.226292e+00	-3.876717e+01	1.002073e+00	1.000000e+05	2.208501e-01	2.082775e-01	2.397595e-01
14	14_910181	910181	1	G	A	0.400	-1.576480e+00	1.129143e+00	-3.869497e+01	7.619193e-01	1.000000e+05	1.844078e-01	1.886975e-01	2.214370e-01
14	14_910258	910258	1	T	G	0.467	-8.043477e-01	1.176087e+00	-3.938484e+01	7.146259e-01	1.000000e+05	5.051901e-01	5.552322e-01	5.667170e-01
14	14_910323	910323	0	T	C	0.375	4.410544e-01	1.096734e+00	-3.952362e+01	2.885561e-01	1.000000e+05	6.936444e-01	7.906686e-01	7.947576e-01
14	14_910328	910328	0	G	A	0.438	-5.490230e-02	1.077734e+00	-3.952948e+01	5.972651e-01	1.000000e+05	9.600912e-01	8.084963e-01	8.121797e-01
14	14_910510	910510	1	A	G	0.400	-1.855480e-01	1.119672e+00	-3.946787e+01	5.645442e-01	1.000000e+05	8.707494e-01	6.696977e-01	6.770450e-01
14	14_910555	910555	1	C	T	0.333	-6.129916e-01	1.170659e+00	-3.943867e+01	4.165057e-01	1.000000e+05	6.087260e-01	6.239398e-01	6.328009e-01
14	14_910742	910742	0	A	G	0.312	1.025175e+00	1.115929e+00	-3.908669e+01	8.962309e-01	1.000000e+05	3.738229e-01	3.311682e-01	3.545102e-01
14	14_910822	910822	0	G	A	0.188	9.749718e-01	1.395413e+00	-3.923442e+01	1.179758e+00	1.000000e+05	4.961845e-01	4.205161e-01	4.385188e-01
14	14_910834	910834	1	T	A	0.067	2.317394e+00	2.208675e+00	-3.883767e+01	4.493502e+00	1.000000e+05	3.118511e-01	2.297557e-01	2.598161e-01
14	14_910926	910926	2	G	A	0.357	4.049785e-01	1.180909e+00	-3.951312e+01	5.617439e-01	1.000000e+05	7.367400e-01	7.623327e-01	7.671014e-01
14	14_910939	910939	2	A	C	0.429	2.386586e-01	1.121510e+00	-3.938623e+01	5.432853e-01	1.000000e+05	8.345495e-01	5.568141e-01	5.682335e-01
14	14_910964	910964	1	A	G	0.467	-4.862414e-01	1.112232e+00	-3.934086e+01	1.259374e+00	1.000000e+05	6.686517e-01	5.090699e-01	5.225761e-01
14	14_910966	910966	0	T	C	0.500	5.332248e-01	1.086945e+00	-3.929615e+01	1.649984e+00	1.000000e+05	6.313287e-01	4.685477e-01	4.840094e-01
14	14_910979	910979	1	A	G	0.400	-1.536515e+00	1.061453e+00	-3.833899e+01	5.897293e+00	1.000000e+05	1.697619e-01	1.182963e-01	1.547341e-01
14	14_911099	911099	2	A	G	0.429	1.694153e+00	1.061328e+00	-3.816256e+01	1.841736e+01	1.000000e+05	1.327505e-01	9.470188e-02	1.317453e-01
14	14_911129	911129	0	T	C	0.438	2.247865e+00	9.677153e-01	-3.695091e+01	1.000000e+05	1.000000e+05	3.576414e-02	2.238152e-02	5.336157e-02
14	14_911206	911206	0	G	A	0.250	-1.554338e-01	1.223407e+00	-3.955748e+01	3.910377e-01	1.000000e+05	9.007077e-01	9.582284e-01	9.589702e-01
14	14_911262	911262	0	A	C	0.125	7.216603e-01	1.651829e+00	-3.940710e+01	8.537575e-01	1.000000e+05	6.688575e-01	5.816933e-01	5.921151e-01
14	14_911292	911292	1	A	G	0.200	-1.574818e+00	1.356530e+00	-3.883700e+01	7.988550e-01	1.000000e+05	2.650888e-01	2.295413e-01	2.596160e-01
14	14_911297	911297	2	A	C	0.214	-1.478435e+00	1.376541e+00	-3.897766e+01	7.211973e-01	1.000000e+05	3.009763e-01	2.809711e-01	3.075950e-01
14	14_911308	911308	0	C	T	0.125	-1.188400e+00	1.585592e+00	-3.912160e+01	1.203242e+00	1.000000e+05	4.659648e-01	3.497126e-01	3.718866e-01
14	14_911314	911314	0	A	G	0.125	-1.188400e+00	1.585592e+00	-3.912160e+01	1.203242e+00	1.000000e+05	4.659648e-01	3.497126e-01	3.718866e-01
14	14_911321	911321	0	G	A	0.188	-2.539815e-01	1.408379e+00	-3.953538e+01	8.260461e-01	1.000000e+05	8.594731e-01	8.284478e-01	8.316951e-01
14	14_911352	911352	1	G	A	0.400	1.547955e+00	1.049408e+00	-3.912176e+01	1.000000e-05	1.000000e+05	1.623249e-01	3.497980e-01	3.719668e-01
14	14_911375	911375	1	G	A	0.267	-8.045393e-01	1.231246e+00	-3.955499e+01	1.976363e-02	1.000000e+05	5.240632e-01	9.299850e-01	9.312377e-01
14	14_911385	911385	0	G	A	0.312	-1.014904e+00	1.127416e+00	-3.943471e+01	1.198200e-01	1.000000e+05	3.832354e-01	6.182857e-01	6.273463e-01
14	14_911414	911414	1	G	A	0.200	-3.657917e-01	1.418972e+00	-3.952650e+01	8.237985e-01	1.000000e+05	8.003223e-01	7.992058e-01	8.030986e-01
14	14_924025	924025	0	C	T	0.375	-1.929316e+00	9.775710e-01	-3.863485e+01	1.000000e-05	1.000000e+05	6.850229e-02	1.740165e-01	2.076589e-01
14	14_924047	924047	0	A	C	0.312	-2.332128e+00	9.716392e-01	-3.794469e+01	1.000000e-05	1.000000e+05	3.085713e-02	7.237461e-02	1.093599e-01
14	14_924049	924049	0	A	T	0.312	-2.332128e+00	9.716392e-01	-3.794469e+01	1.000000e-05	1.000000e+05	3.085713e-02	7.237461e-02	1.093599e-01
14	14_924050	924050	0	G	C	0.312	-2.332128e+00	9.716392e-01	-3.794469e+01	1.000000e-05	1.000000e+05	3.085713e-02	7.237461e-02	1.093599e-01
14	14_924059	924059	0	T	C	0.250	-2.137780e+00	1.095657e+00	-3.850606e+01	1.000000e-05	1.000000e+05	7.134525e-02	1.467613e-01	1.819343e-01
14	14_924128	924128	0	G	A	0.125	-1.808399e+00	1.555699e+00	-3.900396e+01	1.837569e-01	1.000000e+05	2.644921e-01	2.921285e-01	3.180107e-01
14	14_924776	924776	0	A	G	0.125	-1.808399e+00	1.555699e+00	-3.900396e+01	1.837569e-01	1.000000e+05	2.644921e-01	2.921285e-01	3.180107e-01
14	14_924866	924866	0	G	A	0.438	-1.741512e+00	9.892346e-01	-3.795904e+01	1.000000e+05	1.000000e+05	1.001479e-01	7.365534e-02	1.106672e-01
