chr	rs	ps	n_miss	allele1	allele0	af	beta	se	logl_H1	l_remle	l_mle	p_wald	p_lrt	p_score
1	1_44747	44747	0	C	G	0.188	-1.502803e+01	1.516285e+01	-7.883788e+01	1.000000e-05	1.000000e+05	3.384541e-01	2.359853e-01	2.656286e-01
1	1_44753	44753	1	G	A	0.200	-1.685604e+01	1.515233e+01	-7.868593e+01	1.000000e-05	1.000000e+05	2.846872e-01	1.912032e-01	2.237847e-01
1	1_44785	44785	1	G	A	0.133	-2.158008e+01	1.768430e+01	-7.864553e+01	1.000000e-05	1.000000e+05	2.425096e-01	1.810318e-01	2.142480e-01
1	1_47564	47564	0	G	A	0.438	-2.846532e+00	1.231803e+01	-7.954001e+01	1.000000e-05	1.000000e+05	8.205906e-01	9.896875e-01	9.898699e-01
1	1_47575	47575	0	G	A	0.500	-7.581640e+00	1.207589e+01	-7.951255e+01	1.000000e-05	1.000000e+05	5.402198e-01	8.144471e-01	8.179985e-01
1	1_47671	47671	1	G	A	0.467	-1.290760e+01	1.219598e+01	-7.936664e+01	1.000000e-05	1.000000e+05	3.078162e-01	5.558663e-01	5.673249e-01
1	1_47684	47684	2	C	G	0.500	-1.267307e+01	1.264436e+01	-7.930062e+01	1.000000e-05	1.000000e+05	3.332224e-01	4.889046e-01	5.033625e-01
1	1_47686	47686	2	A	G	0.500	-1.267307e+01	1.264436e+01	-7.930062e+01	1.000000e-05	1.000000e+05	3.332224e-01	4.889046e-01	5.033625e-01
1	1_309593	309593	0	A	G	0.438	-6.671604e+00	1.221201e+01	-7.914519e+01	1.000000e-05	1.000000e+05	5.934497e-01	3.741558e-01	3.948356e-01
1	1_477160	477160	0	A	C	0.062	-9.491888e+00	2.516501e+01	-7.930728e+01	1.000000e-05	1.000000e+05	7.116914e-01	4.950045e-01	5.091700e-01
1	1_678413	678413	0	C	T	0.125	-1.090293e+01	1.828148e+01	-7.906396e+01	1.000000e-05	1.000000e+05	5.604337e-01	3.291417e-01	3.526131e-01
1	1_971811	971811	1	G	T	0.067	-2.184955e+01	2.466713e+01	-7.924947e+01	1.000000e-05	1.000000e+05	3.906994e-01	4.458238e-01	4.624575e-01
1	1_975012	975012	0	C	T	0.125	-1.545360e+00	1.850765e+01	-7.908593e+01	1.000000e-05	1.000000e+05	9.346374e-01	3.405606e-01	3.633076e-01
1	1_975152	975152	1	T	C	0.333	9.219905e+00	1.318511e+01	-7.924588e+01	1.000000e-05	1.000000e+05	4.958401e-01	4.430285e-01	4.598102e-01
1	1_975212	975212	0	C	T	0.375	1.427201e+01	1.205733e+01	-7.899270e+01	1.000000e-05	1.000000e+05	2.562496e-01	2.954132e-01	3.210782e-01
1	1_975397	975397	2	T	C	0.357	1.919818e+01	1.265924e+01	-7.829862e+01	1.000000e-05	1.000000e+05	1.516356e-01	1.150861e-01	1.516352e-01
1	1_975445	975445	2	T	C	0.214	2.184980e+00	1.594021e+01	-7.935592e+01	1.000000e-05	1.000000e+05	8.929245e-01	5.439019e-01	5.558629e-01
1	1_975457	975457	1	A	G	0.333	-6.409228e+00	1.330357e+01	-7.915527e+01	1.000000e-05	1.000000e+05	6.374151e-01	3.803287e-01	4.006399e-01
1	1_975510	975510	1	T	C	0.133	-5.392611e+00	1.854511e+01	-7.934234e+01	1.000000e-05	1.000000e+05	7.754802e-01	5.294155e-01	5.420042e-01
1	1_1231132	1231132	0	A	G	0.125	3.152920e+00	1.849307e+01	-7.935362e+01	1.000000e-05	1.000000e+05	8.670626e-01	5.414077e-01	5.534753e-01
1	1_1231136	1231136	0	G	C	0.125	3.152920e+00	1.849307e+01	-7.935362e+01	1.000000e-05	1.000000e+05	8.670626e-01	5.414077e-01	5.534753e-01
1	1_1231137	1231137	0	G	A	0.125	3.152920e+00	1.849307e+01	-7.935362e+01	1.000000e-05	1.000000e+05	8.670626e-01	5.414077e-01	5.534753e-01
1	1_1581524	1581524	1	A	G	0.133	1.591800e+01	1.810801e+01	-7.937757e+01	1.000000e-05	1.000000e+05	3.942077e-01	5.685891e-01	5.795288e-01
2	2_270700	270700	2	T	C	0.357	2.128360e+01	1.241880e+01	-7.730177e+01	1.000000e-05	1.000000e+05	1.086056e-01	3.436109e-02	6.819119e-02
2	2_270855	270855	0	G	A	0.438	8.973798e+00	1.210624e+01	-7.942209e+01	1.000000e-05	1.000000e+05	4.707916e-01	6.271116e-01	6.358620e-01
2	2_270969	270969	1	T	G	0.467	1.659241e+01	1.187341e+01	-7.913638e+01	1.000000e-05	1.000000e+05	1.840341e-01	3.688819e-01	3.898795e-01
2	2_270970	270970	1	T	A	0.467	1.659241e+01	1.187341e+01	-7.913638e+01	1.000000e-05	1.000000e+05	1.840341e-01	3.688819e-01	3.898795e-01
2	2_270971	270971	1	C	A	0.467	1.659241e+01	1.187341e+01	-7.913638e+01	1.000000e-05	1.000000e+05	1.840341e-01	3.688819e-01	3.898795e-01
2	2_270994	270994	0	A	G	0.500	1.549207e+01	1.152346e+01	-7.929008e+01	1.000000e-05	1.000000e+05	2.002005e-01	4.794859e-01	4.944028e-01
2	2_294465	294465	1	G	A	0.133	2.570947e+00	1.858835e+01	-7.946375e+01	1.000000e-05	1.000000e+05	8.919654e-01	6.959759e-01	7.025300e-01
2	2_697983	697983	0	G	A	0.125	-2.184968e+01	1.756713e+01	-7.870288e+01	1.000000e-05	1.000000e+05	2.340038e-01	1.956675e-01	2.279651e-01
2	2_983795	983795	0	C	G	0.125	-2.184968e+01	1.756713e+01	-7.870288e+01	1.000000e-05	1.000000e+05	2.340038e-01	1.956675e-01	2.279651e-01
2	2_1225303	1225303	0	G	A	0.125	-2.184968e+01	1.756713e+01	-7.870288e+01	1.000000e-05	1.000000e+05	2.340038e-01	1.956675e-01	2.279651e-01
3	3_10892	10892	0	C	G	0.062	-1.892784e+00	2.528749e+01	-7.949803e+01	1.000000e-05	1.000000e+05	9.413926e-01	7.717711e-01	7.763084e-01
3	3_207299	207299	1	A	G	0.133	-2.693964e-01	1.860090e+01	-7.944530e+01	1.000000e-05	1.000000e+05	9.886490e-01	6.632695e-01	6.708191e-01
3	3_750294	750294	0	T	G	0.312	5.389133e+00	1.312985e+01	-7.923184e+01	1.000000e-05	1.000000e+05	6.876892e-01	4.323466e-01	4.497011e-01
3	3_860957	860957	0	A	T	0.500	5.713066e+00	1.214913e+01	-7.953296e+01	1.000000e-05	1.000000e+05	6.454218e-01	9.049206e-01	9.066385e-01
3	3_862065	862065	0	G	A	0.250	-3.998250e+00	1.409852e+01	-7.954008e+01	1.000000e-05	1.000000e+05	7.808726e-01	9.960677e-01	9.961373e-01
3	3_862068	862068	0	G	A	0.250	-3.998250e+00	1.409852e+01	-7.954008e+01	1.000000e-05	1.000000e+05	7.808726e-01	9.960677e-01	9.961373e-01
3	3_862069	862069	1	A	G	0.267	-5.827168e+00	1.421366e+01	-7.950612e+01	1.000000e-05	1.000000e+05	6.880328e-01	7.943501e-01	7.983541e-01
3	3_1071924	1071924	0	G	A	0.312	4.490389e+00	1.315398e+01	-7.953470e+01	1.000000e-05	1.000000e+05	7.378937e-01	9.172569e-01	9.187441e-01
3	3_1071929	1071929	0	C	T	0.312	4.490389e+00	1.315398e+01	-7.953470e+01	1.000000e-05	1.000000e+05	7.378937e-01	9.172569e-01	9.187441e-01
3	3_1234218	1234218	0	G	A	0.312	2.205228e+01	1.182080e+01	-7.742511e+01	1.000000e-05	1.000000e+05	8.319731e-02	3.971609e-02	7.439478e-02
4	4_667433	667433	0	G	T	0.188	3.770007e+01	1.404841e+01	-7.602370e+01	1.017018e+01	1.000000e+05	1.782017e-02	8.003058e-03	3.173555e-02
4	4_667446	667446	0	G	A	0.188	3.770007e+01	1.404841e+01	-7.602370e+01	1.017018e+01	1.000000e+05	1.782017e-02	8.003058e-03	3.173555e-02
4	4_667490	667490	1	G	A	0.267	1.703878e+01	1.355421e+01	-7.817464e+01	1.000000e-05	1.000000e+05	2.292911e-01	9.842359e-02	1.354082e-01
4	4_995956	995956	2	A	G	0.214	1.126830e+01	1.566401e+01	-7.895826e+01	1.000000e-05	1.000000e+05	4.837460e-01	2.807063e-01	3.073478e-01
4	4_1076446	1076446	0	G	A	0.375	-5.348937e+00	1.256522e+01	-7.943860e+01	1.000000e-05	1.000000e+05	6.768025e-01	6.523251e-01	6.602266e-01
4	4_1076465	1076465	0	G	A	0.438	-9.255400e-01	1.233902e+01	-7.952981e+01	1.000000e-05	1.000000e+05	9.412687e-01	8.859579e-01	8.880375e-01
5	5_7093	7093	0	G	A	0.312	2.211463e+01	1.181248e+01	-7.716897e+01	1.000000e-05	1.000000e+05	8.222516e-02	2.943052e-02	6.227735e-02
5	5_276722	276722	0	G	A	0.125	-2.184968e+01	1.756713e+01	-7.870288e+01	1.000000e-05	1.000000e+05	2.340038e-01	1.956675e-01	2.279651e-01
5	5_475470	475470	0	T	C	0.312	3.022250e-01	1.320835e+01	-7.953850e+01	1.000000e-05	1.000000e+05	9.820678e-01	9.549490e-01	9.557495e-01
5	5_476407	476407	0	A	T	0.375	-1.000514e+01	1.236034e+01	-7.885521e+01	1.000000e-05	1.000000e+05	4.317962e-01	2.418533e-01	2.711029e-01
5	5_500266	500266	1	G	A	0.400	5.526286e+00	1.282228e+01	-7.943573e+01	1.000000e-05	1.000000e+05	6.730369e-01	6.477694e-01	6.558203e-01
5	5_676974	676974	0	A	C	0.438	3.423286e+00	1.230755e+01	-7.922163e+01	1.000000e-05	1.000000e+05	7.849667e-01	4.248241e-01	4.425891e-01
5	5_835130	835130	1	A	G	0.400	-1.896814e+01	1.186982e+01	-7.847749e+01	1.000000e-05	1.000000e+05	1.323579e-01	1.448927e-01	1.801612e-01
5	5_835251	835251	1	G	C	0.333	-1.642207e+01	1.267502e+01	-7.890002e+01	1.000000e-05	1.000000e+05	2.160604e-01	2.578719e-01	2.860442e-01
5	5_835261	835261	0	A	G	0.312	-1.407052e+01	1.266198e+01	-7.910015e+01	1.000000e-05	1.000000e+05	2.851847e-01	3.482346e-01	3.705007e-01
5	5_836479	836479	0	G	A	0.312	1.947854e+01	1.213944e+01	-7.774892e+01	1.000000e-05	1.000000e+05	1.309034e-01	5.839651e-02	9.484003e-02
5	5_836568	836568	0	A	G	0.438	1.255752e+01	1.187640e+01	-7.852710e+01	1.000000e-05	1.000000e+05	3.082561e-01	1.546291e-01	1.893848e-01
5	5_836697	836697	0	A	G	0.500	-9.637157e+00	1.197075e+01	-7.836394e+01	1.000000e-05	1.000000e+05	4.342458e-01	1.250975e-01	1.612754e-01
5	5_836899	836899	1	G	A	0.067	-2.184949e+01	2.466715e+01	-7.946535e+01	1.000000e-05	1.000000e+05	3.907011e-01	6.990303e-01	7.054956e-01
5	5_1210544	1210544	0	G	A	0.125	-2.184968e+01	1.756713e+01	-7.870288e+01	1.000000e-05	1.000000e+05	2.340038e-01	1.956675e-01	2.279651e-01
5	5_1245074	1245074	0	A	G	0.250	-2.609099e+00	1.412179e+01	-7.948405e+01	1.000000e-05	1.000000e+05	8.560693e-01	7.377883e-01	7.431836e-01
5	5_1770892	1770892	0	G	A	0.438	-2.368018e+01	1.059524e+01	-7.761732e+01	1.000000e-05	1.000000e+05	4.223194e-02	4.987848e-02	8.570393e-02
5	5_1773044	1773044	0	G	A	0.125	-1.600975e+01	1.801098e+01	-7.875742e+01	1.000000e-05	1.000000e+05	3.890808e-01	2.108847e-01	2.421960e-01
5	5_1773047	1773047	0	G	A	0.250	8.014431e+00	1.397577e+01	-7.896665e+01	1.000000e-05	1.000000e+05	5.754355e-01	2.842012e-01	3.106098e-01
6	6_191358	191358	0	C	T	0.062	1.750844e+01	2.485591e+01	-7.941850e+01	1.000000e-05	1.000000e+05	4.927372e-01	6.219196e-01	6.308516e-01
6	6_220264	220264	1	G	A	0.533	-2.323629e+01	1.104882e+01	-7.685286e+01	1.000000e-05	1.000000e+05	5.402674e-02	2.043356e-02	5.077003e-02
6	6_220267	220267	1	G	A	0.533	-2.323629e+01	1.104882e+01	-7.685286e+01	1.000000e-05	1.000000e+05	5.402674e-02	2.043356e-02	5.077003e-02
6	6_221273	221273	2	A	G	0.429	-1.653242e+01	1.246589e+01	-7.777236e+01	1.000000e-05	1.000000e+05	2.059997e-01	6.006960e-02	9.660566e-02
6	6_221275	221275	1	A	G	0.467	-1.868996e+01	1.170150e+01	-7.724793e+01	1.105750e-01	1.000000e+05	1.325337e-01	3.226553e-02	6.570440e-02
6	6_221282	221282	0	C	A	0.500	1.874395e+01	1.120033e+01	-7.714039e+01	1.480013e-01	1.000000e+05	1.164124e-01	2.846968e-02	6.109767e-02
6	6_739933	739933	0	G	T	0.375	-1.619636e+01	1.188238e+01	-7.838678e+01	1.000000e-05	1.000000e+05	1.943864e-01	1.288240e-01	1.648469e-01
6	6_988043	988043	0	T	C	0.250	-8.555323e+00	1.395287e+01	-7.852528e+01	1.000000e-05	1.000000e+05	5.496036e-01	1.542578e-01	1.890337e-01
6	6_988098	988098	0	A	G	0.312	-8.674070e+00	1.310635e+01	-7.842051e+01	6.999729e-02	1.000000e+05	5.188311e-01	1.345531e-01	1.703220e-01
6	6_988261	988261	2	A	G	0.143	2.644360e+01	1.731749e+01	-7.746265e+01	1.000000e-05	1.000000e+05	1.490366e-01	4.151456e-02	7.643601e-02
6	6_988405	988405	1	T	C	0.267	-5.025688e+00	1.423550e+01	-7.917776e+01	1.000000e-05	1.000000e+05	7.293182e-01	3.946147e-01	4.140868e-01
6	6_988465	988465	0	T	C	0.500	-4.868008e+00	1.217540e+01	-7.928170e+01	1.000000e-05	1.000000e+05	6.953202e-01	4.722193e-01	4.874967e-01
6	6_988478	988478	1	G	A	0.467	4.461679e+00	1.261825e+01	-7.945296e+01	1.000000e-05	1.000000e+05	7.289147e-01	6.763529e-01	6.834943e-01
6	6_988549	988549	1	A	G	0.267	1.623125e+01	1.362483e+01	-7.915424e+01	1.000000e-05	1.000000e+05	2.533416e-01	3.796889e-01	4.000381e-01
6	6_988553	988553	1	T	G	0.267	1.305787e+01	1.386632e+01	-7.934119e+01	1.000000e-05	1.000000e+05	3.623145e-01	5.282222e-01	5.408635e-01
6	6_988631	988631	0	G	A	0.188	1.059190e+01	1.542822e+01	-7.869873e+01	1.000000e-05	1.000000e+05	5.035935e-01	1.945628e-01	2.269310e-01
6	6_988733	988733	1	A	G	0.600	-3.247891e+00	1.287782e+01	-7.922881e+01	1.000000e-05	1.000000e+05	8.045452e-01	4.300943e-01	4.475711e-01
6	6_988843	988843	3	A	G	0.462	3.811831e+00	1.358650e+01	-7.953652e+01	1.000000e-05	1.000000e+05	7.831511e-01	9.326065e-01	9.338112e-01
6	6_988922	988922	3	A	G	0.385	-1.604063e+01	1.328660e+01	-7.893380e+01	1.000000e-05	1.000000e+05	2.473268e-01	2.708188e-01	2.981216e-01
6	6_988930	988930	1	G	A	0.267	-1.518159e+01	1.371097e+01	-7.905867e+01	1.000000e-05	1.000000e+05	2.868443e-01	3.264688e-01	3.501112e-01
6	6_988960	988960	1	T	G	0.267	-1.854183e+01	1.341255e+01	-7.895526e+01	1.000000e-05	1.000000e+05	1.884986e-01	2.794716e-01	3.061955e-01
6	6_989188	989188	0	T	C	0.312	-1.095566e+01	1.287998e+01	-7.885925e+01	1.000000e-05	1.000000e+05	4.093062e-01	2.432461e-01	2.724020e-01
6	6_989334	989334	2	G	C	0.357	7.436769e+00	1.351416e+01	-7.920985e+01	1.000000e-05	1.000000e+05	5.907901e-01	4.163891e-01	4.346215e-01
6	6_989453	989453	2	G	A	0.286	7.002409e-02	1.448812e+01	-7.950983e+01	1.000000e-05	1.000000e+05	9.962119e-01	8.056775e-01	8.094240e-01
6	6_989490	989490	0	T	C	0.312	-1.064423e+01	1.289862e+01	-7.884365e+01	1.000000e-05	1.000000e+05	4.230844e-01	2.379191e-01	2.674328e-01
6	6_989528	989528	0	T	C	0.562	1.481490e+01	1.168913e+01	-7.894833e+01	1.000000e-05	1.000000e+05	2.256855e-01	2.766392e-01	3.035524e-01
6	6_989732	989732	2	T	C	0.286	1.338963e+01	1.403922e+01	-7.931870e+01	1.000000e-05	1.000000e+05	3.563984e-01	5.057787e-01	5.194373e-01
6	6_989861	989861	2	A	G	0.500	1.735877e+01	1.224043e+01	-7.909848e+01	1.000000e-05	1.000000e+05	1.780214e-01	3.473220e-01	3.696450e-01
6	6_989960	989960	0	A	G	0.500	-5.876259e+00	1.214356e+01	-7.917575e+01	1.000000e-05	1.000000e+05	6.359391e-01	3.933120e-01	4.128598e-01
6	6_990258	990258	0	G	T	0.375	-1.884271e-01	1.264618e+01	-7.953549e+01	1.000000e-05	1.000000e+05	9.883223e-01	9.235472e-01	9.249181e-01
6	6_990671	990671	4	A	G	0.333	1.700366e+01	1.429152e+01	-7.859533e+01	1.000000e-05	1.000000e+05	2.539222e-01	1.692554e-01	2.031808e-01
6	6_990699	990699	2	A	G	0.286	1.224155e+01	1.411390e+01	-7.888734e+01	1.000000e-05	1.000000e+05	4.003782e-01	2.532082e-01	2.816942e-01
6	6_990701	990701	1	G	A	0.267	8.573183e+00	1.411398e+01	-7.921356e+01	1.000000e-05	1.000000e+05	5.532943e-01	4.190211e-01	4.371069e-01
6	6_990771	990771	2	T	C	0.286	-4.492775e+00	1.443832e+01	-7.938550e+01	1.000000e-05	1.000000e+05	7.602564e-01	5.781823e-01	5.887412e-01
6	6_990777	990777	0	A	G	0.312	2.316075e+00	1.319413e+01	-7.952295e+01	1.000000e-05	1.000000e+05	8.631703e-01	8.531154e-01	8.558471e-01
6	6_990851	990851	1	T	C	0.267	-2.653304e+00	1.428118e+01	-7.945128e+01	1.000000e-05	1.000000e+05	8.552742e-01	6.734259e-01	6.806574e-01
6	6_990862	990862	0	G	T	0.250	-4.502769e+00	1.408770e+01	-7.934439e+01	1.000000e-05	1.000000e+05	7.539730e-01	5.315607e-01	5.440551e-01
6	6_990885	990885	2	A	G	0.143	-1.746384e+00	1.869829e+01	-7.953656e+01	1.000000e-05	1.000000e+05	9.269108e-01	9.330440e-01	9.342408e-01
6	6_990992	990992	1	T	C	0.267	-2.071593e+00	1.428804e+01	-7.953991e+01	1.000000e-05	1.000000e+05	8.867871e-01	9.846891e-01	9.849601e-01
6	6_991027	991027	0	T	C	0.188	-9.209504e+00	1.549150e+01	-7.939267e+01	1.000000e-05	1.000000e+05	5.616710e-01	5.871287e-01	5.973404e-01
6	6_1031241	1031241	1	G	A	0.267	-4.099120e+00	1.425673e+01	-7.944639e+01	1.000000e-05	1.000000e+05	7.779249e-01	6.650864e-01	6.725785e-01
6	6_1160524	1160524	0	A	G	0.312	7.064130e+00	1.307299e+01	-7.946311e+01	1.000000e-05	1.000000e+05	5.974402e-01	6.947800e-01	7.013691e-01
6	6_1160528	1160528	0	A	G	0.312	7.064130e+00	1.307299e+01	-7.946311e+01	1.000000e-05	1.000000e+05	5.974402e-01	6.947800e-01	7.013691e-01
6	6_1160532	1160532	0	A	G	0.312	7.064130e+00	1.307299e+01	-7.946311e+01	1.000000e-05	1.000000e+05	5.974402e-01	6.947800e-01	7.013691e-01
7	7_11056	11056	1	A	C	0.467	-2.167750e-01	1.267434e+01	-7.934077e+01	1.000000e-05	1.000000e+05	9.865954e-01	5.277938e-01	5.404540e-01
7	7_14006	14006	1	A	G	0.200	-5.851702e+00	1.573029e+01	-7.945932e+01	1.000000e-05	1.000000e+05	7.154615e-01	6.877438e-01	6.945407e-01
7	7_36839	36839	0	G	A	0.188	-1.237388e+00	1.568229e+01	-7.930288e+01	1.000000e-05	1.000000e+05	9.382261e-01	4.909579e-01	5.053169e-01
7	7_49744	49744	0	G	A	0.062	-1.086024e+01	2.512546e+01	-7.935181e+01	1.000000e-05	1.000000e+05	6.721499e-01	5.394483e-01	5.516001e-01
7	7_164473	164473	2	G	A	0.357	1.655481e+01	1.292312e+01	-7.774177e+01	1.000000e-05	1.000000e+05	2.209999e-01	5.789635e-02	9.431052e-02
7	7_164511	164511	0	C	T	0.438	-2.823760e+00	1.231841e+01	-7.952239e+01	1.000000e-05	1.000000e+05	8.220045e-01	8.507445e-01	8.535247e-01
7	7_164589	164589	0	C	T	0.375	5.944572e-01	1.264529e+01	-7.951179e+01	1.000000e-05	1.000000e+05	9.631692e-01	8.119315e-01	8.155385e-01
7	7_164636	164636	1	A	G	0.400	7.635002e+00	1.274474e+01	-7.953963e+01	1.000000e-05	1.000000e+05	5.586957e-01	9.757617e-01	9.761909e-01
7	7_164887	164887	0	G	A	0.312	-2.629423e+00	1.318988e+01	-7.953932e+01	1.000000e-05	1.000000e+05	8.448541e-01	9.686963e-01	9.692512e-01
7	7_164926	164926	2	G	A	0.214	-1.447093e+01	1.547493e+01	-7.894192e+01	1.000000e-05	1.000000e+05	3.655765e-01	2.740539e-01	3.011401e-01
7	7_165027	165027	1	T	C	0.200	-1.239171e+01	1.545702e+01	-7.915503e+01	1.000000e-05	1.000000e+05	4.361302e-01	3.801790e-01	4.004991e-01
7	7_165292	165292	0	C	A	0.625	-7.906811e+00	1.246846e+01	-7.888257e+01	1.000000e-05	1.000000e+05	5.362111e-01	2.514819e-01	2.800840e-01
7	7_165637	165637	0	G	A	0.562	-1.024361e+00	1.233845e+01	-7.948758e+01	1.000000e-05	1.000000e+05	9.350096e-01	7.458757e-01	7.510603e-01
7	7_165657	165657	2	A	G	0.357	4.913254e+00	1.359627e+01	-7.944625e+01	1.000000e-05	1.000000e+05	7.232198e-01	6.648444e-01	6.723440e-01
7	7_165680	165680	0	T	C	0.375	-3.301528e+00	1.261545e+01	-7.953609e+01	1.000000e-05	1.000000e+05	7.973597e-01	9.287098e-01	9.299859e-01
7	7_165704	165704	1	A	G	0.533	-5.334412e+00	1.259402e+01	-7.920355e+01	1.000000e-05	1.000000e+05	6.783169e-01	4.119807e-01	4.304601e-01
7	7_165798	165798	2	C	T	0.286	1.911258e+01	1.411099e+01	-7.774980e+01	3.878833e-01	1.000000e+05	1.970515e-01	5.845847e-02	9.490557e-02
7	7_165854	165854	2	C	T	0.357	1.460505e+01	1.308995e+01	-7.869254e+01	1.000000e-05	1.000000e+05	2.833166e-01	1.929300e-01	2.254021e-01
7	7_165873	165873	0	A	G	0.312	1.727807e+01	1.237512e+01	-7.910808e+01	1.000000e-05	1.000000e+05	1.844020e-01	3.526133e-01	3.746073e-01
7	7_165955	165955	1	T	C	0.467	-2.283628e+01	1.126851e+01	-7.754381e+01	5.179362e-02	1.000000e+05	6.219621e-02	4.570144e-02	8.111812e-02
7	7_166056	166056	1	A	C	0.467	-1.831218e+01	1.169146e+01	-7.845547e+01	1.000000e-05	1.000000e+05	1.396000e-01	1.407954e-01	1.762682e-01
7	7_166309	166309	1	G	A	0.467	-3.459764e+00	1.264070e+01	-7.932389e+01	1.000000e-05	1.000000e+05	7.883115e-01	5.108145e-01	5.242404e-01
7	7_166838	166838	0	T	A	0.188	-2.214341e+01	1.452652e+01	-7.909293e+01	1.000000e-05	1.000000e+05	1.496903e-01	3.443077e-01	3.668192e-01
7	7_166992	166992	0	A	G	0.312	-7.868348e-01	1.320694e+01	-7.953679e+01	1.000000e-05	1.000000e+05	9.533343e-01	9.351790e-01	9.363368e-01
7	7_167034	167034	2	T	C	0.286	1.893129e+01	1.357595e+01	-7.779995e+01	1.000000e-05	1.000000e+05	1.849101e-01	6.210402e-02	9.874142e-02
7	7_167035	167035	1	C	A	0.333	1.316112e+01	1.294400e+01	-7.837826e+01	1.000000e-05	1.000000e+05	3.265113e-01	1.274187e-01	1.635010e-01
7	7_167135	167135	2	A	G	0.500	-2.717657e+01	1.089022e+01	-7.592059e+01	1.000000e-05	1.000000e+05	2.568889e-02	7.133658e-03	3.010675e-02
7	7_167192	167192	0	C	T	0.438	-2.373412e+01	1.058660e+01	-7.655581e+01	1.000000e-05	1.000000e+05	4.168529e-02	1.456306e-02	4.247102e-02
7	7_167224	167224	1	T	A	0.333	-1.593763e+01	1.271910e+01	-7.790758e+01	1.000000e-05	1.000000e+05	2.307134e-01	7.077172e-02	1.077190e-01
7	7_167292	167292	2	A	G	0.429	-2.653178e+01	1.117461e+01	-7.594727e+01	1.477769e-01	1.000000e+05	3.242501e-02	7.348906e-03	3.051665e-02
7	7_167370	167370	1	A	G	0.400	3.324856e+01	9.361085e+00	-7.420261e+01	1.000000e-05	1.000000e+05	3.189601e-03	1.085953e-03	1.443418e-02
7	7_167655	167655	2	G	A	0.429	-1.911638e+01	1.219914e+01	-7.837197e+01	1.000000e-05	1.000000e+05	1.394273e-01	1.263931e-01	1.625181e-01
7	7_167687	167687	1	A	C	0.200	-1.982438e+01	1.489349e+01	-7.899770e+01	1.000000e-05	1.000000e+05	2.044349e-01	2.976300e-01	3.231486e-01
7	7_453828	453828	1	T	C	0.200	3.803954e-01	1.580751e+01	-7.948391e+01	1.000000e-05	1.000000e+05	9.811410e-01	7.374572e-01	7.428612e-01
7	7_479542	479542	0	A	G	0.125	-1.902626e+00	1.850526e+01	-7.951038e+01	1.000000e-05	1.000000e+05	9.195677e-01	8.074041e-01	8.111119e-01
7	7_672119	672119	0	G	A	0.312	6.541930e+00	1.309236e+01	-7.940414e+01	1.000000e-05	1.000000e+05	6.250649e-01	6.020507e-01	6.117000e-01
7	7_752860	752860	2	A	T	0.286	-1.999887e+00	1.447827e+01	-7.951859e+01	1.000000e-05	1.000000e+05	8.921045e-01	8.357090e-01	8.388020e-01
7	7_752861	752861	0	A	T	0.188	-2.214340e+01	1.452652e+01	-7.917854e+01	1.000000e-05	1.000000e+05	1.496904e-01	3.951269e-01	4.145693e-01
7	7_908360	908360	1	C	A	0.133	-7.342872e+00	1.849721e+01	-7.931132e+01	1.000000e-05	1.000000e+05	6.973738e-01	4.987714e-01	5.127583e-01
7	7_1196178	1196178	0	C	T	0.625	-5.698091e+00	1.255425e+01	-7.949016e+01	1.000000e-05	1.000000e+05	6.568735e-01	7.519822e-01	7.570106e-01
7	7_1205599	1205599	2	G	T	0.286	-3.135772e+01	1.263917e+01	-7.662480e+01	1.000000e+05	1.000000e+05	2.641829e-02	1.574983e-02	4.422059e-02
7	7_1205600	1205600	1	G	A	0.267	-3.051571e+01	1.278309e+01	-7.680813e+01	1.000000e+05	1.000000e+05	3.163497e-02	1.941306e-02	4.938451e-02
7	7_1205735	1205735	2	T	A	0.214	-6.964348e+00	1.584193e+01	-7.936945e+01	1.000000e-05	1.000000e+05	6.669261e-01	5.590829e-01	5.704088e-01
7	7_1263585	1263585	0	T	C	0.375	-6.159631e-01	1.264523e+01	-7.937167e+01	1.000000e-05	1.000000e+05	9.618376e-01	5.616530e-01	5.728736e-01
7	7_1263610	1263610	0	G	A	0.438	-1.123361e+01	1.197076e+01	-7.920260e+01	1.000000e-05	1.000000e+05	3.639371e-01	4.113183e-01	4.298351e-01
7	7_1263646	1263646	0	G	A	0.125	-2.184954e+01	1.756710e+01	-7.915332e+01	1.000000e-05	1.000000e+05	2.340058e-01	3.791233e-01	3.995061e-01
7	7_1263647	1263647	0	G	T	0.125	-2.184954e+01	1.756710e+01	-7.915332e+01	1.000000e-05	1.000000e+05	2.340058e-01	3.791233e-01	3.995061e-01
7	7_1266484	1266484	1	T	A	0.400	2.102681e+00	1.289481e+01	-7.935144e+01	1.000000e-05	1.000000e+05	8.727984e-01	5.390536e-01	5.512224e-01
7	7_1276916	1276916	0	A	G	0.188	-8.352821e+00	1.552610e+01	-7.923103e+01	1.000000e-05	1.000000e+05	5.990359e-01	4.317441e-01	4.491313e-01
7	7_1276919	1276919	0	G	A	0.125	-7.095114e-01	1.851127e+01	-7.939848e+01	1.000000e-05	1.000000e+05	9.699669e-01	5.945893e-01	6.045172e-01
7	7_1341024	1341024	0	A	C	0.312	-1.388860e+01	1.267634e+01	-7.892117e+01	1.000000e-05	1.000000e+05	2.917305e-01	2.658867e-01	2.935204e-01
8	8_817562	817562	2	T	C	0.071	2.433176e+01	2.456777e+01	-7.888063e+01	1.000000e-05	1.000000e+05	3.387914e-01	2.507849e-01	2.794338e-01
8	8_817567	817567	2	C	T	0.071	2.433176e+01	2.456777e+01	-7.888063e+01	1.000000e-05	1.000000e+05	3.387914e-01	2.507849e-01	2.794338e-01
8	8_817674	817674	1	A	G	0.133	1.458911e-01	1.860101e+01	-7.953778e+01	1.000000e-05	1.000000e+05	9.938528e-01	9.458226e-01	9.467875e-01
8	8_818838	818838	3	G	A	0.385	-7.535037e+00	1.381510e+01	-7.946278e+01	1.000000e-05	1.000000e+05	5.940482e-01	6.941498e-01	7.007573e-01
8	8_847517	847517	0	A	G	0.188	5.202056e+00	1.562404e+01	-7.950488e+01	1.000000e-05	1.000000e+05	7.441040e-01	7.907177e-01	7.948056e-01
8	8_874822	874822	1	G	A	0.133	9.766898e+00	1.841697e+01	-7.943253e+01	1.000000e-05	1.000000e+05	6.042000e-01	6.427834e-01	6.509998e-01
8	8_874895	874895	2	T	C	0.143	-3.059037e+00	1.868620e+01	-7.933505e+01	1.000000e-05	1.000000e+05	8.723027e-01	5.219216e-01	5.348433e-01
8	8_874992	874992	0	C	T	0.125	-1.674273e+01	1.796331e+01	-7.929036e+01	1.000000e-05	1.000000e+05	3.671055e-01	4.797350e-01	4.946397e-01
8	8_1252135	1252135	1	T	C	0.400	-9.106011e+00	1.267556e+01	-7.947747e+01	1.000000e-05	1.000000e+05	4.843335e-01	7.234052e-01	7.291855e-01
8	8_1326133	1326133	0	A	G	0.188	1.163479e+01	1.537447e+01	-7.918657e+01	1.000000e-05	1.000000e+05	4.617400e-01	4.004270e-01	4.195635e-01
8	8_1326140	1326140	0	G	A	0.125	2.129051e+01	1.761606e+01	-7.856137e+01	1.000000e-05	1.000000e+05	2.468400e-01	1.617859e-01	1.961433e-01
8	8_1383765	1383765	0	A	G	0.438	-1.186571e+01	1.198368e+01	-7.819501e+01	4.991993e-02	1.000000e+05	3.389033e-01	1.009696e-01	1.379050e-01
9	9_5213	5213	1	G	C	0.067	1.622100e+01	2.497547e+01	-7.944255e+01	1.000000e-05	1.000000e+05	5.265428e-01	6.587145e-01	6.664094e-01
9	9_6619	6619	0	C	T	0.250	3.338797e+01	1.096745e+01	-7.562637e+01	1.000000e-05	1.000000e+05	8.748560e-03	5.145898e-03	2.606230e-02
9	9_7470	7470	0	A	G	0.375	8.805695e+00	1.242536e+01	-7.936193e+01	1.000000e-05	1.000000e+05	4.901520e-01	5.505526e-01	5.622326e-01
9	9_7729	7729	0	C	T	0.375	9.895698e+00	1.236662e+01	-7.883661e+01	1.000000e-05	1.000000e+05	4.369668e-01	2.355604e-01	2.652322e-01
9	9_8171	8171	1	G	A	0.533	2.183810e+00	1.266105e+01	-7.953993e+01	1.000000e-05	1.000000e+05	8.655268e-01	9.855124e-01	9.857687e-01
9	9_10033	10033	0	C	T	0.250	-4.520860e+00	1.408724e+01	-7.939018e+01	1.000000e-05	1.000000e+05	7.530124e-01	5.839863e-01	5.943191e-01
9	9_220237	220237	1	A	G	0.133	-2.024591e+01	1.779664e+01	-7.899145e+01	1.000000e-05	1.000000e+05	2.743728e-01	2.948626e-01	3.205639e-01
9	9_220963	220963	0	C	T	0.188	-1.986388e+01	1.476006e+01	-7.877423e+01	1.000000e-05	1.000000e+05	1.997623e-01	2.158532e-01	2.468375e-01
9	9_705343	705343	1	G	A	0.200	2.363504e+00	1.579522e+01	-7.954006e+01	1.000000e-05	1.000000e+05	8.831875e-01	9.933887e-01	9.935056e-01
9	9_705571	705571	0	C	T	0.500	1.409883e+00	1.223892e+01	-7.938783e+01	1.000000e-05	1.000000e+05	9.099252e-01	5.810635e-01	5.915098e-01
9	9_706175	706175	1	G	A	0.400	8.537721e+00	1.270375e+01	-7.910915e+01	1.000000e-05	1.000000e+05	5.124828e-01	3.532125e-01	3.751693e-01
9	9_1115286	1115286	0	G	A	0.500	-1.409851e+00	1.223891e+01	-7.952267e+01	1.000000e-05	1.000000e+05	9.099272e-01	8.519395e-01	8.546953e-01
10	10_15220	15220	0	T	A	0.125	-5.816356e+00	1.844689e+01	-7.910439e+01	1.000000e-05	1.000000e+05	7.571826e-01	3.505651e-01	3.726861e-01
10	10_15279	15279	1	A	G	0.267	-1.233058e+01	1.391379e+01	-7.856039e+01	1.000000e-05	1.000000e+05	3.904718e-01	1.615764e-01	1.959457e-01
10	10_15288	15288	1	C	T	0.267	-9.157193e+00	1.408774e+01	-7.904741e+01	1.000000e-05	1.000000e+05	5.262077e-01	3.208787e-01	3.448805e-01
10	10_15302	15302	2	T	C	0.357	-2.159623e+01	1.238017e+01	-7.717342e+01	1.000000e-05	1.000000e+05	1.029890e-01	2.958315e-02	6.246386e-02
10	10_15428	15428	1	C	G	0.133	-2.353034e+01	1.750573e+01	-7.867968e+01	1.000000e-05	1.000000e+05	2.002772e-01	1.895864e-01	2.222700e-01
10	10_15438	15438	0	G	A	0.125	-2.184959e+01	1.756711e+01	-7.891102e+01	1.000000e-05	1.000000e+05	2.340050e-01	2.620019e-01	2.898965e-01
10	10_15441	15441	1	A	G	0.133	-2.353034e+01	1.750573e+01	-7.867968e+01	1.000000e-05	1.000000e+05	2.002772e-01	1.895864e-01	2.222700e-01
10	10_15449	15449	1	C	T	0.067	-2.184971e+01	2.466719e+01	-7.863529e+01	1.000000e-05	1.000000e+05	3.906971e-01	1.785551e-01	2.119230e-01
10	10_15455	15455	0	C	T	0.062	-2.039305e+01	2.469837e+01	-7.883284e+01	1.000000e-05	1.000000e+05	4.228310e-01	2.343111e-01	2.640667e-01
10	10_15458	15458	0	G	A	0.062	-2.039305e+01	2.469837e+01	-7.883284e+01	1.000000e-05	1.000000e+05	4.228310e-01	2.343111e-01	2.640667e-01
10	10_15461	15461	0	T	C	0.062	-2.039305e+01	2.469837e+01	-7.883284e+01	1.000000e-05	1.000000e+05	4.228310e-01	2.343111e-01	2.640667e-01
10	10_15463	15463	0	A	T	0.062	-2.039305e+01	2.469837e+01	-7.883284e+01	1.000000e-05	1.000000e+05	4.228310e-01	2.343111e-01	2.640667e-01
10	10_15473	15473	0	C	T	0.062	-2.039305e+01	2.469837e+01	-7.883284e+01	1.000000e-05	1.000000e+05	4.228310e-01	2.343111e-01	2.640667e-01
10	10_17879	17879	0	T	C	0.250	1.555246e+01	1.351418e+01	-7.885065e+01	1.000000e-05	1.000000e+05	2.690815e-01	2.402899e-01	2.696444e-01
10	10_17897	17897	0	A	G	0.250	1.555246e+01	1.351418e+01	-7.885065e+01	1.000000e-05	1.000000e+05	2.690815e-01	2.402899e-01	2.696444e-01
10	10_18092	18092	0	A	G	0.438	-1.360603e+01	1.179362e+01	-7.905620e+01	1.000000e-05	1.000000e+05	2.679486e-01	3.252322e-01	3.489539e-01
10	10_18647	18647	2	C	T	0.143	-5.459931e+00	1.864707e+01	-7.879377e+01	1.000000e-05	1.000000e+05	7.739671e-01	2.218061e-01	2.523961e-01
10	10_18785	18785	0	G	A	0.125	-3.884612e+00	1.848310e+01	-7.939867e+01	1.000000e-05	1.000000e+05	8.365622e-01	5.948360e-01	6.047547e-01
10	10_18869	18869	0	G	A	0.250	1.271266e+01	1.372466e+01	-7.905328e+01	1.000000e-05	1.000000e+05	3.700016e-01	3.237754e-01	3.475906e-01
10	10_18908	18908	0	G	A	0.438	-5.744289e-01	1.234054e+01	-7.953006e+01	1.000000e-05	1.000000e+05	9.635309e-01	8.873714e-01	8.894237e-01
10	10_18915	18915	0	T	C	0.438	-5.744289e-01	1.234054e+01	-7.953006e+01	1.000000e-05	1.000000e+05	9.635309e-01	8.873714e-01	8.894237e-01
10	10_18933	18933	0	A	G	0.438	-1.170946e+01	1.193813e+01	-7.883728e+01	1.000000e-05	1.000000e+05	3.433160e-01	2.357843e-01	2.654412e-01
10	10_18941	18941	2	T	C	0.500	-1.228276e+01	1.267184e+01	-7.872340e+01	1.000000e-05	1.000000e+05	3.488465e-01	2.012346e-01	2.331745e-01
10	10_18943	18943	1	G	A	0.533	-5.697633e+00	1.258267e+01	-7.931706e+01	1.000000e-05	1.000000e+05	6.576193e-01	5.042102e-01	5.179419e-01
10	10_18988	18988	3	A	G	0.077	-5.850301e+00	2.544137e+01	-7.945429e+01	1.000000e-05	1.000000e+05	8.214548e-01	6.786799e-01	6.857501e-01
10	10_18992	18992	0	A	G	0.062	-1.892784e+00	2.528749e+01	-7.949803e+01	1.000000e-05	1.000000e+05	9.413926e-01	7.717711e-01	7.763084e-01
10	10_18997	18997	2	G	A	0.071	-4.066137e+00	2.539061e+01	-7.947010e+01	1.000000e-05	1.000000e+05	8.750558e-01	7.082982e-01	7.144981e-01
10	10_19002	19002	0	T	C	0.125	4.094484e+00	1.847988e+01	-7.947459e+01	1.000000e-05	1.000000e+05	8.278522e-01	7.173881e-01	7.233336e-01
10	10_19004	19004	0	G	A	0.125	4.094484e+00	1.847988e+01	-7.947459e+01	1.000000e-05	1.000000e+05	8.278522e-01	7.173881e-01	7.233336e-01
10	10_19015	19015	0	A	G	0.125	4.094484e+00	1.847988e+01	-7.947459e+01	1.000000e-05	1.000000e+05	8.278522e-01	7.173881e-01	7.233336e-01
10	10_19031	19031	0	G	A	0.062	-1.892784e+00	2.528749e+01	-7.949803e+01	1.000000e-05	1.000000e+05	9.413926e-01	7.717711e-01	7.763084e-01
10	10_19067	19067	1	A	T	0.133	1.740746e+01	1.800984e+01	-7.929421e+01	1.000000e-05	1.000000e+05	3.501690e-01	4.831383e-01	4.978761e-01
10	10_318276	318276	0	G	A	0.250	-1.501161e+01	1.355780e+01	-7.883063e+01	1.000000e-05	1.000000e+05	2.868563e-01	2.335811e-01	2.633856e-01
10	10_387430	387430	1	G	A	0.133	-2.137210e+01	1.770237e+01	-7.864000e+01	1.000000e-05	1.000000e+05	2.473184e-01	1.796898e-01	2.129884e-01
10	10_583208	583208	1	A	G	0.533	-1.770953e+01	1.175756e+01	-7.840853e+01	1.000000e-05	1.000000e+05	1.542366e-01	1.324860e-01	1.683486e-01
10	10_584652	584652	0	G	T	0.438	-9.605963e+00	1.207153e+01	-7.913431e+01	1.000000e-05	1.000000e+05	4.394598e-01	3.676579e-01	3.887296e-01
10	10_724149	724149	0	G	A	0.188	-4.760114e+00	1.563410e+01	-7.949823e+01	1.000000e-05	1.000000e+05	7.652487e-01	7.723218e-01	7.768458e-01
10	10_724150	724150	0	A	G	0.188	-4.760114e+00	1.563410e+01	-7.949823e+01	1.000000e-05	1.000000e+05	7.652487e-01	7.723218e-01	7.768458e-01
11	11_9749	9749	0	A	G	0.125	2.567779e+01	1.719324e+01	-7.751474e+01	1.000000e-05	1.000000e+05	1.575036e-01	4.415275e-02	7.939697e-02
11	11_10019	10019	1	G	C	0.400	-1.306421e+00	1.290232e+01	-7.941436e+01	1.000000e-05	1.000000e+05	9.207841e-01	6.160416e-01	6.251822e-01
11	11_10896	10896	0	C	G	0.062	-9.491888e+00	2.516501e+01	-7.930728e+01	1.000000e-05	1.000000e+05	7.116914e-01	4.950045e-01	5.091700e-01
11	11_10931	10931	0	T	A	0.125	-1.193878e+01	1.823519e+01	-7.924725e+01	1.000000e-05	1.000000e+05	5.232655e-01	4.440905e-01	4.608159e-01
11	11_10934	10934	0	G	T	0.188	-1.222216e+01	1.534188e+01	-7.899327e+01	1.000000e-05	1.000000e+05	4.389542e-01	2.956650e-01	3.213133e-01
11	11_104630	104630	0	A	G	0.188	-1.825514e+00	1.567818e+01	-7.953994e+01	1.000000e-05	1.000000e+05	9.089603e-01	9.860836e-01	9.863298e-01
11	11_104688	104688	1	G	A	0.200	-2.035892e+01	1.484190e+01	-7.898409e+01	1.000000e-05	1.000000e+05	1.917346e-01	2.916466e-01	3.175607e-01
11	11_384025	384025	0	T	C	0.188	-7.565961e+00	1.555489e+01	-7.951529e+01	1.000000e-05	1.000000e+05	6.342065e-01	8.237660e-01	8.271140e-01
11	11_547884	547884	0	C	T	0.125	-2.184968e+01	1.756713e+01	-7.870288e+01	1.000000e-05	1.000000e+05	2.340038e-01	1.956675e-01	2.279651e-01
11	11_804706	804706	1	A	G	0.267	-1.152901e+01	1.396278e+01	-7.880605e+01	1.000000e-05	1.000000e+05	4.228242e-01	2.256479e-01	2.559823e-01
11	11_804710	804710	3	C	T	0.231	-1.574296e+01	1.556213e+01	-7.883866e+01	1.000000e-05	1.000000e+05	3.288850e-01	2.362431e-01	2.658692e-01
11	11_804742	804742	1	G	A	0.400	1.401835e+01	1.235132e+01	-7.827577e+01	1.000000e-05	1.000000e+05	2.754474e-01	1.117968e-01	1.484515e-01
11	11_804763	804763	1	C	T	0.200	-3.254773e+00	1.578389e+01	-7.953874e+01	1.000000e-05	1.000000e+05	8.395967e-01	9.585763e-01	9.593119e-01
11	11_966513	966513	1	T	A	0.133	9.990647e+00	1.840840e+01	-7.932000e+01	1.000000e-05	1.000000e+05	5.958560e-01	5.070360e-01	5.206362e-01
11	11_966516	966516	0	C	T	0.125	8.259713e+00	1.838017e+01	-7.939039e+01	1.000000e-05	1.000000e+05	6.600348e-01	5.842537e-01	5.945762e-01
11	11_966519	966519	0	C	T	0.125	8.259713e+00	1.838017e+01	-7.939039e+01	1.000000e-05	1.000000e+05	6.600348e-01	5.842537e-01	5.945762e-01
11	11_966569	966569	1	C	G	0.133	9.990647e+00	1.840840e+01	-7.932000e+01	1.000000e-05	1.000000e+05	5.958560e-01	5.070360e-01	5.206362e-01
11	11_966644	966644	2	C	A	0.214	1.065990e+01	1.569441e+01	-7.947713e+01	1.000000e-05	1.000000e+05	5.080751e-01	7.227014e-01	7.285009e-01
11	11_966669	966669	1	C	T	0.400	-1.403243e+01	1.235018e+01	-7.908558e+01	1.000000e-05	1.000000e+05	2.749438e-01	3.403755e-01	3.631341e-01
11	11_966684	966684	2	T	C	0.429	5.425841e+00	1.314606e+01	-7.953046e+01	1.000000e-05	1.000000e+05	6.860519e-01	8.896244e-01	8.916333e-01
11	11_966699	966699	1	T	C	0.333	-1.832972e+01	1.248683e+01	-7.885009e+01	1.000000e-05	1.000000e+05	1.642308e-01	2.400995e-01	2.694668e-01
11	11_966700	966700	1	G	A	0.333	-1.832972e+01	1.248683e+01	-7.885009e+01	1.000000e-05	1.000000e+05	1.642308e-01	2.400995e-01	2.694668e-01
11	11_966735	966735	0	A	C	0.250	-2.146132e+00	1.412734e+01	-7.951096e+01	1.000000e-05	1.000000e+05	8.814227e-01	8.092645e-01	8.129307e-01
11	11_966738	966738	1	T	A	0.267	-1.487152e+01	1.373524e+01	-7.898902e+01	1.000000e-05	1.000000e+05	2.972257e-01	2.937963e-01	3.195681e-01
11	11_966756	966756	0	A	G	0.188	-1.274847e+01	1.531127e+01	-7.890284e+01	1.000000e-05	1.000000e+05	4.190366e-01	2.589232e-01	2.870247e-01
11	11_966757	966757	0	T	C	0.188	-1.274847e+01	1.531127e+01	-7.890284e+01	1.000000e-05	1.000000e+05	4.190366e-01	2.589232e-01	2.870247e-01
11	11_966771	966771	0	T	C	0.250	-1.673091e+01	1.341328e+01	-7.876532e+01	1.000000e-05	1.000000e+05	2.327362e-01	2.132033e-01	2.443623e-01
11	11_1478119	1478119	0	A	G	0.312	2.720089e+00	1.318858e+01	-7.953373e+01	1.000000e-05	1.000000e+05	8.395682e-01	9.101519e-01	9.117715e-01
12	12_11092	11092	0	G	A	0.312	-9.491408e+00	1.296277e+01	-7.920414e+01	1.000000e-05	1.000000e+05	4.761232e-01	4.123859e-01	4.308426e-01
12	12_11094	11094	0	A	G	0.500	1.155688e+01	1.184877e+01	-7.929173e+01	1.000000e-05	1.000000e+05	3.459323e-01	4.809459e-01	4.957910e-01
12	12_11122	11122	0	G	C	0.312	-1.964620e+01	1.212016e+01	-7.833585e+01	1.000000e-05	1.000000e+05	1.273254e-01	1.206787e-01	1.570291e-01
12	12_11170	11170	0	C	T	0.375	-1.143941e+01	1.227117e+01	-7.931436e+01	1.000000e-05	1.000000e+05	3.670227e-01	5.016415e-01	5.154934e-01
12	12_11223	11223	0	G	C	0.312	-6.999252e+00	1.307548e+01	-7.879504e+01	1.000000e-05	1.000000e+05	6.008455e-01	2.221994e-01	2.527634e-01
12	12_11400	11400	0	A	C	0.438	7.571610e+00	1.217449e+01	-7.947781e+01	1.000000e-05	1.000000e+05	5.439876e-01	7.241316e-01	7.298922e-01
12	12_11406	11406	0	A	G	0.438	7.571610e+00	1.217449e+01	-7.947781e+01	1.000000e-05	1.000000e+05	5.439876e-01	7.241316e-01	7.298922e-01
12	12_11407	11407	0	C	A	0.438	7.571610e+00	1.217449e+01	-7.947781e+01	1.000000e-05	1.000000e+05	5.439876e-01	7.241316e-01	7.298922e-01
12	12_11410	11410	0	C	T	0.438	7.571610e+00	1.217449e+01	-7.947781e+01	1.000000e-05	1.000000e+05	5.439876e-01	7.241316e-01	7.298922e-01
12	12_11413	11413	1	T	G	0.467	1.003747e+01	1.238735e+01	-7.939528e+01	1.000000e-05	1.000000e+05	4.313266e-01	5.904567e-01	6.005412e-01
12	12_13936	13936	0	C	T	0.125	2.309982e+01	1.745248e+01	-7.827069e+01	1.000000e-05	1.000000e+05	2.068490e-01	1.110787e-01	1.477553e-01
12	12_13979	13979	2	T	C	0.143	2.340080e+01	1.763274e+01	-7.821984e+01	5.690438e-03	1.000000e+05	2.057063e-01	1.041704e-01	1.410345e-01
12	12_14009	14009	0	C	T	0.250	1.257351e+01	1.373383e+01	-7.871577e+01	1.000000e-05	1.000000e+05	3.754219e-01	1.991437e-01	2.312184e-01
12	12_14035	14035	1	C	T	0.400	6.519304e+00	1.278891e+01	-7.922673e+01	1.000000e-05	1.000000e+05	6.181590e-01	4.285592e-01	4.461197e-01
12	12_14096	14096	0	C	T	0.375	3.314957e+00	1.261520e+01	-7.922225e+01	1.000000e-05	1.000000e+05	7.965516e-01	4.252745e-01	4.430148e-01
12	12_14104	14104	1	C	T	0.400	3.255916e+00	1.287768e+01	-7.925707e+01	1.000000e-05	1.000000e+05	8.040710e-01	4.518338e-01	4.681523e-01
12	12_14114	14114	0	T	C	0.312	9.178022e+00	1.297884e+01	-7.887904e+01	1.000000e-05	1.000000e+05	4.910757e-01	2.502145e-01	2.789018e-01
12	12_14125	14125	1	A	G	0.267	1.553510e+01	1.368266e+01	-7.815767e+01	1.000000e-05	1.000000e+05	2.752783e-01	9.635556e-02	1.333748e-01
12	12_14197	14197	0	G	A	0.125	-1.991792e+01	1.773038e+01	-7.876843e+01	1.000000e-05	1.000000e+05	2.801720e-01	2.141226e-01	2.452210e-01
12	12_14202	14202	0	A	G	0.125	-1.991792e+01	1.773038e+01	-7.876843e+01	1.000000e-05	1.000000e+05	2.801720e-01	2.141226e-01	2.452210e-01
12	12_14301	14301	2	G	A	0.571	-4.140941e+00	1.317941e+01	-7.950903e+01	1.000000e-05	1.000000e+05	7.580041e-01	8.031533e-01	8.069565e-01
12	12_14318	14318	0	A	G	0.312	-4.862882e+00	1.314451e+01	-7.950435e+01	1.000000e-05	1.000000e+05	7.169522e-01	7.891904e-01	7.933139e-01
12	12_14741	14741	1	C	G	0.400	3.803206e+00	1.286697e+01	-7.953317e+01	1.000000e-05	1.000000e+05	7.718902e-01	9.063359e-01	9.080271e-01
12	12_14783	14783	2	A	G	0.071	-1.713256e+01	2.499794e+01	-7.855438e+01	1.000000e-05	1.000000e+05	5.043083e-01	1.602958e-01	1.947375e-01
12	12_15014	15014	1	A	G	0.400	-1.524371e+01	1.224720e+01	-7.889778e+01	1.000000e-05	1.000000e+05	2.336872e-01	2.570414e-01	2.852695e-01
12	12_19728	19728	0	A	G	0.125	4.094484e+00	1.847988e+01	-7.947459e+01	1.000000e-05	1.000000e+05	8.278522e-01	7.173881e-01	7.233336e-01
12	12_19741	19741	0	C	T	0.188	-3.516948e+00	1.565758e+01	-7.932550e+01	1.000000e-05	1.000000e+05	8.255230e-01	5.123896e-01	5.257432e-01
12	12_356356	356356	0	A	G	0.125	8.992751e+00	1.835557e+01	-7.942465e+01	1.000000e-05	1.000000e+05	6.317788e-01	6.308732e-01	6.394935e-01
12	12_356358	356358	0	A	G	0.125	8.992751e+00	1.835557e+01	-7.942465e+01	1.000000e-05	1.000000e+05	6.317788e-01	6.308732e-01	6.394935e-01
12	12_356374	356374	0	G	A	0.125	8.992751e+00	1.835557e+01	-7.942465e+01	1.000000e-05	1.000000e+05	6.317788e-01	6.308732e-01	6.394935e-01
12	12_502808	502808	2	A	G	0.357	-4.729362e+00	1.360094e+01	-7.953570e+01	1.000000e-05	1.000000e+05	7.332206e-01	9.252892e-01	9.266281e-01
12	12_502864	502864	2	T	C	0.500	1.328796e+01	1.259919e+01	-7.888930e+01	1.000000e-05	1.000000e+05	3.094395e-01	2.539244e-01	2.823622e-01
12	12_502865	502865	2	G	T	0.500	1.328796e+01	1.259919e+01	-7.888930e+01	1.000000e-05	1.000000e+05	3.094395e-01	2.539244e-01	2.823622e-01
12	12_502882	502882	2	G	A	0.429	-1.161356e+01	1.285643e+01	-7.892970e+01	1.000000e-05	1.000000e+05	3.816327e-01	2.692060e-01	2.966169e-01
12	12_502888	502888	0	G	A	0.500	-9.166274e+00	1.199714e+01	-7.889507e+01	1.000000e-05	1.000000e+05	4.575288e-01	2.560394e-01	2.843350e-01
12	12_502890	502890	3	G	A	0.462	-9.201222e+00	1.340088e+01	-7.883059e+01	1.000000e-05	1.000000e+05	5.035410e-01	2.335670e-01	2.633724e-01
12	12_502909	502909	0	C	T	0.375	5.835507e+00	1.254975e+01	-7.926023e+01	1.000000e-05	1.000000e+05	6.490884e-01	4.543674e-01	4.705542e-01
12	12_502926	502926	2	G	C	0.429	-3.747140e+00	1.318783e+01	-7.953999e+01	1.000000e-05	1.000000e+05	7.804651e-01	9.885640e-01	9.887663e-01
12	12_502937	502937	2	C	T	0.357	-1.417729e+01	1.312350e+01	-7.891481e+01	1.000000e-05	1.000000e+05	2.982689e-01	2.634432e-01	2.912410e-01
12	12_502942	502942	0	T	C	0.375	-1.393055e+01	1.208582e+01	-7.897986e+01	1.000000e-05	1.000000e+05	2.683616e-01	2.898195e-01	3.158548e-01
12	12_502956	502956	1	A	G	0.333	-1.151016e+01	1.305589e+01	-7.902097e+01	1.000000e-05	1.000000e+05	3.928745e-01	3.082317e-01	3.330544e-01
12	12_503049	503049	1	C	G	0.200	-1.685599e+01	1.515232e+01	-7.913121e+01	1.000000e-05	1.000000e+05	2.846885e-01	3.658325e-01	3.870150e-01
12	12_503112	503112	2	G	A	0.286	-5.081255e+00	1.442434e+01	-7.942594e+01	1.000000e-05	1.000000e+05	7.298827e-01	6.327897e-01	6.413442e-01
12	12_503171	503171	3	G	A	0.308	-6.986032e+00	1.459737e+01	-7.949149e+01	1.000000e-05	1.000000e+05	6.396243e-01	7.552061e-01	7.601529e-01
12	12_503254	503254	0	C	G	0.312	1.488628e+01	1.259517e+01	-7.919422e+01	1.000000e-05	1.000000e+05	2.569307e-01	4.055686e-01	4.244110e-01
12	12_503293	503293	1	A	C	0.400	1.164100e+01	1.252648e+01	-7.939259e+01	1.000000e-05	1.000000e+05	3.684747e-01	5.870365e-01	5.972517e-01
12	12_503311	503311	1	A	C	0.400	1.164102e+01	1.252647e+01	-7.916183e+01	1.000000e-05	1.000000e+05	3.684735e-01	3.844166e-01	4.044856e-01
12	12_503313	503313	2	T	A	0.571	-1.003857e+01	1.295080e+01	-7.922619e+01	1.000000e-05	1.000000e+05	4.511567e-01	4.281596e-01	4.457419e-01
12	12_503321	503321	2	C	T	0.500	-4.966843e+00	1.302266e+01	-7.945973e+01	1.000000e-05	1.000000e+05	7.086323e-01	6.884974e-01	6.952719e-01
12	12_503327	503327	1	A	C	0.400	1.983290e+00	1.289616e+01	-7.951808e+01	1.000000e-05	1.000000e+05	8.799708e-01	8.337991e-01	8.369324e-01
12	12_503356	503356	0	A	C	0.312	5.289105e+00	1.313276e+01	-7.947131e+01	1.000000e-05	1.000000e+05	6.932212e-01	7.107103e-01	7.168422e-01
12	12_503357	503357	0	T	G	0.312	5.289105e+00	1.313276e+01	-7.947131e+01	1.000000e-05	1.000000e+05	6.932212e-01	7.107103e-01	7.168422e-01
12	12_503364	503364	0	T	C	0.312	5.289105e+00	1.313276e+01	-7.947131e+01	1.000000e-05	1.000000e+05	6.932212e-01	7.107103e-01	7.168422e-01
12	12_503366	503366	0	C	T	0.312	5.289105e+00	1.313276e+01	-7.947131e+01	1.000000e-05	1.000000e+05	6.932212e-01	7.107103e-01	7.168422e-01
12	12_503401	503401	0	A	G	0.375	-7.175271e+00	1.250003e+01	-7.937216e+01	1.000000e-05	1.000000e+05	5.750612e-01	5.622217e-01	5.734191e-01
12	12_503416	503416	0	G	A	0.188	2.301628e+00	1.567373e+01	-7.953672e+01	1.000000e-05	1.000000e+05	8.853471e-01	9.345327e-01	9.357023e-01
12	12_503422	503422	0	T	G	0.125	-1.902652e+00	1.850529e+01	-7.951146e+01	1.000000e-05	1.000000e+05	9.195667e-01	8.108867e-01	8.145169e-01
12	12_503453	503453	0	T	C	0.062	1.684130e+01	2.488882e+01	-7.924789e+01	1.000000e-05	1.000000e+05	5.096470e-01	4.445923e-01	4.612911e-01
12	12_537923	537923	0	G	A	0.375	-7.907418e+00	1.246843e+01	-7.922983e+01	1.000000e-05	1.000000e+05	5.361794e-01	4.308488e-01	4.482846e-01
13	13_11108	11108	0	C	T	0.125	4.598207e+01	1.384479e+01	-7.463489e+01	1.000000e-05	1.000000e+05	5.044379e-03	1.735277e-03	1.698550e-02
13	13_11118	11118	0	T	C	0.250	5.212012e+00	1.407018e+01	-7.954002e+01	1.000000e-05	1.000000e+05	7.166067e-01	9.906388e-01	9.908044e-01
13	13_11130	11130	0	A	G	0.250	-1.066809e+01	1.384850e+01	-7.826723e+01	1.000000e-05	1.000000e+05	4.539008e-01	1.105925e-01	1.472837e-01
13	13_52884	52884	0	A	G	0.125	-2.184960e+01	1.756708e+01	-7.853526e+01	1.000000e-05	1.000000e+05	2.340041e-01	1.563003e-01	1.909645e-01
13	13_128625	128625	4	A	G	0.333	-4.810749e+00	1.494141e+01	-7.950809e+01	1.000000e-05	1.000000e+05	7.522295e-01	8.002709e-01	8.041395e-01
13	13_128715	128715	3	G	A	0.308	-1.347682e+01	1.426871e+01	-7.941575e+01	1.000000e-05	1.000000e+05	3.609294e-01	6.180009e-01	6.270717e-01
13	13_128729	128729	3	G	A	0.308	-1.347682e+01	1.426871e+01	-7.941575e+01	1.000000e-05	1.000000e+05	3.609294e-01	6.180009e-01	6.270717e-01
13	13_162462	162462	0	A	G	0.188	-5.579784e+00	1.561473e+01	-7.951613e+01	1.000000e-05	1.000000e+05	7.261658e-01	8.267212e-01	8.300055e-01
13	13_219021	219021	1	C	T	0.133	-2.137200e+01	1.770235e+01	-7.897895e+01	1.000000e-05	1.000000e+05	2.473199e-01	2.894261e-01	3.154874e-01
13	13_219311	219311	0	A	T	0.125	-1.902689e+00	1.850528e+01	-7.952863e+01	1.000000e-05	1.000000e+05	9.195651e-01	8.796292e-01	8.818318e-01
13	13_219312	219312	0	A	G	0.125	-1.902689e+00	1.850528e+01	-7.952863e+01	1.000000e-05	1.000000e+05	9.195651e-01	8.796292e-01	8.818318e-01
13	13_655915	655915	0	A	G	0.438	1.827672e+01	1.133370e+01	-7.777894e+01	1.000000e-05	1.000000e+05	1.291386e-01	6.054825e-02	9.710923e-02
13	13_742766	742766	2	G	A	0.214	-1.501716e+01	1.543773e+01	-7.847482e+01	1.000000e-05	1.000000e+05	3.471823e-01	1.443885e-01	1.796825e-01
13	13_742771	742771	0	C	A	0.250	-6.134627e+00	1.404359e+01	-7.925051e+01	1.000000e-05	1.000000e+05	6.688986e-01	4.466369e-01	4.632278e-01
14	14_155590	155590	0	T	C	0.125	-3.350363e+01	1.738087e+01	-7.728005e+01	4.624085e+00	1.000000e+05	7.444025e-02	3.349921e-02	6.717284e-02
14	14_342562	342562	0	G	T	0.375	2.021540e+01	1.143408e+01	-7.773672e+01	1.000000e-05	1.000000e+05	9.883828e-02	5.754531e-02	9.393841e-02
14	14_383626	383626	0	G	A	0.125	-2.184968e+01	1.756713e+01	-7.870288e+01	1.000000e-05	1.000000e+05	2.340038e-01	1.956675e-01	2.279651e-01
14	14_852745	852745	0	G	T	0.125	-2.184968e+01	1.756713e+01	-7.870288e+01	1.000000e-05	1.000000e+05	2.340038e-01	1.956675e-01	2.279651e-01
14	14_908850	908850	0	G	A	0.375	7.521907e+00	1.248547e+01	-7.947799e+01	1.000000e-05	1.000000e+05	5.565058e-01	7.245236e-01	7.302735e-01
14	14_908994	908994	1	C	T	0.133	-1.500865e+01	1.816339e+01	-7.938039e+01	1.000000e-05	1.000000e+05	4.224859e-01	5.719660e-01	5.827707e-01
14	14_909011	909011	1	T	C	0.133	-1.500865e+01	1.816339e+01	-7.938039e+01	1.000000e-05	1.000000e+05	4.224859e-01	5.719660e-01	5.827707e-01
14	14_909450	909450	0	G	T	0.250	-2.208462e+01	1.284804e+01	-7.760344e+01	1.000000e-05	1.000000e+05	1.076536e-01	4.905973e-02	8.481115e-02
14	14_909472	909472	0	G	T	0.312	-1.624118e+01	1.299350e+01	-7.783915e+01	3.874909e-01	1.000000e+05	2.318103e-01	6.512153e-02	1.018881e-01
14	14_909504	909504	1	T	G	0.333	-2.090838e+01	1.324752e+01	-7.755566e+01	1.362908e+00	1.000000e+05	1.368221e-01	4.634875e-02	8.183401e-02
14	14_909638	909638	0	C	T	0.250	2.034614e+01	1.305150e+01	-7.842393e+01	1.000000e-05	1.000000e+05	1.413308e-01	1.351511e-01	1.708924e-01
14	14_909661	909661	0	G	A	0.250	-7.378190e+00	1.400079e+01	-7.880758e+01	1.000000e-05	1.000000e+05	6.064548e-01	2.261314e-01	2.564337e-01
14	14_909704	909704	0	G	A	0.375	1.536507e+01	1.196098e+01	-7.865873e+01	1.000000e-05	1.000000e+05	2.197816e-01	1.842841e-01	2.172993e-01
14	14_910040	910040	1	A	G	0.400	-2.317906e+01	1.132324e+01	-7.825936e+01	1.000000e-05	1.000000e+05	5.990476e-02	1.094965e-01	1.462198e-01
14	14_910103	910103	0	A	G	0.438	-1.524025e+01	1.165000e+01	-7.928483e+01	1.000000e-05	1.000000e+05	2.118855e-01	4.749113e-01	4.900545e-01
14	14_910152	910152	1	A	G	0.333	-2.334100e+01	1.187458e+01	-7.796835e+01	1.000000e-05	1.000000e+05	6.949788e-02	7.623087e-02	1.132862e-01
14	14_910181	910181	1	G	A	0.400	-1.618682e+01	1.216048e+01	-7.898124e+01	1.000000e-05	1.000000e+05	2.044275e-01	2.904137e-01	3.164095e-01
14	14_910258	910258	1	T	G	0.467	-1.019263e+01	1.237829e+01	-7.935330e+01	1.000000e-05	1.000000e+05	4.240702e-01	5.410552e-01	5.531379e-01
14	14_910323	910323	0	T	C	0.375	8.248844e+00	1.245263e+01	-7.943329e+01	1.000000e-05	1.000000e+05	5.184604e-01	6.439554e-01	6.521328e-01
14	14_910328	910328	0	G	A	0.438	1.202472e+01	1.191572e+01	-7.928325e+01	1.000000e-05	1.000000e+05	3.300282e-01	4.735458e-01	4.887570e-01
14	14_910510	910510	1	A	G	0.400	-1.023757e+01	1.261371e+01	-7.876539e+01	1.000000e-05	1.000000e+05	4.305921e-01	2.132241e-01	2.443817e-01
14	14_910555	910555	1	C	T	0.333	-8.980705e+00	1.319691e+01	-7.933804e+01	1.000000e-05	1.000000e+05	5.072770e-01	5.249782e-01	5.377633e-01
14	14_910742	910742	0	A	G	0.312	-3.334384e+00	1.317850e+01	-7.949844e+01	1.000000e-05	1.000000e+05	8.039325e-01	7.728678e-01	7.773785e-01
14	14_910822	910822	0	G	A	0.188	-5.265317e-01	1.568515e+01	-7.953665e+01	1.000000e-05	1.000000e+05	9.736949e-01	9.338967e-01	9.350779e-01
14	14_910834	910834	1	T	A	0.067	2.566843e+01	2.440301e+01	-7.861388e+01	1.000000e-05	1.000000e+05	3.106836e-01	1.735008e-01	2.071742e-01
14	14_910926	910926	2	G	A	0.357	-7.098461e+00	1.352715e+01	-7.934422e+01	1.000000e-05	1.000000e+05	6.079624e-01	5.313780e-01	5.438804e-01
14	14_910939	910939	2	A	C	0.429	1.442045e+00	1.322016e+01	-7.935999e+01	1.000000e-05	1.000000e+05	9.146877e-01	5.483971e-01	5.601677e-01
14	14_910964	910964	1	A	G	0.467	-4.408584e+00	1.261959e+01	-7.914294e+01	1.000000e-05	1.000000e+05	7.320296e-01	3.728037e-01	3.935647e-01
14	14_910966	910966	0	T	C	0.500	5.301166e+00	1.216246e+01	-7.897167e+01	1.000000e-05	1.000000e+05	6.695817e-01	2.863182e-01	3.125860e-01
14	14_910979	910979	1	A	G	0.400	-7.032906e+00	1.276945e+01	-7.911743e+01	1.000000e-05	1.000000e+05	5.904793e-01	3.578792e-01	3.795480e-01
14	14_911099	911099	2	A	G	0.429	9.867119e+00	1.296022e+01	-7.871594e+01	1.000000e-05	1.000000e+05	4.590880e-01	1.991889e-01	2.312607e-01
14	14_911129	911129	0	T	C	0.438	1.427906e+01	1.173666e+01	-7.809228e+01	1.000000e-05	1.000000e+05	2.438622e-01	8.882055e-02	1.259221e-01
14	14_911206	911206	0	G	A	0.250	-5.576248e+00	1.406020e+01	-7.949684e+01	1.000000e-05	1.000000e+05	6.976432e-01	7.686729e-01	7.732856e-01
14	14_911262	911262	0	A	C	0.125	7.183462e+00	1.841244e+01	-7.946719e+01	1.000000e-05	1.000000e+05	7.023031e-01	7.025824e-01	7.089452e-01
14	14_911292	911292	1	A	G	0.200	-6.427705e+00	1.571423e+01	-7.941767e+01	1.000000e-05	1.000000e+05	6.887011e-01	6.207346e-01	6.297084e-01
14	14_911297	911297	2	A	C	0.214	-4.708650e+00	1.590119e+01	-7.948212e+01	1.000000e-05	1.000000e+05	7.714861e-01	7.334682e-01	7.389777e-01
14	14_911308	911308	0	C	T	0.125	4.294588e+00	1.847664e+01	-7.953511e+01	1.000000e-05	1.000000e+05	8.195649e-01	9.204430e-01	9.218712e-01
14	14_911314	911314	0	A	G	0.125	4.294588e+00	1.847664e+01	-7.953511e+01	1.000000e-05	1.000000e+05	8.195649e-01	9.204430e-01	9.218712e-01
14	14_911321	911321	0	G	A	0.188	1.189139e+01	1.536045e+01	-7.932225e+01	1.000000e-05	1.000000e+05	4.517146e-01	5.092148e-01	5.227143e-01
14	14_911352	911352	1	G	A	0.400	1.116266e+01	1.255752e+01	-7.947853e+01	1.000000e-05	1.000000e+05	3.890632e-01	7.256692e-01	7.313880e-01
14	14_911375	911375	1	G	A	0.267	-7.257435e+00	1.416657e+01	-7.953629e+01	1.000000e-05	1.000000e+05	6.164320e-01	9.305458e-01	9.317882e-01
14	14_911385	911385	0	G	A	0.312	-2.691322e+00	1.318901e+01	-7.953183e+01	1.000000e-05	1.000000e+05	8.412448e-01	8.977325e-01	8.995864e-01
14	14_911414	911414	1	G	A	0.200	1.048399e+01	1.555754e+01	-7.935382e+01	1.000000e-05	1.000000e+05	5.113581e-01	5.416183e-01	5.536769e-01
14	14_924025	924025	0	C	T	0.375	-2.037942e+01	1.141328e+01	-7.878991e+01	1.000000e-05	1.000000e+05	9.583771e-02	2.206151e-01	2.512842e-01
14	14_924047	924047	0	A	C	0.312	-1.765380e+01	1.233721e+01	-7.907534e+01	1.000000e-05	1.000000e+05	1.743893e-01	3.349919e-01	3.580908e-01
14	14_924049	924049	0	A	T	0.312	-1.765380e+01	1.233721e+01	-7.907534e+01	1.000000e-05	1.000000e+05	1.743893e-01	3.349919e-01	3.580908e-01
14	14_924050	924050	0	G	C	0.312	-1.765380e+01	1.233721e+01	-7.907534e+01	1.000000e-05	1.000000e+05	1.743893e-01	3.349919e-01	3.580908e-01
14	14_924059	924059	0	T	C	0.250	-1.385547e+01	1.364545e+01	-7.936791e+01	1.000000e-05	1.000000e+05	3.271470e-01	5.573177e-01	5.687163e-01
14	14_924128	924128	0	G	A	0.125	-2.184958e+01	1.756711e+01	-7.901115e+01	1.000000e-05	1.000000e+05	2.340053e-01	3.036998e-01	3.288192e-01
14	14_924776	924776	0	A	G	0.125	-2.184958e+01	1.756711e+01	-7.901115e+01	1.000000e-05	1.000000e+05	2.340053e-01	3.036998e-01	3.288192e-01
14	14_924866	924866	0	G	A	0.438	1.209530e+00	1.233727e+01	-7.940047e+01	1.000000e-05	1.000000e+05	9.232913e-01	5.972023e-01	6.070321e-01
