chr	rs	ps	n_miss	allele1	allele0	af	beta	se	logl_H1	l_remle	l_mle	p_wald	p_lrt	p_score
1	1_44747	44747	0	C	G	0.200	-4.714177e+06	4.510614e+06	-3.565221e+02	1.000000e-05	1.000000e+05	3.097961e-01	6.741794e-01	6.798208e-01
1	1_44753	44753	1	G	A	0.211	-5.481675e+06	4.494289e+06	-3.564131e+02	1.000000e-05	1.000000e+05	2.383206e-01	5.298814e-01	5.397493e-01
1	1_44785	44785	1	G	A	0.158	-8.931446e+06	4.785740e+06	-3.554304e+02	1.000000e-05	1.000000e+05	7.838435e-02	1.244798e-01	1.530146e-01
1	1_47564	47564	0	G	A	0.450	-1.216298e+06	3.724072e+06	-3.565985e+02	1.000000e-05	1.000000e+05	7.477342e-01	8.773812e-01	8.791336e-01
1	1_47575	47575	0	G	A	0.500	8.357415e+05	3.711144e+06	-3.565073e+02	1.000000e-05	1.000000e+05	8.243623e-01	6.497277e-01	6.559814e-01
1	1_47671	47671	1	G	A	0.421	-1.298149e+05	3.861228e+06	-3.565720e+02	1.000000e-05	1.000000e+05	9.735501e-01	7.815858e-01	7.849459e-01
1	1_47684	47684	2	C	G	0.444	-4.430258e+05	3.940420e+06	-3.566102e+02	1.000000e-05	1.000000e+05	9.117259e-01	9.814602e-01	9.817160e-01
1	1_47686	47686	2	A	G	0.444	-4.430258e+05	3.940420e+06	-3.566102e+02	1.000000e-05	1.000000e+05	9.117259e-01	9.814602e-01	9.817160e-01
1	1_309593	309593	1	A	G	0.421	8.520511e+06	3.297988e+06	-3.548473e+02	1.000000e-05	1.000000e+05	1.873575e-02	6.040527e-02	8.896905e-02
1	1_477160	477160	0	A	C	0.100	-9.286830e+06	5.794265e+06	-3.550702e+02	1.000000e-05	1.000000e+05	1.263899e-01	7.923876e-02	1.083388e-01
1	1_678413	678413	0	C	T	0.100	-6.844067e+06	5.980189e+06	-3.553859e+02	1.000000e-05	1.000000e+05	2.674253e-01	1.175973e-01	1.463245e-01
1	1_971811	971811	3	G	T	0.118	-1.203864e+07	5.574992e+06	-3.549761e+02	1.000000e-05	1.000000e+05	4.456065e-02	7.061048e-02	9.954886e-02
1	1_975012	975012	0	C	T	0.100	2.403089e+06	6.167993e+06	-3.564613e+02	1.000000e-05	1.000000e+05	7.013989e-01	5.849187e-01	5.929930e-01
1	1_975152	975152	2	T	C	0.333	2.178351e+05	4.154704e+06	-3.566020e+02	1.000000e-05	1.000000e+05	9.587628e-01	8.968759e-01	8.983345e-01
1	1_975212	975212	0	C	T	0.400	-4.752255e+05	3.791347e+06	-3.565917e+02	1.000000e-05	1.000000e+05	9.016400e-01	8.466687e-01	8.489037e-01
1	1_975397	975397	2	T	C	0.389	1.180887e+06	4.008203e+06	-3.561901e+02	1.000000e-05	1.000000e+05	7.716570e-01	3.592104e-01	3.762248e-01
1	1_975445	975445	2	T	C	0.333	5.407691e+05	4.153067e+06	-3.565948e+02	1.000000e-05	1.000000e+05	8.978448e-01	8.595368e-01	8.615664e-01
1	1_975457	975457	1	A	G	0.421	-4.265874e+05	3.860037e+06	-3.566055e+02	1.000000e-05	1.000000e+05	9.132248e-01	9.212109e-01	9.223136e-01
1	1_975510	975510	1	T	C	0.105	-1.810911e+06	6.197449e+06	-3.562762e+02	1.000000e-05	1.000000e+05	7.734729e-01	4.135500e-01	4.280286e-01
1	1_1231132	1231132	0	A	G	0.100	3.663774e+06	6.133451e+06	-3.556179e+02	1.000000e-05	1.000000e+05	5.577188e-01	1.588514e-01	1.860989e-01
1	1_1231136	1231136	0	G	C	0.100	3.663774e+06	6.133451e+06	-3.556179e+02	1.000000e-05	1.000000e+05	5.577188e-01	1.588514e-01	1.860989e-01
1	1_1231137	1231137	0	G	A	0.100	3.663774e+06	6.133451e+06	-3.556179e+02	1.000000e-05	1.000000e+05	5.577188e-01	1.588514e-01	1.860989e-01
1	1_1581524	1581524	1	A	G	0.105	-1.021809e+06	6.207464e+06	-3.560435e+02	1.000000e-05	1.000000e+05	8.710855e-01	2.869482e-01	3.076457e-01
2	2_270700	270700	2	T	C	0.444	-5.002869e+06	3.761293e+06	-3.564111e+02	1.000000e-05	1.000000e+05	2.000963e-01	5.277293e-01	5.376722e-01
2	2_270855	270855	0	G	A	0.400	3.215326e+06	3.716523e+06	-3.560785e+02	1.000000e-05	1.000000e+05	3.983439e-01	3.023329e-01	3.222232e-01
2	2_270969	270969	1	T	G	0.421	3.407728e+06	3.776891e+06	-3.563590e+02	1.000000e-05	1.000000e+05	3.788356e-01	4.782580e-01	4.900316e-01
2	2_270970	270970	1	T	A	0.421	3.407728e+06	3.776891e+06	-3.563590e+02	1.000000e-05	1.000000e+05	3.788356e-01	4.782580e-01	4.900316e-01
2	2_270971	270971	1	C	A	0.421	3.407728e+06	3.776891e+06	-3.563590e+02	1.000000e-05	1.000000e+05	3.788356e-01	4.782580e-01	4.900316e-01
2	2_270994	270994	0	A	G	0.450	2.555119e+06	3.686221e+06	-3.565741e+02	1.000000e-05	1.000000e+05	4.970601e-01	7.875461e-01	7.907964e-01
2	2_294465	294465	1	G	A	0.105	1.109844e+06	6.206627e+06	-3.565649e+02	1.000000e-05	1.000000e+05	8.600795e-01	7.626867e-01	7.664056e-01
2	2_697983	697983	0	G	A	0.100	-9.006669e+05	6.190314e+06	-3.565680e+02	1.000000e-05	1.000000e+05	8.859361e-01	7.708496e-01	7.744116e-01
2	2_983795	983795	0	C	G	0.100	-9.006669e+05	6.190314e+06	-3.565680e+02	1.000000e-05	1.000000e+05	8.859361e-01	7.708496e-01	7.744116e-01
2	2_1225303	1225303	0	G	A	0.100	-9.006669e+05	6.190314e+06	-3.565680e+02	1.000000e-05	1.000000e+05	8.859361e-01	7.708496e-01	7.744116e-01
3	3_10892	10892	1	C	G	0.105	-2.483831e+06	6.184484e+06	-3.565557e+02	1.000000e-05	1.000000e+05	6.926898e-01	7.407576e-01	7.449138e-01
3	3_207299	207299	1	A	G	0.158	2.783829e+06	5.186949e+06	-3.565421e+02	1.000000e-05	1.000000e+05	5.980475e-01	7.116434e-01	7.164182e-01
3	3_750294	750294	0	T	G	0.300	6.353110e+05	4.052124e+06	-3.564042e+02	1.000000e-05	1.000000e+05	8.771597e-01	5.206809e-01	5.308722e-01
3	3_860957	860957	0	A	T	0.500	-1.747485e+05	3.716139e+06	-3.565304e+02	1.000000e-05	1.000000e+05	9.630117e-01	6.891722e-01	6.944568e-01
3	3_862065	862065	0	G	A	0.250	8.879967e+05	4.286182e+06	-3.561173e+02	1.000000e-05	1.000000e+05	8.381976e-01	3.206613e-01	3.396041e-01
3	3_862068	862068	0	G	A	0.250	8.879967e+05	4.286182e+06	-3.561173e+02	1.000000e-05	1.000000e+05	8.381976e-01	3.206613e-01	3.396041e-01
3	3_862069	862069	2	A	G	0.278	4.458107e+05	4.371772e+06	-3.563465e+02	1.000000e-05	1.000000e+05	9.199041e-01	4.674706e-01	4.796706e-01
3	3_1071924	1071924	0	G	A	0.300	7.573753e+06	3.640795e+06	-3.551800e+02	1.000000e-05	1.000000e+05	5.206321e-02	9.076004e-02	1.199062e-01
3	3_1071929	1071929	0	C	T	0.300	7.573753e+06	3.640795e+06	-3.551800e+02	1.000000e-05	1.000000e+05	5.206321e-02	9.076004e-02	1.199062e-01
3	3_1234218	1234218	0	G	A	0.350	2.441170e+06	3.853086e+06	-3.559971e+02	1.000000e-05	1.000000e+05	5.343349e-01	2.680701e-01	2.897685e-01
4	4_667433	667433	0	G	T	0.250	-2.797444e+06	4.240331e+06	-3.566095e+02	1.000000e-05	1.000000e+05	5.177845e-01	9.652015e-01	9.656826e-01
4	4_667446	667446	0	G	A	0.250	-2.797444e+06	4.240331e+06	-3.566095e+02	1.000000e-05	1.000000e+05	5.177845e-01	9.652015e-01	9.656826e-01
4	4_667490	667490	1	G	A	0.316	-4.683129e+06	3.950077e+06	-3.563974e+02	1.000000e-05	1.000000e+05	2.512043e-01	5.139571e-01	5.243892e-01
4	4_995956	995956	3	A	G	0.176	3.280384e+06	5.230076e+06	-3.561014e+02	1.000000e-05	1.000000e+05	5.383936e-01	3.129530e-01	3.322922e-01
4	4_1076446	1076446	0	G	A	0.400	-1.289441e+06	3.780806e+06	-3.565657e+02	1.000000e-05	1.000000e+05	7.370151e-01	7.649136e-01	7.685894e-01
4	4_1076465	1076465	0	G	A	0.450	1.549505e+06	3.717190e+06	-3.565069e+02	1.000000e-05	1.000000e+05	6.817183e-01	6.490685e-01	6.553392e-01
5	5_7093	7093	0	G	A	0.300	7.842840e+06	3.609004e+06	-3.530798e+02	1.000000e-05	1.000000e+05	4.336455e-02	7.877120e-03	2.530559e-02
5	5_276722	276722	0	G	A	0.100	-9.006669e+05	6.190314e+06	-3.565680e+02	1.000000e-05	1.000000e+05	8.859361e-01	7.708496e-01	7.744116e-01
5	5_475470	475470	1	T	C	0.316	2.106437e+06	4.071245e+06	-3.557902e+02	1.000000e-05	1.000000e+05	6.111812e-01	2.002581e-01	2.255307e-01
5	5_476407	476407	0	A	T	0.450	1.053116e+06	3.726831e+06	-3.565738e+02	1.000000e-05	1.000000e+05	7.807249e-01	7.865464e-01	7.898151e-01
5	5_500266	500266	1	G	A	0.421	4.825378e+06	3.690049e+06	-3.560999e+02	1.000000e-05	1.000000e+05	2.074405e-01	3.122510e-01	3.316265e-01
5	5_676974	676974	0	A	C	0.450	3.545659e+06	3.640395e+06	-3.561498e+02	1.000000e-05	1.000000e+05	3.429765e-01	3.371295e-01	3.552368e-01
5	5_835130	835130	1	A	G	0.316	-2.162921e+06	4.069600e+06	-3.564155e+02	1.000000e-05	1.000000e+05	6.015826e-01	5.323589e-01	5.421408e-01
5	5_835251	835251	2	G	C	0.389	-2.551304e+06	3.972600e+06	-3.562523e+02	1.000000e-05	1.000000e+05	5.288224e-01	3.973774e-01	4.125865e-01
5	5_835261	835261	0	A	G	0.350	-1.771380e+06	3.873373e+06	-3.563756e+02	1.000000e-05	1.000000e+05	6.529110e-01	4.930926e-01	5.042958e-01
5	5_836479	836479	0	G	A	0.250	5.913015e+06	4.058658e+06	-3.555269e+02	1.000000e-05	1.000000e+05	1.623711e-01	1.409910e-01	1.689650e-01
5	5_836568	836568	0	A	G	0.350	4.773314e+06	3.729816e+06	-3.553494e+02	1.000000e-05	1.000000e+05	2.168749e-01	1.122613e-01	1.411174e-01
5	5_836697	836697	0	A	G	0.500	1.070029e+06	3.707799e+06	-3.562294e+02	1.000000e-05	1.000000e+05	7.761930e-01	3.826595e-01	3.985515e-01
5	5_836899	836899	1	G	A	0.105	-4.425613e+06	6.123925e+06	-3.565668e+02	1.000000e-05	1.000000e+05	4.791644e-01	7.677190e-01	7.713408e-01
5	5_1210544	1210544	0	G	A	0.100	-9.006669e+05	6.190314e+06	-3.565680e+02	1.000000e-05	1.000000e+05	8.859361e-01	7.708496e-01	7.744116e-01
5	5_1245074	1245074	0	A	G	0.200	2.303919e+06	4.613616e+06	-3.562976e+02	1.000000e-05	1.000000e+05	6.235648e-01	4.289479e-01	4.427510e-01
5	5_1770892	1770892	0	G	A	0.500	-2.019726e+06	3.685748e+06	-3.564952e+02	1.000000e-05	1.000000e+05	5.904354e-01	6.311958e-01	6.379398e-01
5	5_1773044	1773044	0	G	A	0.100	-1.014793e+07	5.713474e+06	-3.543312e+02	1.000000e-05	1.000000e+05	9.261679e-02	3.275774e-02	5.863909e-02
5	5_1773047	1773047	0	G	A	0.250	-2.303732e+06	4.256797e+06	-3.566051e+02	1.000000e-05	1.000000e+05	5.950125e-01	9.176030e-01	9.187578e-01
6	6_191358	191358	0	C	T	0.100	2.627072e+06	6.162910e+06	-3.564380e+02	1.000000e-05	1.000000e+05	6.749643e-01	5.569768e-01	5.659318e-01
6	6_220264	220264	1	G	A	0.474	-6.394728e+06	3.757887e+06	-3.536547e+02	7.479136e-01	1.000000e+05	1.060238e-01	1.504320e-02	3.628901e-02
6	6_220267	220267	1	G	A	0.474	-6.394728e+06	3.757887e+06	-3.536547e+02	7.479136e-01	1.000000e+05	1.060238e-01	1.504320e-02	3.628901e-02
6	6_221273	221273	2	A	G	0.444	-5.926599e+06	3.685977e+06	-3.555956e+02	1.000000e-05	1.000000e+05	1.252608e-01	1.542456e-01	1.816902e-01
6	6_221275	221275	1	A	G	0.474	-6.860248e+06	3.458910e+06	-3.550889e+02	1.000000e-05	1.000000e+05	6.279620e-02	8.107849e-02	1.101978e-01
6	6_221282	221282	0	C	A	0.450	9.527662e+06	2.984587e+06	-3.530019e+02	1.000000e-05	1.000000e+05	5.047316e-03	7.221624e-03	2.416876e-02
6	6_739933	739933	0	G	T	0.400	-5.137328e+06	3.594528e+06	-3.555621e+02	1.000000e-05	1.000000e+05	1.700705e-01	1.476126e-01	1.753297e-01
6	6_988043	988043	1	T	C	0.211	-5.748435e+06	4.475738e+06	-3.545256e+02	1.000000e-05	1.000000e+05	2.153028e-01	4.115583e-02	6.821070e-02
6	6_988098	988098	1	A	G	0.263	-3.480829e+06	4.250990e+06	-3.560199e+02	1.000000e-05	1.000000e+05	4.235935e-01	2.771335e-01	2.983503e-01
6	6_988261	988261	2	A	G	0.111	2.469281e+06	6.205299e+06	-3.563182e+02	1.000000e-05	1.000000e+05	6.953610e-01	4.445746e-01	4.577124e-01
6	6_988405	988405	1	T	C	0.211	-5.132207e+06	4.517156e+06	-3.550465e+02	1.000000e-05	1.000000e+05	2.707913e-01	7.696286e-02	1.060321e-01
6	6_988465	988465	0	T	C	0.400	1.236203e+06	3.781798e+06	-3.565917e+02	1.000000e-05	1.000000e+05	7.475274e-01	8.463733e-01	8.486130e-01
6	6_988478	988478	1	G	A	0.368	5.115949e+06	3.763769e+06	-3.556082e+02	1.000000e-05	1.000000e+05	1.908510e-01	1.568334e-01	1.841681e-01
6	6_988549	988549	1	A	G	0.211	4.221567e+06	4.569240e+06	-3.561981e+02	1.000000e-05	1.000000e+05	3.677536e-01	3.638262e-01	3.806165e-01
6	6_988553	988553	1	T	G	0.211	3.548303e+06	4.600933e+06	-3.563106e+02	1.000000e-05	1.000000e+05	4.505861e-01	4.387138e-01	4.520987e-01
6	6_988631	988631	0	G	A	0.300	-9.266582e+05	4.049002e+06	-3.565923e+02	1.000000e-05	1.000000e+05	8.215571e-01	8.489627e-01	8.511607e-01
6	6_988733	988733	1	A	G	0.474	3.486436e+06	3.728724e+06	-3.565737e+02	1.000000e-05	1.000000e+05	3.621528e-01	7.863405e-01	7.896130e-01
6	6_988843	988843	3	A	G	0.353	8.507271e+06	3.710339e+06	-3.537509e+02	1.000000e-05	1.000000e+05	3.411769e-02	1.678161e-02	3.869744e-02
6	6_988922	988922	3	A	G	0.294	4.600014e+06	4.288419e+06	-3.555966e+02	1.000000e-05	1.000000e+05	2.975950e-01	1.544491e-01	1.818851e-01
6	6_988930	988930	1	G	A	0.211	6.460073e+06	4.421484e+06	-3.551542e+02	1.000000e-05	1.000000e+05	1.612349e-01	8.789432e-02	1.170447e-01
6	6_988960	988960	1	T	G	0.211	6.469884e+06	4.420685e+06	-3.546299e+02	1.000000e-05	1.000000e+05	1.605622e-01	4.656320e-02	7.417885e-02
6	6_989188	989188	0	T	C	0.300	3.497564e+06	3.970201e+06	-3.563192e+02	1.000000e-05	1.000000e+05	3.899545e-01	4.453649e-01	4.584696e-01
6	6_989334	989334	3	G	C	0.471	1.717495e+06	4.017614e+06	-3.564276e+02	1.000000e-05	1.000000e+05	6.740919e-01	5.453278e-01	5.546681e-01
6	6_989453	989453	2	G	A	0.444	-5.266159e+06	3.741271e+06	-3.556497e+02	1.000000e-05	1.000000e+05	1.762890e-01	1.656908e-01	1.926353e-01
6	6_989490	989490	1	T	C	0.263	1.950511e+06	4.304957e+06	-3.566045e+02	1.000000e-05	1.000000e+05	6.559017e-01	9.133146e-01	9.145316e-01
6	6_989528	989528	0	T	C	0.500	-6.433521e+01	3.716368e+06	-3.566104e+02	1.000000e-05	1.000000e+05	9.999864e-01	9.951750e-01	9.952415e-01
6	6_989732	989732	3	T	C	0.294	3.280671e+05	4.422681e+06	-3.566004e+02	1.000000e-05	1.000000e+05	9.416866e-01	8.871905e-01	8.887940e-01
6	6_989861	989861	3	A	G	0.412	-5.124111e+05	4.093452e+06	-3.564921e+02	1.000000e-05	1.000000e+05	9.017699e-01	6.266620e-01	6.335295e-01
6	6_989960	989960	0	A	G	0.400	1.878100e+06	3.767078e+06	-3.566098e+02	1.000000e-05	1.000000e+05	6.241295e-01	9.711580e-01	9.715564e-01
6	6_990258	990258	0	G	T	0.450	-3.311618e+06	3.652619e+06	-3.566083e+02	1.000000e-05	1.000000e+05	3.765736e-01	9.474925e-01	9.482213e-01
6	6_990671	990671	4	A	G	0.438	-2.863647e+06	4.133123e+06	-3.565337e+02	1.000000e-05	1.000000e+05	4.972446e-01	6.951540e-01	7.003000e-01
6	6_990699	990699	2	A	G	0.444	3.476144e+05	3.940953e+06	-3.564781e+02	1.000000e-05	1.000000e+05	9.306871e-01	6.069360e-01	6.143580e-01
6	6_990701	990701	1	G	A	0.421	-2.167445e+06	3.827408e+06	-3.564018e+02	1.000000e-05	1.000000e+05	5.781858e-01	5.182942e-01	5.285706e-01
6	6_990771	990771	2	T	C	0.333	-2.530890e+06	4.111988e+06	-3.561802e+02	1.000000e-05	1.000000e+05	5.459350e-01	3.535867e-01	3.708762e-01
6	6_990777	990777	0	A	G	0.350	2.445322e+05	3.895393e+06	-3.565906e+02	1.000000e-05	1.000000e+05	9.506377e-01	8.419497e-01	8.442613e-01
6	6_990851	990851	1	T	C	0.211	-7.067611e+05	4.673367e+06	-3.564353e+02	1.000000e-05	1.000000e+05	8.814750e-01	5.539740e-01	5.630273e-01
6	6_990862	990862	0	G	T	0.200	-1.458608e+06	4.632728e+06	-3.562421e+02	1.000000e-05	1.000000e+05	7.564971e-01	3.907289e-01	4.062444e-01
6	6_990885	990885	3	A	G	0.118	-5.552510e+06	6.117148e+06	-3.559059e+02	1.000000e-05	1.000000e+05	3.760314e-01	2.352025e-01	2.586518e-01
6	6_990992	990992	1	T	C	0.263	-5.868293e+05	4.327232e+06	-3.565878e+02	1.000000e-05	1.000000e+05	8.936322e-01	8.316449e-01	8.341261e-01
6	6_991027	991027	0	T	C	0.200	-3.507038e+06	4.571330e+06	-3.563974e+02	1.000000e-05	1.000000e+05	4.529200e-01	5.139213e-01	5.243547e-01
6	6_1031241	1031241	1	G	A	0.211	2.365261e+06	4.642981e+06	-3.562926e+02	1.000000e-05	1.000000e+05	6.166414e-01	4.252535e-01	4.392169e-01
6	6_1160524	1160524	0	A	G	0.300	6.150271e+06	3.786911e+06	-3.546948e+02	1.000000e-05	1.000000e+05	1.217392e-01	5.030460e-02	7.823816e-02
6	6_1160528	1160528	0	A	G	0.300	6.150271e+06	3.786911e+06	-3.546948e+02	1.000000e-05	1.000000e+05	1.217392e-01	5.030460e-02	7.823816e-02
6	6_1160532	1160532	0	A	G	0.300	6.150271e+06	3.786911e+06	-3.546948e+02	1.000000e-05	1.000000e+05	1.217392e-01	5.030460e-02	7.823816e-02
7	7_11056	11056	1	A	C	0.368	2.233730e+06	3.916990e+06	-3.565095e+02	1.000000e-05	1.000000e+05	5.755466e-01	6.532743e-01	6.594367e-01
7	7_14006	14006	1	A	G	0.211	-2.332864e+06	4.643884e+06	-3.565123e+02	1.000000e-05	1.000000e+05	6.215101e-01	6.577249e-01	6.637740e-01
7	7_36839	36839	0	G	A	0.150	-5.881970e+05	5.202105e+06	-3.566001e+02	1.000000e-05	1.000000e+05	9.112273e-01	8.856510e-01	8.872777e-01
7	7_49744	49744	0	G	A	0.150	-3.169081e+06	5.150067e+06	-3.564487e+02	1.000000e-05	1.000000e+05	5.460274e-01	5.694917e-01	5.780448e-01
7	7_164473	164473	2	G	A	0.389	2.103050e+06	3.987163e+06	-3.557265e+02	1.000000e-05	1.000000e+05	6.043188e-01	1.836438e-01	2.097441e-01
7	7_164511	164511	1	C	T	0.421	2.073979e+03	3.861350e+06	-3.565973e+02	1.000000e-05	1.000000e+05	9.995774e-01	8.713670e-01	8.732119e-01
7	7_164589	164589	0	C	T	0.300	-4.052032e+05	4.053767e+06	-3.565056e+02	1.000000e-05	1.000000e+05	9.214832e-01	6.470247e-01	6.533484e-01
7	7_164636	164636	2	A	G	0.500	-4.186341e+06	3.791089e+06	-3.558914e+02	1.000000e-05	1.000000e+05	2.840247e-01	2.304388e-01	2.541405e-01
7	7_164887	164887	0	G	A	0.300	4.282158e+06	3.927260e+06	-3.562148e+02	1.000000e-05	1.000000e+05	2.899330e-01	3.737214e-01	3.900363e-01
7	7_164926	164926	3	G	A	0.176	3.096506e+06	5.236305e+06	-3.565721e+02	1.000000e-05	1.000000e+05	5.616374e-01	7.817143e-01	7.850721e-01
7	7_165027	165027	1	T	C	0.211	3.813906e+06	4.589107e+06	-3.565137e+02	1.000000e-05	1.000000e+05	4.168180e-01	6.600131e-01	6.660045e-01
7	7_165292	165292	0	C	A	0.500	-3.037301e+06	3.646761e+06	-3.553453e+02	1.000000e-05	1.000000e+05	4.158293e-01	1.116855e-01	1.405543e-01
7	7_165637	165637	1	G	A	0.474	-2.215977e+06	3.782309e+06	-3.561934e+02	1.000000e-05	1.000000e+05	5.652312e-01	3.611191e-01	3.780406e-01
7	7_165657	165657	2	A	G	0.389	-1.345943e+06	4.005310e+06	-3.565253e+02	1.000000e-05	1.000000e+05	7.407264e-01	6.798021e-01	6.853080e-01
7	7_165680	165680	0	T	C	0.400	-2.263242e+05	3.792623e+06	-3.565933e+02	1.000000e-05	1.000000e+05	9.530722e-01	8.529716e-01	8.551054e-01
7	7_165704	165704	2	A	G	0.444	-3.510727e+05	3.940932e+06	-3.563584e+02	1.000000e-05	1.000000e+05	9.299991e-01	4.777057e-01	4.895009e-01
7	7_165798	165798	3	C	T	0.412	-1.843173e+06	4.072132e+06	-3.565268e+02	1.000000e-05	1.000000e+05	6.562225e-01	6.825009e-01	6.879425e-01
7	7_165854	165854	3	C	T	0.412	-7.550664e+06	3.688308e+06	-3.553778e+02	1.000000e-05	1.000000e+05	5.552284e-02	1.163896e-01	1.451476e-01
7	7_165873	165873	0	A	G	0.350	-8.922962e+06	3.279338e+06	-3.531799e+02	1.000000e-05	1.000000e+05	1.401303e-02	8.809513e-03	2.687073e-02
7	7_165955	165955	1	T	C	0.474	2.546469e+06	3.770737e+06	-3.563638e+02	1.000000e-05	1.000000e+05	5.080532e-01	4.824699e-01	4.940797e-01
7	7_166056	166056	1	A	C	0.421	-4.444920e+06	3.716509e+06	-3.558956e+02	1.000000e-05	1.000000e+05	2.472170e-01	2.318145e-01	2.554434e-01
7	7_166309	166309	1	G	A	0.474	-4.679619e+05	3.816609e+06	-3.565918e+02	1.000000e-05	1.000000e+05	9.037730e-01	8.467526e-01	8.489863e-01
7	7_166838	166838	0	T	A	0.200	3.308592e+06	4.579531e+06	-3.559464e+02	1.000000e-05	1.000000e+05	4.792855e-01	2.491608e-01	2.718673e-01
7	7_166992	166992	0	A	G	0.400	3.334287e+06	3.710689e+06	-3.562096e+02	1.000000e-05	1.000000e+05	3.807486e-01	3.705857e-01	3.870505e-01
7	7_167034	167034	2	T	C	0.333	4.788198e+06	3.998814e+06	-3.554744e+02	1.000000e-05	1.000000e+05	2.466804e-01	1.317155e-01	1.600201e-01
7	7_167035	167035	1	C	A	0.368	4.493268e+06	3.807674e+06	-3.555187e+02	1.000000e-05	1.000000e+05	2.533388e-01	1.395064e-01	1.675358e-01
7	7_167135	167135	3	A	G	0.471	-4.382651e+06	3.903588e+06	-3.547192e+02	1.000000e-05	1.000000e+05	2.763077e-01	5.179417e-02	7.984033e-02
7	7_167192	167192	0	C	T	0.400	-1.738239e+06	3.770806e+06	-3.560641e+02	1.000000e-05	1.000000e+05	6.503393e-01	2.958797e-01	3.161074e-01
7	7_167224	167224	2	T	A	0.389	-5.107005e+06	3.833298e+06	-3.547664e+02	1.000000e-05	1.000000e+05	1.993927e-01	5.480109e-02	8.305255e-02
7	7_167292	167292	2	A	G	0.444	-4.620210e+06	3.788387e+06	-3.556837e+02	1.000000e-05	1.000000e+05	2.383672e-01	1.733829e-01	1.999734e-01
7	7_167370	167370	1	A	G	0.368	-1.363754e+06	3.939120e+06	-3.565753e+02	1.000000e-05	1.000000e+05	7.332005e-01	7.910230e-01	7.942099e-01
7	7_167655	167655	2	G	A	0.389	-1.798000e+06	3.995444e+06	-3.562821e+02	1.000000e-05	1.000000e+05	6.580739e-01	4.177207e-01	4.320144e-01
7	7_167687	167687	1	A	C	0.263	-6.028711e+06	4.089598e+06	-3.559390e+02	1.000000e-05	1.000000e+05	1.577141e-01	2.465285e-01	2.693753e-01
7	7_453828	453828	1	T	C	0.158	-2.330734e+06	5.199348e+06	-3.565726e+02	1.000000e-05	1.000000e+05	6.593043e-01	7.832306e-01	7.865603e-01
7	7_479542	479542	0	A	G	0.200	-3.148576e+06	4.585795e+06	-3.564426e+02	1.000000e-05	1.000000e+05	5.010890e-01	5.622970e-01	5.710796e-01
7	7_672119	672119	0	G	A	0.300	-3.853787e+06	3.951835e+06	-3.557599e+02	1.000000e-05	1.000000e+05	3.423909e-01	1.921552e-01	2.178359e-01
7	7_752860	752860	3	A	T	0.294	2.933247e+06	4.368994e+06	-3.560490e+02	1.000000e-05	1.000000e+05	5.105047e-01	2.892895e-01	3.098636e-01
7	7_752861	752861	0	A	T	0.150	4.648675e+06	5.087293e+06	-3.557691e+02	1.000000e-05	1.000000e+05	3.729100e-01	1.945789e-01	2.201384e-01
7	7_908360	908360	2	C	A	0.167	-8.941965e+06	4.814620e+06	-3.542466e+02	1.000000e-05	1.000000e+05	7.971496e-02	2.968133e-02	5.501389e-02
7	7_1196178	1196178	0	C	T	0.500	3.519335e+06	3.622609e+06	-3.562877e+02	1.000000e-05	1.000000e+05	3.441781e-01	4.217562e-01	4.358724e-01
7	7_1205599	1205599	3	G	T	0.353	-2.851031e+06	4.163626e+06	-3.560505e+02	1.000000e-05	1.000000e+05	5.022263e-01	2.899605e-01	3.104992e-01
7	7_1205600	1205600	2	G	A	0.333	-2.965328e+06	4.095815e+06	-3.559521e+02	1.000000e-05	1.000000e+05	4.783769e-01	2.511828e-01	2.737815e-01
7	7_1205735	1205735	2	T	A	0.278	4.702406e+06	4.230242e+06	-3.564599e+02	1.000000e-05	1.000000e+05	2.809308e-01	5.831881e-01	5.913152e-01
7	7_1263585	1263585	0	T	C	0.400	-2.491266e+06	3.747278e+06	-3.563817e+02	1.000000e-05	1.000000e+05	5.145937e-01	4.988465e-01	5.098334e-01
7	7_1263610	1263610	0	G	A	0.400	2.158446e+06	3.758731e+06	-3.565922e+02	1.000000e-05	1.000000e+05	5.729066e-01	8.486449e-01	8.508480e-01
7	7_1263646	1263646	0	G	A	0.100	-2.056958e+05	6.193753e+06	-3.565534e+02	1.000000e-05	1.000000e+05	9.738725e-01	7.354883e-01	7.397531e-01
7	7_1263647	1263647	0	G	T	0.100	-2.056958e+05	6.193753e+06	-3.565534e+02	1.000000e-05	1.000000e+05	9.738725e-01	7.354883e-01	7.397531e-01
7	7_1266484	1266484	1	T	A	0.474	-5.493769e+05	3.816007e+06	-3.566047e+02	1.000000e-05	1.000000e+05	8.871266e-01	9.145160e-01	9.157155e-01
7	7_1276916	1276916	0	A	G	0.300	7.825888e+05	4.050691e+06	-3.566036e+02	1.000000e-05	1.000000e+05	8.489665e-01	9.069046e-01	9.082152e-01
7	7_1276919	1276919	0	G	A	0.250	-1.539340e+06	4.275924e+06	-3.563524e+02	1.000000e-05	1.000000e+05	7.230352e-01	4.725571e-01	4.845549e-01
7	7_1341024	1341024	0	A	C	0.250	2.457295e+06	4.252030e+06	-3.565305e+02	1.000000e-05	1.000000e+05	5.704839e-01	6.892314e-01	6.945146e-01
8	8_817562	817562	2	T	C	0.111	7.759161e+06	5.958170e+06	-3.550312e+02	1.000000e-05	1.000000e+05	2.092411e-01	7.553815e-02	1.045840e-01
8	8_817567	817567	2	C	T	0.111	7.759161e+06	5.958170e+06	-3.550312e+02	1.000000e-05	1.000000e+05	2.092411e-01	7.553815e-02	1.045840e-01
8	8_817674	817674	1	A	G	0.211	-1.521187e+06	4.662562e+06	-3.565757e+02	1.000000e-05	1.000000e+05	7.479937e-01	7.921019e-01	7.952692e-01
8	8_818838	818838	3	G	A	0.412	1.288382e+06	4.083958e+06	-3.559401e+02	1.000000e-05	1.000000e+05	7.560301e-01	2.469247e-01	2.697504e-01
8	8_847517	847517	0	A	G	0.200	-3.287333e+06	4.580383e+06	-3.565945e+02	1.000000e-05	1.000000e+05	4.821548e-01	8.582958e-01	8.603450e-01
8	8_874822	874822	1	G	A	0.158	-8.364154e+06	4.842353e+06	-3.554764e+02	1.000000e-05	1.000000e+05	1.012348e-01	1.320620e-01	1.603550e-01
8	8_874895	874895	3	T	C	0.235	-2.521464e+06	4.714135e+06	-3.561311e+02	1.000000e-05	1.000000e+05	5.992836e-01	3.275042e-01	3.460978e-01
8	8_874992	874992	1	C	T	0.158	4.396307e+06	5.124575e+06	-3.563423e+02	1.000000e-05	1.000000e+05	4.022338e-01	4.639568e-01	4.762979e-01
8	8_1252135	1252135	1	T	C	0.368	-4.248004e+05	3.950953e+06	-3.565794e+02	1.000000e-05	1.000000e+05	9.155670e-01	8.032483e-01	8.062162e-01
8	8_1326133	1326133	0	A	G	0.150	1.377662e+06	5.193814e+06	-3.566088e+02	1.000000e-05	1.000000e+05	7.938303e-01	9.545078e-01	9.551381e-01
8	8_1326140	1326140	0	G	A	0.100	6.165951e+06	6.021026e+06	-3.560967e+02	1.000000e-05	1.000000e+05	3.193689e-01	3.107573e-01	3.302099e-01
8	8_1383765	1383765	0	A	G	0.450	-2.621633e+06	3.683621e+06	-3.559558e+02	1.000000e-05	1.000000e+05	4.857730e-01	2.525212e-01	2.750484e-01
9	9_5213	5213	1	G	C	0.105	1.121714e+07	5.621420e+06	-3.554282e+02	1.000000e-05	1.000000e+05	6.135819e-02	1.241275e-01	1.526728e-01
9	9_6619	6619	0	C	T	0.250	1.326239e+07	3.324239e+06	-3.497322e+02	7.645083e+00	1.000000e+05	8.595081e-04	2.081004e-04	5.492029e-03
9	9_7470	7470	0	A	G	0.400	-6.039473e+05	3.790328e+06	-3.565974e+02	1.000000e-05	1.000000e+05	8.751760e-01	8.718449e-01	8.736825e-01
9	9_7729	7729	0	C	T	0.450	1.952340e+06	3.706629e+06	-3.563102e+02	1.000000e-05	1.000000e+05	6.048218e-01	4.384077e-01	4.518056e-01
9	9_8171	8171	1	G	A	0.421	2.584246e+06	3.813011e+06	-3.565510e+02	1.000000e-05	1.000000e+05	5.065530e-01	7.302572e-01	7.346313e-01
9	9_10033	10033	0	C	T	0.250	-5.899500e+06	4.059754e+06	-3.556629e+02	1.000000e-05	1.000000e+05	1.633895e-01	1.686385e-01	1.954489e-01
9	9_220237	220237	1	A	G	0.105	-5.308128e+06	6.084840e+06	-3.559475e+02	1.000000e-05	1.000000e+05	3.945039e-01	2.495473e-01	2.722332e-01
9	9_220963	220963	2	C	T	0.222	1.548626e+05	4.711212e+06	-3.566104e+02	1.000000e-05	1.000000e+05	9.741392e-01	9.992475e-01	9.992578e-01
9	9_705343	705343	1	G	A	0.263	3.681840e+06	4.241570e+06	-3.562818e+02	1.000000e-05	1.000000e+05	3.967998e-01	4.175089e-01	4.318120e-01
9	9_705571	705571	0	C	T	0.450	6.490718e+06	3.407405e+06	-3.537823e+02	1.000000e-05	1.000000e+05	7.289989e-02	1.739219e-02	3.952725e-02
9	9_706175	706175	1	G	A	0.368	6.759954e+05	3.949002e+06	-3.566032e+02	1.000000e-05	1.000000e+05	8.659908e-01	9.039590e-01	9.053129e-01
9	9_1115286	1115286	0	G	A	0.450	-2.379971e+06	3.692726e+06	-3.560416e+02	1.000000e-05	1.000000e+05	5.273786e-01	2.861351e-01	3.068755e-01
10	10_15220	15220	0	T	A	0.100	-7.364600e+06	5.945739e+06	-3.549631e+02	1.000000e-05	1.000000e+05	2.313912e-01	6.950634e-02	9.841463e-02
10	10_15279	15279	1	A	G	0.211	2.360420e+05	4.675993e+06	-3.566056e+02	1.000000e-05	1.000000e+05	9.602962e-01	9.214747e-01	9.225735e-01
10	10_15288	15288	2	C	T	0.222	1.089788e+06	4.704347e+06	-3.565974e+02	1.000000e-05	1.000000e+05	8.194187e-01	8.717728e-01	8.736114e-01
10	10_15302	15302	2	T	C	0.333	-3.112322e+06	4.089750e+06	-3.557611e+02	1.000000e-05	1.000000e+05	4.565084e-01	1.924597e-01	2.181252e-01
10	10_15428	15428	1	C	G	0.158	5.362869e+05	5.226765e+06	-3.566082e+02	1.000000e-05	1.000000e+05	9.194117e-01	9.469894e-01	9.477253e-01
10	10_15438	15438	0	G	A	0.150	1.121635e+06	5.197237e+06	-3.565594e+02	1.000000e-05	1.000000e+05	8.315596e-01	7.493375e-01	7.533198e-01
10	10_15441	15441	1	A	G	0.158	5.362869e+05	5.226765e+06	-3.566082e+02	1.000000e-05	1.000000e+05	9.194117e-01	9.469894e-01	9.477253e-01
10	10_15449	15449	1	C	T	0.105	-4.662145e+06	6.114178e+06	-3.562277e+02	1.000000e-05	1.000000e+05	4.556304e-01	3.816332e-01	3.975735e-01
10	10_15455	15455	0	C	T	0.100	-4.077348e+06	6.118941e+06	-3.563892e+02	1.000000e-05	1.000000e+05	5.136390e-01	5.059474e-01	5.166712e-01
10	10_15458	15458	0	G	A	0.100	-4.077348e+06	6.118941e+06	-3.563892e+02	1.000000e-05	1.000000e+05	5.136390e-01	5.059474e-01	5.166712e-01
10	10_15461	15461	0	T	C	0.100	-4.077348e+06	6.118941e+06	-3.563892e+02	1.000000e-05	1.000000e+05	5.136390e-01	5.059474e-01	5.166712e-01
10	10_15463	15463	0	A	T	0.100	-4.077348e+06	6.118941e+06	-3.563892e+02	1.000000e-05	1.000000e+05	5.136390e-01	5.059474e-01	5.166712e-01
10	10_15473	15473	0	C	T	0.100	-4.077348e+06	6.118941e+06	-3.563892e+02	1.000000e-05	1.000000e+05	5.136390e-01	5.059474e-01	5.166712e-01
10	10_17879	17879	0	T	C	0.300	1.044249e+06	4.047411e+06	-3.565635e+02	1.000000e-05	1.000000e+05	7.993304e-01	7.593917e-01	7.631749e-01
10	10_17897	17897	0	A	G	0.350	1.698292e+06	3.875190e+06	-3.564864e+02	1.000000e-05	1.000000e+05	6.664211e-01	6.183644e-01	6.254618e-01
10	10_18092	18092	0	A	G	0.450	-2.322606e+06	3.694752e+06	-3.565913e+02	1.000000e-05	1.000000e+05	5.374920e-01	8.447841e-01	8.470495e-01
10	10_18647	18647	2	C	T	0.111	-6.059771e+06	6.066662e+06	-3.542552e+02	1.000000e-05	1.000000e+05	3.311000e-01	2.998091e-02	5.537027e-02
10	10_18785	18785	1	G	A	0.105	-7.517006e+05	6.209603e+06	-3.563777e+02	1.000000e-05	1.000000e+05	9.049889e-01	4.951008e-01	5.062283e-01
10	10_18869	18869	0	G	A	0.200	-2.570792e+06	4.605766e+06	-3.562335e+02	1.000000e-05	1.000000e+05	5.836064e-01	3.852617e-01	4.010317e-01
10	10_18908	18908	0	G	A	0.350	-3.712170e+06	3.796283e+06	-3.562876e+02	1.000000e-05	1.000000e+05	3.411120e-01	4.216849e-01	4.358042e-01
10	10_18915	18915	0	T	C	0.350	-3.712170e+06	3.796283e+06	-3.562876e+02	1.000000e-05	1.000000e+05	3.411120e-01	4.216849e-01	4.358042e-01
10	10_18933	18933	0	A	G	0.350	-2.672637e+06	3.844543e+06	-3.563594e+02	1.000000e-05	1.000000e+05	4.958218e-01	4.786150e-01	4.903747e-01
10	10_18941	18941	2	T	C	0.389	-2.013102e+06	3.989741e+06	-3.564877e+02	1.000000e-05	1.000000e+05	6.199821e-01	6.203366e-01	6.273789e-01
10	10_18943	18943	1	G	A	0.421	3.240143e+05	3.860594e+06	-3.566104e+02	1.000000e-05	1.000000e+05	9.340396e-01	9.965659e-01	9.966132e-01
10	10_18988	18988	4	A	G	0.188	6.836590e+06	5.072905e+06	-3.556117e+02	1.000000e-05	1.000000e+05	1.944843e-01	1.575603e-01	1.848637e-01
10	10_18992	18992	0	A	G	0.150	6.461482e+06	4.976103e+06	-3.556801e+02	1.000000e-05	1.000000e+05	2.105053e-01	1.725364e-01	1.991665e-01
10	10_18997	18997	2	G	A	0.167	6.688958e+06	5.013685e+06	-3.556695e+02	1.000000e-05	1.000000e+05	1.987926e-01	1.701164e-01	1.968588e-01
10	10_19002	19002	0	T	C	0.150	4.141079e+06	5.111599e+06	-3.564448e+02	1.000000e-05	1.000000e+05	4.284443e-01	5.649027e-01	5.736017e-01
10	10_19004	19004	0	G	A	0.150	4.141079e+06	5.111599e+06	-3.564448e+02	1.000000e-05	1.000000e+05	4.284443e-01	5.649027e-01	5.736017e-01
10	10_19015	19015	0	A	G	0.150	4.141079e+06	5.111599e+06	-3.564448e+02	1.000000e-05	1.000000e+05	4.284443e-01	5.649027e-01	5.736017e-01
10	10_19031	19031	0	G	A	0.100	7.297452e+06	5.950331e+06	-3.555710e+02	1.000000e-05	1.000000e+05	2.358523e-01	1.493423e-01	1.769897e-01
10	10_19067	19067	1	A	T	0.105	5.367627e+06	6.081938e+06	-3.562907e+02	1.000000e-05	1.000000e+05	3.891129e-01	4.238927e-01	4.379154e-01
10	10_318276	318276	0	G	A	0.250	-5.636015e+06	4.080497e+06	-3.556276e+02	1.000000e-05	1.000000e+05	1.841225e-01	1.609145e-01	1.880719e-01
10	10_387430	387430	1	G	A	0.105	-1.057475e+06	6.207142e+06	-3.565904e+02	1.000000e-05	1.000000e+05	8.666239e-01	8.414765e-01	8.437958e-01
10	10_583208	583208	1	A	G	0.474	-2.070389e+06	3.786889e+06	-3.558598e+02	1.000000e-05	1.000000e+05	5.912811e-01	2.204735e-01	2.447003e-01
10	10_584652	584652	0	G	T	0.450	-1.877377e+06	3.708785e+06	-3.565392e+02	1.000000e-05	1.000000e+05	6.188616e-01	7.058519e-01	7.107553e-01
10	10_724149	724149	0	G	A	0.150	3.376099e+06	5.142753e+06	-3.565382e+02	1.000000e-05	1.000000e+05	5.198224e-01	7.037821e-01	7.087320e-01
10	10_724150	724150	0	A	G	0.150	3.376099e+06	5.142753e+06	-3.565382e+02	1.000000e-05	1.000000e+05	5.198224e-01	7.037821e-01	7.087320e-01
11	11_9749	9749	0	A	G	0.100	-3.456226e+06	6.140140e+06	-3.566034e+02	1.000000e-05	1.000000e+05	5.804538e-01	9.054184e-01	9.067508e-01
11	11_10019	10019	3	G	C	0.353	-1.317115e+06	4.206064e+06	-3.557912e+02	1.000000e-05	1.000000e+05	7.577687e-01	2.005372e-01	2.257955e-01
11	11_10896	10896	0	C	G	0.100	-9.286830e+06	5.794265e+06	-3.550702e+02	1.000000e-05	1.000000e+05	1.263899e-01	7.923876e-02	1.083388e-01
11	11_10931	10931	0	T	A	0.150	-5.447387e+06	5.043069e+06	-3.563716e+02	1.000000e-05	1.000000e+05	2.943264e-01	4.894620e-01	5.008031e-01
11	11_10934	10934	0	G	T	0.200	-6.711411e+06	4.367822e+06	-3.555511e+02	1.000000e-05	1.000000e+05	1.417936e-01	1.455029e-01	1.733036e-01
11	11_104630	104630	0	A	G	0.250	4.015637e+05	4.290244e+06	-3.564353e+02	1.000000e-05	1.000000e+05	9.264615e-01	5.539672e-01	5.630207e-01
11	11_104688	104688	1	G	A	0.211	1.048079e+06	4.669795e+06	-3.565105e+02	1.000000e-05	1.000000e+05	8.249446e-01	6.548679e-01	6.609896e-01
11	11_384025	384025	0	T	C	0.200	1.868921e+06	4.624522e+06	-3.564153e+02	1.000000e-05	1.000000e+05	6.908763e-01	5.322022e-01	5.419895e-01
11	11_547884	547884	0	C	T	0.100	-9.006669e+05	6.190314e+06	-3.565680e+02	1.000000e-05	1.000000e+05	8.859361e-01	7.708496e-01	7.744116e-01
11	11_804706	804706	1	A	G	0.316	-8.371452e+06	3.595569e+06	-3.535092e+02	1.000000e-05	1.000000e+05	3.175442e-02	1.275677e-02	3.299994e-02
11	11_804710	804710	3	C	T	0.294	-8.343176e+06	3.962189e+06	-3.545503e+02	1.000000e-05	1.000000e+05	4.953400e-02	4.236988e-02	6.956218e-02
11	11_804742	804742	2	G	A	0.389	2.526282e+06	3.973485e+06	-3.549770e+02	1.000000e-05	1.000000e+05	5.329175e-01	7.068826e-02	9.962866e-02
11	11_804763	804763	2	C	T	0.167	1.263486e+06	5.247290e+06	-3.562107e+02	1.000000e-05	1.000000e+05	8.124404e-01	3.712206e-01	3.876550e-01
11	11_966513	966513	1	T	A	0.158	-6.351160e+06	5.009398e+06	-3.564463e+02	1.000000e-05	1.000000e+05	2.210073e-01	5.666510e-01	5.752942e-01
11	11_966516	966516	0	C	T	0.150	-7.008543e+06	4.934802e+06	-3.562990e+02	1.000000e-05	1.000000e+05	1.726311e-01	4.299714e-01	4.437303e-01
11	11_966519	966519	0	C	T	0.150	-7.008543e+06	4.934802e+06	-3.562990e+02	1.000000e-05	1.000000e+05	1.726311e-01	4.299714e-01	4.437303e-01
11	11_966569	966569	1	C	G	0.105	-3.341995e+06	6.161989e+06	-3.566101e+02	1.000000e-05	1.000000e+05	5.942248e-01	9.800391e-01	9.803146e-01
11	11_966644	966644	3	C	A	0.176	1.200834e+06	5.279341e+06	-3.565622e+02	1.000000e-05	1.000000e+05	8.226304e-01	7.560413e-01	7.598903e-01
11	11_966669	966669	1	C	T	0.316	4.705163e+06	3.948622e+06	-3.554310e+02	1.000000e-05	1.000000e+05	2.488948e-01	1.245762e-01	1.531081e-01
11	11_966684	966684	2	T	C	0.444	1.760700e+06	3.919896e+06	-3.566063e+02	1.000000e-05	1.000000e+05	6.586702e-01	9.271298e-01	9.281474e-01
11	11_966699	966699	1	T	C	0.263	3.399179e+05	4.328694e+06	-3.563973e+02	1.000000e-05	1.000000e+05	9.382755e-01	5.137828e-01	5.242212e-01
11	11_966700	966700	2	G	A	0.278	-3.655351e+05	4.372187e+06	-3.564609e+02	1.000000e-05	1.000000e+05	9.342936e-01	5.844928e-01	5.925801e-01
11	11_966735	966735	0	A	C	0.200	-3.737025e+06	4.561189e+06	-3.565408e+02	1.000000e-05	1.000000e+05	4.233259e-01	7.090348e-01	7.138673e-01
11	11_966738	966738	1	T	A	0.211	-2.431164e+06	4.641086e+06	-3.565889e+02	1.000000e-05	1.000000e+05	6.067835e-01	8.356099e-01	8.380254e-01
11	11_966756	966756	0	A	G	0.150	-3.723086e+06	5.129433e+06	-3.564432e+02	1.000000e-05	1.000000e+05	4.772764e-01	5.629855e-01	5.717460e-01
11	11_966757	966757	0	T	C	0.150	-3.723086e+06	5.129433e+06	-3.564432e+02	1.000000e-05	1.000000e+05	4.772764e-01	5.629855e-01	5.717460e-01
11	11_966771	966771	0	T	C	0.200	-2.237030e+06	4.615440e+06	-3.565821e+02	1.000000e-05	1.000000e+05	6.337461e-01	8.118766e-01	8.146935e-01
11	11_1478119	1478119	0	A	G	0.300	-1.241448e+06	4.044316e+06	-3.566090e+02	1.000000e-05	1.000000e+05	7.623958e-01	9.575459e-01	9.581338e-01
12	12_11092	11092	0	G	A	0.450	-2.316963e+06	3.694958e+06	-3.562642e+02	1.000000e-05	1.000000e+05	5.384926e-01	4.053328e-01	4.201799e-01
12	12_11094	11094	0	A	G	0.400	2.979965e+06	3.727408e+06	-3.561341e+02	1.000000e-05	1.000000e+05	4.344396e-01	3.290189e-01	3.475356e-01
12	12_11122	11122	0	G	C	0.350	-2.520068e+06	3.850267e+06	-3.565407e+02	1.000000e-05	1.000000e+05	5.210546e-01	7.087767e-01	7.136149e-01
12	12_11170	11170	0	C	T	0.450	-2.139303e+06	3.700904e+06	-3.566104e+02	1.000000e-05	1.000000e+05	5.703930e-01	9.910477e-01	9.911712e-01
12	12_11223	11223	0	G	C	0.250	1.916419e+05	4.291056e+06	-3.565812e+02	1.000000e-05	1.000000e+05	9.648694e-01	8.088645e-01	8.117337e-01
12	12_11400	11400	0	A	C	0.400	1.618845e+06	3.773766e+06	-3.565408e+02	1.000000e-05	1.000000e+05	6.730328e-01	7.090358e-01	7.138683e-01
12	12_11406	11406	0	A	G	0.400	1.618845e+06	3.773766e+06	-3.565408e+02	1.000000e-05	1.000000e+05	6.730328e-01	7.090358e-01	7.138683e-01
12	12_11407	11407	0	C	A	0.400	1.618845e+06	3.773766e+06	-3.565408e+02	1.000000e-05	1.000000e+05	6.730328e-01	7.090358e-01	7.138683e-01
12	12_11410	11410	0	C	T	0.400	1.618845e+06	3.773766e+06	-3.565408e+02	1.000000e-05	1.000000e+05	6.730328e-01	7.090358e-01	7.138683e-01
12	12_11413	11413	1	T	G	0.421	2.937661e+06	3.798768e+06	-3.562890e+02	1.000000e-05	1.000000e+05	4.493706e-01	4.226783e-01	4.367541e-01
12	12_13936	13936	0	C	T	0.150	1.721861e+06	5.188103e+06	-3.565957e+02	1.000000e-05	1.000000e+05	7.438082e-01	8.635557e-01	8.655221e-01
12	12_13979	13979	2	T	C	0.167	3.360214e+06	5.195716e+06	-3.564927e+02	1.000000e-05	1.000000e+05	5.259698e-01	6.274263e-01	6.342729e-01
12	12_14009	14009	0	C	T	0.250	7.586529e+06	3.900980e+06	-3.550357e+02	1.000000e-05	1.000000e+05	6.759590e-02	7.594955e-02	1.050025e-01
12	12_14035	14035	1	C	T	0.368	5.986183e+06	3.691777e+06	-3.558401e+02	1.000000e-05	1.000000e+05	1.222974e-01	2.145181e-01	2.390562e-01
12	12_14096	14096	1	C	T	0.421	1.075180e+04	3.861346e+06	-3.563979e+02	1.000000e-05	1.000000e+05	9.978089e-01	5.144531e-01	5.248674e-01
12	12_14104	14104	2	C	T	0.389	2.979797e+06	3.955992e+06	-3.556446e+02	1.000000e-05	1.000000e+05	4.610472e-01	1.645803e-01	1.915748e-01
12	12_14114	14114	0	T	C	0.300	-3.382624e+05	4.054104e+06	-3.565637e+02	1.000000e-05	1.000000e+05	9.344250e-01	7.598319e-01	7.636065e-01
12	12_14125	14125	1	A	G	0.263	1.728307e+06	4.310229e+06	-3.560658e+02	1.000000e-05	1.000000e+05	6.931562e-01	2.966307e-01	3.168191e-01
12	12_14197	14197	0	G	A	0.200	1.394276e+05	4.645343e+06	-3.566078e+02	1.000000e-05	1.000000e+05	9.763858e-01	9.422189e-01	9.430219e-01
12	12_14202	14202	0	A	G	0.200	1.394276e+05	4.645343e+06	-3.566078e+02	1.000000e-05	1.000000e+05	9.763858e-01	9.422189e-01	9.430219e-01
12	12_14301	14301	2	G	A	0.500	6.448391e+06	3.610525e+06	-3.539808e+02	1.000000e-05	1.000000e+05	9.095701e-02	2.182953e-02	4.535230e-02
12	12_14318	14318	0	A	G	0.300	6.260529e+06	3.776857e+06	-3.547107e+02	1.000000e-05	1.000000e+05	1.147232e-01	5.126646e-02	7.927359e-02
12	12_14741	14741	1	C	G	0.474	4.209811e+06	3.687018e+06	-3.556963e+02	1.000000e-05	1.000000e+05	2.685024e-01	1.763419e-01	2.027931e-01
12	12_14783	14783	2	A	G	0.222	-1.604843e+06	4.696141e+06	-3.563016e+02	1.000000e-05	1.000000e+05	7.365065e-01	4.319339e-01	4.456084e-01
12	12_15014	15014	2	A	G	0.389	7.923508e+06	3.557424e+06	-3.537316e+02	1.000000e-05	1.000000e+05	3.892599e-02	1.641639e-02	3.819727e-02
12	12_19728	19728	0	A	G	0.100	1.796518e+06	6.179452e+06	-3.565863e+02	1.000000e-05	1.000000e+05	7.745852e-01	8.260343e-01	8.286094e-01
12	12_19741	19741	0	C	T	0.250	-5.589725e+05	4.289265e+06	-3.566104e+02	1.000000e-05	1.000000e+05	8.977595e-01	9.976371e-01	9.976697e-01
12	12_356356	356356	0	A	G	0.100	-5.583492e+06	6.052517e+06	-3.561630e+02	1.000000e-05	1.000000e+05	3.684648e-01	3.441719e-01	3.619271e-01
12	12_356358	356358	0	A	G	0.100	-5.583492e+06	6.052517e+06	-3.561630e+02	1.000000e-05	1.000000e+05	3.684648e-01	3.441719e-01	3.619271e-01
12	12_356374	356374	0	G	A	0.100	-5.583492e+06	6.052517e+06	-3.561630e+02	1.000000e-05	1.000000e+05	3.684648e-01	3.441719e-01	3.619271e-01
12	12_502808	502808	2	A	G	0.444	9.114491e+05	3.935944e+06	-3.560981e+02	1.000000e-05	1.000000e+05	8.194836e-01	3.113911e-01	3.308109e-01
12	12_502864	502864	2	T	C	0.444	1.871250e+06	3.917047e+06	-3.565846e+02	1.000000e-05	1.000000e+05	6.385996e-01	8.203000e-01	8.229721e-01
12	12_502865	502865	2	G	T	0.444	1.871250e+06	3.917047e+06	-3.565846e+02	1.000000e-05	1.000000e+05	6.385996e-01	8.203000e-01	8.229721e-01
12	12_502882	502882	2	G	A	0.389	1.680900e+06	3.998275e+06	-3.565987e+02	1.000000e-05	1.000000e+05	6.791649e-01	8.784784e-01	8.802140e-01
12	12_502888	502888	0	G	A	0.450	-2.865596e+04	3.735082e+06	-3.563594e+02	1.000000e-05	1.000000e+05	9.939630e-01	4.785799e-01	4.903410e-01
12	12_502890	502890	3	G	A	0.412	1.140951e+06	4.086395e+06	-3.564519e+02	1.000000e-05	1.000000e+05	7.832686e-01	5.733457e-01	5.817774e-01
12	12_502909	502909	0	C	T	0.350	4.722601e+05	3.894221e+06	-3.559314e+02	1.000000e-05	1.000000e+05	9.048191e-01	2.438651e-01	2.668538e-01
12	12_502926	502926	2	G	C	0.444	6.163611e+05	3.939124e+06	-3.564625e+02	1.000000e-05	1.000000e+05	8.774029e-01	5.865401e-01	5.945650e-01
12	12_502937	502937	3	C	T	0.353	-4.321575e+06	4.092656e+06	-3.563312e+02	1.000000e-05	1.000000e+05	3.049655e-01	4.548464e-01	4.675580e-01
12	12_502942	502942	1	T	C	0.421	-4.303080e+06	3.725766e+06	-3.563554e+02	1.000000e-05	1.000000e+05	2.632130e-01	4.751339e-01	4.870300e-01
12	12_502956	502956	2	A	G	0.333	-4.358026e+06	4.026052e+06	-3.562827e+02	1.000000e-05	1.000000e+05	2.933382e-01	4.181645e-01	4.324387e-01
12	12_503049	503049	1	C	G	0.158	5.406786e+06	5.070592e+06	-3.552476e+02	1.000000e-05	1.000000e+05	3.003810e-01	9.874422e-02	1.278316e-01
12	12_503112	503112	3	G	A	0.235	5.432985e+06	4.575633e+06	-3.554893e+02	1.000000e-05	1.000000e+05	2.505140e-01	1.342863e-01	1.625031e-01
12	12_503171	503171	3	G	A	0.235	2.061952e+06	4.726529e+06	-3.560836e+02	1.000000e-05	1.000000e+05	6.678422e-01	3.046742e-01	3.244426e-01
12	12_503254	503254	0	C	G	0.350	2.664837e+05	3.895302e+06	-3.565509e+02	1.000000e-05	1.000000e+05	9.462123e-01	7.300202e-01	7.343992e-01
12	12_503293	503293	1	A	C	0.421	-3.509349e+06	3.771715e+06	-3.561249e+02	1.000000e-05	1.000000e+05	3.644557e-01	3.243949e-01	3.431469e-01
12	12_503311	503311	1	A	C	0.474	2.351366e+05	3.817801e+06	-3.566069e+02	1.000000e-05	1.000000e+05	9.515684e-01	9.331317e-01	9.340636e-01
12	12_503313	503313	2	T	A	0.500	-1.239699e+06	3.906481e+06	-3.565647e+02	1.000000e-05	1.000000e+05	7.546340e-01	7.624258e-01	7.661497e-01
12	12_503321	503321	3	C	T	0.471	1.193120e+06	4.028153e+06	-3.563286e+02	1.000000e-05	1.000000e+05	7.704711e-01	4.527759e-01	4.655727e-01
12	12_503327	503327	2	A	C	0.389	3.848955e+06	3.914097e+06	-3.555731e+02	1.000000e-05	1.000000e+05	3.384658e-01	1.497655e-01	1.773957e-01
12	12_503356	503356	1	A	C	0.316	3.517306e+06	4.016751e+06	-3.565109e+02	1.000000e-05	1.000000e+05	3.927509e-01	6.554678e-01	6.615742e-01
12	12_503357	503357	1	T	G	0.316	3.517306e+06	4.016751e+06	-3.565109e+02	1.000000e-05	1.000000e+05	3.927509e-01	6.554678e-01	6.615742e-01
12	12_503364	503364	1	T	C	0.316	3.517306e+06	4.016751e+06	-3.565109e+02	1.000000e-05	1.000000e+05	3.927509e-01	6.554678e-01	6.615742e-01
12	12_503366	503366	1	C	T	0.316	3.517306e+06	4.016751e+06	-3.565109e+02	1.000000e-05	1.000000e+05	3.927509e-01	6.554678e-01	6.615742e-01
12	12_503401	503401	1	A	G	0.421	3.215338e+06	3.786245e+06	-3.562866e+02	1.000000e-05	1.000000e+05	4.069145e-01	4.209588e-01	4.351100e-01
12	12_503416	503416	0	G	A	0.200	4.168476e+06	4.540374e+06	-3.565543e+02	1.000000e-05	1.000000e+05	3.707102e-01	7.376057e-01	7.418267e-01
12	12_503422	503422	0	T	G	0.150	6.241094e+06	4.991717e+06	-3.559500e+02	1.000000e-05	1.000000e+05	2.272043e-01	2.504240e-01	2.730631e-01
12	12_503453	503453	0	T	C	0.100	3.808533e+06	6.128551e+06	-3.566104e+02	1.000000e-05	1.000000e+05	5.421006e-01	9.976168e-01	9.976496e-01
12	12_537923	537923	0	G	A	0.400	2.211645e+06	3.757005e+06	-3.563062e+02	1.000000e-05	1.000000e+05	5.633960e-01	4.353841e-01	4.489107e-01
13	13_11108	11108	0	C	T	0.150	3.603184e+06	5.134183e+06	-3.559568e+02	1.000000e-05	1.000000e+05	4.917777e-01	2.529021e-01	2.754091e-01
13	13_11118	11118	0	T	C	0.250	-7.898465e+06	3.866430e+06	-3.548346e+02	1.000000e-05	1.000000e+05	5.599410e-02	5.948787e-02	8.800628e-02
13	13_11130	11130	1	A	G	0.263	-6.250481e+06	4.071058e+06	-3.550783e+02	1.000000e-05	1.000000e+05	1.420896e-01	8.003564e-02	1.091447e-01
13	13_52884	52884	0	A	G	0.100	3.697602e+05	6.193324e+06	-3.563689e+02	1.000000e-05	1.000000e+05	9.530500e-01	4.870306e-01	4.984647e-01
13	13_128625	128625	4	A	G	0.375	4.079716e+06	4.182161e+06	-3.556074e+02	1.000000e-05	1.000000e+05	3.422391e-01	1.566716e-01	1.840131e-01
13	13_128715	128715	3	G	A	0.353	2.205841e+06	4.185337e+06	-3.561895e+02	1.000000e-05	1.000000e+05	6.046012e-01	3.588642e-01	3.758955e-01
13	13_128729	128729	3	G	A	0.294	1.758566e+06	4.403894e+06	-3.563135e+02	1.000000e-05	1.000000e+05	6.943551e-01	4.409415e-01	4.542321e-01
13	13_162462	162462	0	A	G	0.200	6.320190e+06	4.403681e+06	-3.545391e+02	9.405295e-03	1.000000e+05	1.683774e-01	4.181548e-02	6.894591e-02
13	13_219021	219021	1	C	T	0.158	-5.644141e+05	5.226598e+06	-3.565913e+02	1.000000e-05	1.000000e+05	9.151992e-01	8.449374e-01	8.472003e-01
13	13_219311	219311	0	A	T	0.150	-1.500096e+06	5.191933e+06	-3.562460e+02	1.000000e-05	1.000000e+05	7.759374e-01	3.932402e-01	4.086395e-01
13	13_219312	219312	0	A	G	0.150	-1.500096e+06	5.191933e+06	-3.562460e+02	1.000000e-05	1.000000e+05	7.759374e-01	3.932402e-01	4.086395e-01
13	13_655915	655915	0	A	G	0.400	-3.335458e+05	3.792186e+06	-3.565887e+02	1.000000e-05	1.000000e+05	9.308827e-01	8.348513e-01	8.372794e-01
13	13_742766	742766	3	G	A	0.176	-3.968211e+06	5.203540e+06	-3.556751e+02	1.000000e-05	1.000000e+05	4.555812e-01	1.713995e-01	1.980825e-01
13	13_742771	742771	0	C	A	0.200	6.248141e+05	4.643126e+06	-3.565935e+02	1.000000e-05	1.000000e+05	8.944471e-01	8.540177e-01	8.561348e-01
14	14_155590	155590	0	T	C	0.200	-1.250580e+07	3.590497e+06	-3.510399e+02	1.000000e-05	1.000000e+05	2.654892e-03	8.443588e-04	9.088507e-03
14	14_342562	342562	0	G	T	0.450	-9.708093e+05	3.728077e+06	-3.565067e+02	1.000000e-05	1.000000e+05	7.975071e-01	6.487665e-01	6.550450e-01
14	14_383626	383626	0	G	A	0.100	-9.006669e+05	6.190314e+06	-3.565680e+02	1.000000e-05	1.000000e+05	8.859361e-01	7.708496e-01	7.744116e-01
14	14_852745	852745	0	G	T	0.100	-9.006669e+05	6.190314e+06	-3.565680e+02	1.000000e-05	1.000000e+05	8.859361e-01	7.708496e-01	7.744116e-01
14	14_908850	908850	0	G	A	0.450	-3.313154e+06	3.652541e+06	-3.557146e+02	1.000000e-05	1.000000e+05	3.763473e-01	1.807189e-01	2.069609e-01
14	14_908994	908994	1	C	T	0.105	-1.485182e+06	6.202262e+06	-3.566104e+02	1.000000e-05	1.000000e+05	8.134558e-01	9.997067e-01	9.997107e-01
14	14_909011	909011	1	T	C	0.105	-1.485182e+06	6.202262e+06	-3.566104e+02	1.000000e-05	1.000000e+05	8.134558e-01	9.997067e-01	9.997107e-01
14	14_909450	909450	0	G	T	0.250	-2.710323e+06	4.243471e+06	-3.550071e+02	1.000000e-05	1.000000e+05	5.310592e-01	7.333641e-02	1.023395e-01
14	14_909472	909472	0	G	T	0.300	-7.600797e+05	4.050933e+06	-3.558587e+02	1.000000e-05	1.000000e+05	8.532650e-01	2.201263e-01	2.443713e-01
14	14_909504	909504	1	T	G	0.316	-1.361136e+06	4.088846e+06	-3.554945e+02	1.000000e-05	1.000000e+05	7.430633e-01	1.351889e-01	1.633741e-01
14	14_909638	909638	0	C	T	0.350	-2.967761e+06	3.832500e+06	-3.565754e+02	1.000000e-05	1.000000e+05	4.487665e-01	7.913170e-01	7.944985e-01
14	14_909661	909661	1	G	A	0.316	-5.198289e+06	3.914120e+06	-3.560116e+02	1.000000e-05	1.000000e+05	2.007450e-01	2.737792e-01	2.951741e-01
14	14_909704	909704	0	G	A	0.400	-4.543951e+06	3.638651e+06	-3.562668e+02	1.000000e-05	1.000000e+05	2.277359e-01	4.070719e-01	4.218405e-01
14	14_910040	910040	1	A	G	0.368	2.872657e+06	3.893786e+06	-3.562728e+02	1.000000e-05	1.000000e+05	4.701732e-01	4.112049e-01	4.257882e-01
14	14_910103	910103	0	A	G	0.400	6.708052e+06	3.447751e+06	-3.551155e+02	1.000000e-05	1.000000e+05	6.748597e-02	8.378839e-02	1.129274e-01
14	14_910152	910152	1	A	G	0.316	2.288168e+06	4.065801e+06	-3.565297e+02	1.000000e-05	1.000000e+05	5.805246e-01	6.878433e-01	6.931589e-01
14	14_910181	910181	1	G	A	0.368	5.233754e+06	3.754767e+06	-3.555548e+02	1.000000e-05	1.000000e+05	1.803202e-01	1.462090e-01	1.739819e-01
14	14_910258	910258	1	T	G	0.474	1.279534e+06	3.806278e+06	-3.565356e+02	1.000000e-05	1.000000e+05	7.406342e-01	6.988244e-01	7.038864e-01
14	14_910323	910323	0	T	C	0.400	-3.763776e+06	3.687798e+06	-3.560292e+02	1.000000e-05	1.000000e+05	3.209650e-01	2.809521e-01	3.019665e-01
14	14_910328	910328	0	G	A	0.450	-8.498503e+05	3.729713e+06	-3.565739e+02	1.000000e-05	1.000000e+05	8.223238e-01	7.870250e-01	7.902848e-01
14	14_910510	910510	1	A	G	0.368	-4.531243e+06	3.805170e+06	-3.549359e+02	1.000000e-05	1.000000e+05	2.491947e-01	6.724254e-02	9.608173e-02
14	14_910555	910555	2	C	T	0.333	-3.081073e+06	4.091068e+06	-3.562346e+02	1.000000e-05	1.000000e+05	4.611142e-01	3.859455e-01	4.016836e-01
14	14_910742	910742	0	A	G	0.400	-2.652770e+06	3.741108e+06	-3.565386e+02	1.000000e-05	1.000000e+05	4.873543e-01	7.047100e-01	7.096390e-01
14	14_910822	910822	0	G	A	0.250	-7.078150e+06	3.953712e+06	-3.560604e+02	1.000000e-05	1.000000e+05	9.024849e-02	2.942290e-01	3.145433e-01
14	14_910834	910834	1	T	A	0.158	-9.110579e+06	4.766947e+06	-3.560588e+02	1.000000e-05	1.000000e+05	7.203671e-02	2.935290e-01	3.138801e-01
14	14_910926	910926	3	G	A	0.412	-5.089260e+06	3.915612e+06	-3.551565e+02	1.000000e-05	1.000000e+05	2.100912e-01	8.814404e-02	1.172945e-01
14	14_910939	910939	3	A	C	0.471	-1.742388e+06	4.017016e+06	-3.565653e+02	1.000000e-05	1.000000e+05	6.696227e-01	7.639015e-01	7.675969e-01
14	14_910964	910964	1	A	G	0.474	4.463097e+06	3.670430e+06	-3.558788e+02	1.000000e-05	1.000000e+05	2.397068e-01	2.264001e-01	2.503152e-01
14	14_910966	910966	0	T	C	0.500	-3.429705e+06	3.627381e+06	-3.562711e+02	1.000000e-05	1.000000e+05	3.569216e-01	4.100107e-01	4.246473e-01
14	14_910979	910979	2	A	G	0.389	2.529302e+06	3.973381e+06	-3.564334e+02	1.000000e-05	1.000000e+05	5.324227e-01	5.517970e-01	5.609220e-01
14	14_911099	911099	2	A	G	0.444	-1.956645e+06	3.914730e+06	-3.565713e+02	1.000000e-05	1.000000e+05	6.232594e-01	7.797492e-01	7.831436e-01
14	14_911129	911129	2	T	C	0.389	-2.376758e+06	3.978612e+06	-3.565808e+02	1.000000e-05	1.000000e+05	5.576922e-01	8.075639e-01	8.104559e-01
14	14_911206	911206	1	G	A	0.316	-1.866062e+05	4.101170e+06	-3.565869e+02	1.000000e-05	1.000000e+05	9.642092e-01	8.280897e-01	8.306303e-01
14	14_911262	911262	2	A	C	0.111	1.003072e+06	6.228052e+06	-3.565805e+02	1.000000e-05	1.000000e+05	8.738423e-01	8.065769e-01	8.094862e-01
14	14_911292	911292	1	A	G	0.158	5.859989e+06	5.042549e+06	-3.563304e+02	1.000000e-05	1.000000e+05	2.603691e-01	4.542450e-01	4.669813e-01
14	14_911297	911297	3	A	C	0.176	6.086895e+06	5.088544e+06	-3.562165e+02	1.000000e-05	1.000000e+05	2.471400e-01	3.747274e-01	3.909945e-01
14	14_911308	911308	1	C	T	0.105	2.968784e+06	6.172598e+06	-3.566099e+02	1.000000e-05	1.000000e+05	6.363379e-01	9.740338e-01	9.743924e-01
14	14_911314	911314	0	A	G	0.100	3.485378e+06	6.139223e+06	-3.566062e+02	1.000000e-05	1.000000e+05	5.772365e-01	9.263836e-01	9.274119e-01
14	14_911321	911321	0	G	A	0.150	6.997289e+06	4.935692e+06	-3.555773e+02	1.000000e-05	1.000000e+05	1.733600e-01	1.505832e-01	1.781800e-01
14	14_911352	911352	2	G	A	0.500	-4.613174e+06	3.763464e+06	-3.545843e+02	1.000000e-05	1.000000e+05	2.360783e-01	4.411064e-02	7.148798e-02
14	14_911375	911375	1	G	A	0.211	6.154801e+06	4.445615e+06	-3.554532e+02	1.000000e-05	1.000000e+05	1.831402e-01	1.281761e-01	1.565966e-01
14	14_911385	911385	1	G	A	0.263	7.593225e+06	3.942190e+06	-3.543939e+02	1.000000e-05	1.000000e+05	7.002894e-02	3.524987e-02	6.152461e-02
14	14_911414	911414	1	G	A	0.158	7.700351e+06	4.903149e+06	-3.553383e+02	1.000000e-05	1.000000e+05	1.337129e-01	1.106881e-01	1.395784e-01
14	14_924025	924025	0	C	T	0.350	4.006220e+06	3.779645e+06	-3.558998e+02	1.000000e-05	1.000000e+05	3.031856e-01	2.332048e-01	2.567600e-01
14	14_924047	924047	1	A	C	0.263	3.073178e+06	4.268417e+06	-3.561100e+02	1.000000e-05	1.000000e+05	4.807821e-01	3.170751e-01	3.362019e-01
14	14_924049	924049	1	A	T	0.263	3.073178e+06	4.268417e+06	-3.561100e+02	1.000000e-05	1.000000e+05	4.807821e-01	3.170751e-01	3.362019e-01
14	14_924050	924050	1	G	C	0.263	3.073178e+06	4.268417e+06	-3.561100e+02	1.000000e-05	1.000000e+05	4.807821e-01	3.170751e-01	3.362019e-01
14	14_924059	924059	0	T	C	0.200	4.323410e+05	4.644342e+06	-3.566097e+02	1.000000e-05	1.000000e+05	9.268605e-01	9.685816e-01	9.690158e-01
14	14_924128	924128	0	G	A	0.100	-4.636235e+06	6.096786e+06	-3.564542e+02	1.000000e-05	1.000000e+05	4.568383e-01	5.761993e-01	5.845419e-01
14	14_924776	924776	0	A	G	0.100	-4.636235e+06	6.096786e+06	-3.564542e+02	1.000000e-05	1.000000e+05	4.568383e-01	5.761993e-01	5.845419e-01
14	14_924866	924866	0	G	A	0.400	-1.582327e+06	3.774620e+06	-3.561572e+02	1.000000e-05	1.000000e+05	6.800290e-01	3.410571e-01	3.589676e-01
