chr	rs	ps	n_miss	allele1	allele0	af	beta	se	logl_H1	l_remle	l_mle	p_wald	p_lrt	p_score
1	1_44747	44747	0	C	G	0.188	3.713540e+00	2.233984e+00	-4.816767e+01	1.000000e-05	1.000000e+05	1.186717e-01	4.467136e-02	7.997468e-02
1	1_44753	44753	1	G	A	0.200	3.611165e+00	2.266632e+00	-4.834132e+01	1.000000e-05	1.000000e+05	1.334389e-01	5.494625e-02	9.117068e-02
1	1_44785	44785	1	G	A	0.133	-8.482718e-01	2.889975e+00	-5.016871e+01	1.000000e-05	1.000000e+05	7.734292e-01	8.649156e-01	8.674088e-01
1	1_47564	47564	0	G	A	0.438	-8.214660e-01	1.910773e+00	-5.001705e+01	1.000000e-05	1.000000e+05	6.738025e-01	5.643348e-01	5.754463e-01
1	1_47575	47575	0	G	A	0.500	-1.289823e+00	1.876864e+00	-5.002555e+01	1.000000e-05	1.000000e+05	5.031687e-01	5.744783e-01	5.851833e-01
1	1_47671	47671	1	G	A	0.467	-1.515255e+00	1.933276e+00	-5.005768e+01	1.000000e-05	1.000000e+05	4.462299e-01	6.163709e-01	6.254997e-01
1	1_47684	47684	2	C	G	0.500	-1.691830e+00	1.989274e+00	-4.990883e+01	1.000000e-05	1.000000e+05	4.093707e-01	4.588556e-01	4.748106e-01
1	1_47686	47686	2	A	G	0.500	-1.691830e+00	1.989274e+00	-4.990883e+01	1.000000e-05	1.000000e+05	4.093707e-01	4.588556e-01	4.748106e-01
1	1_309593	309593	0	A	G	0.438	-4.788981e-01	1.919080e+00	-5.016546e+01	1.000000e-05	1.000000e+05	8.065629e-01	8.506838e-01	8.534653e-01
1	1_477160	477160	0	A	C	0.062	-2.053118e+00	3.903301e+00	-4.957084e+01	1.000000e-05	1.000000e+05	6.071239e-01	2.684444e-01	2.959064e-01
1	1_678413	678413	0	C	T	0.125	-2.199765e+00	2.824478e+00	-4.925883e+01	1.000000e-05	1.000000e+05	4.490493e-01	1.739348e-01	2.075822e-01
1	1_971811	971811	1	G	T	0.067	-2.107822e+00	3.910094e+00	-4.995874e+01	1.000000e-05	1.000000e+05	5.983059e-01	5.028737e-01	5.166678e-01
1	1_975012	975012	0	C	T	0.125	-2.199763e+00	2.824478e+00	-4.961471e+01	1.000000e-05	1.000000e+05	4.490498e-01	2.863014e-01	3.125703e-01
1	1_975152	975152	1	T	C	0.333	-4.652328e-01	2.086690e+00	-5.007072e+01	1.000000e-05	1.000000e+05	8.267926e-01	6.353288e-01	6.437966e-01
1	1_975212	975212	0	C	T	0.375	-7.557280e-01	1.960466e+00	-4.982455e+01	1.000000e-05	1.000000e+05	7.056727e-01	3.970473e-01	4.163785e-01
1	1_975397	975397	2	T	C	0.357	2.296802e+00	2.038326e+00	-4.968516e+01	1.000000e-05	1.000000e+05	2.787676e-01	3.182736e-01	3.424436e-01
1	1_975445	975445	2	T	C	0.214	2.371921e+00	2.403659e+00	-4.979480e+01	1.000000e-05	1.000000e+05	3.404911e-01	3.781361e-01	3.985778e-01
1	1_975457	975457	1	A	G	0.333	5.774055e-01	2.084687e+00	-5.018169e+01	1.000000e-05	1.000000e+05	7.858471e-01	9.565502e-01	9.573220e-01
1	1_975510	975510	1	T	C	0.133	-6.124264e-01	2.894226e+00	-5.006219e+01	1.000000e-05	1.000000e+05	8.354664e-01	6.227783e-01	6.316802e-01
1	1_1231132	1231132	0	A	G	0.125	-2.199756e+00	2.824479e+00	-4.995624e+01	1.000000e-05	1.000000e+05	4.490512e-01	5.005002e-01	5.144056e-01
1	1_1231136	1231136	0	G	C	0.125	-2.199756e+00	2.824479e+00	-4.995624e+01	1.000000e-05	1.000000e+05	4.490512e-01	5.005002e-01	5.144056e-01
1	1_1231137	1231137	0	G	A	0.125	-2.199756e+00	2.824479e+00	-4.995624e+01	1.000000e-05	1.000000e+05	4.490512e-01	5.005002e-01	5.144056e-01
1	1_1581524	1581524	1	A	G	0.133	2.487385e+00	2.821598e+00	-4.998032e+01	1.000000e-05	1.000000e+05	3.929029e-01	5.241563e-01	5.369781e-01
2	2_270700	270700	2	T	C	0.357	-5.607111e-01	2.123471e+00	-5.010971e+01	1.000000e-05	1.000000e+05	7.955855e-01	7.014892e-01	7.078834e-01
2	2_270855	270855	0	G	A	0.438	2.601326e+00	1.793297e+00	-4.970677e+01	1.000000e-05	1.000000e+05	1.689308e-01	3.290065e-01	3.524865e-01
2	2_270969	270969	1	T	G	0.467	2.502988e+00	1.858513e+00	-4.956747e+01	1.000000e-05	1.000000e+05	1.994528e-01	2.671328e-01	2.946828e-01
2	2_270970	270970	1	T	A	0.467	2.502988e+00	1.858513e+00	-4.956747e+01	1.000000e-05	1.000000e+05	1.994528e-01	2.671328e-01	2.946828e-01
2	2_270971	270971	1	C	A	0.467	2.502988e+00	1.858513e+00	-4.956747e+01	1.000000e-05	1.000000e+05	1.994528e-01	2.671328e-01	2.946828e-01
2	2_270994	270994	0	A	G	0.500	2.079481e+00	1.825538e+00	-4.997235e+01	1.000000e-05	1.000000e+05	2.737753e-01	5.161169e-01	5.293005e-01
2	2_294465	294465	1	G	A	0.133	3.099664e+00	2.777962e+00	-4.968304e+01	1.000000e-05	1.000000e+05	2.832921e-01	3.172448e-01	3.414814e-01
2	2_697983	697983	0	G	A	0.125	-1.464331e+00	2.858353e+00	-4.988677e+01	1.000000e-05	1.000000e+05	6.164282e-01	4.413305e-01	4.582024e-01
2	2_983795	983795	0	C	G	0.125	-1.464331e+00	2.858353e+00	-4.988677e+01	1.000000e-05	1.000000e+05	6.164282e-01	4.413305e-01	4.582024e-01
2	2_1225303	1225303	0	G	A	0.125	-1.464331e+00	2.858353e+00	-4.988677e+01	1.000000e-05	1.000000e+05	6.164282e-01	4.413305e-01	4.582024e-01
3	3_10892	10892	0	C	G	0.062	1.094981e+01	2.640583e+00	-4.297667e+01	1.000000e-05	1.000000e+05	9.878242e-04	1.467841e-04	8.113647e-03
3	3_207299	207299	1	A	G	0.133	1.608042e+00	2.866818e+00	-4.960964e+01	1.000000e-05	1.000000e+05	5.837219e-01	2.841612e-01	3.105725e-01
3	3_750294	750294	0	T	G	0.312	1.138956e+00	2.035846e+00	-5.001546e+01	1.000000e-05	1.000000e+05	5.846939e-01	5.624788e-01	5.736658e-01
3	3_860957	860957	0	A	T	0.500	1.349118e+00	1.873884e+00	-5.018318e+01	1.000000e-05	1.000000e+05	4.833980e-01	9.988730e-01	9.988929e-01
3	3_862065	862065	0	G	A	0.250	1.946660e+00	2.141165e+00	-4.870290e+01	1.000000e-05	1.000000e+05	3.786519e-01	8.531849e-02	1.224323e-01
3	3_862068	862068	0	G	A	0.250	1.946660e+00	2.141165e+00	-4.870290e+01	1.000000e-05	1.000000e+05	3.786519e-01	8.531849e-02	1.224323e-01
3	3_862069	862069	1	A	G	0.267	1.815920e+00	2.174872e+00	-4.901249e+01	1.000000e-05	1.000000e+05	4.177644e-01	1.259791e-01	1.621211e-01
3	3_1071924	1071924	0	G	A	0.312	1.402861e+00	2.024045e+00	-4.977204e+01	1.000000e-05	1.000000e+05	4.995857e-01	3.645176e-01	3.857801e-01
3	3_1071929	1071929	0	C	T	0.312	1.402861e+00	2.024045e+00	-4.977204e+01	1.000000e-05	1.000000e+05	4.995857e-01	3.645176e-01	3.857801e-01
3	3_1234218	1234218	0	G	A	0.312	-2.425287e+00	1.953760e+00	-4.942541e+01	1.000000e-05	1.000000e+05	2.348758e-01	2.182970e-01	2.491197e-01
4	4_667433	667433	0	G	T	0.188	-1.840968e+00	2.394501e+00	-4.975690e+01	1.000000e-05	1.000000e+05	4.547685e-01	3.558312e-01	3.776262e-01
4	4_667446	667446	0	G	A	0.188	-1.840968e+00	2.394501e+00	-4.975690e+01	1.000000e-05	1.000000e+05	4.547685e-01	3.558312e-01	3.776262e-01
4	4_667490	667490	1	G	A	0.267	-1.252735e+00	2.203070e+00	-4.990282e+01	1.000000e-05	1.000000e+05	5.786143e-01	4.539695e-01	4.701769e-01
4	4_995956	995956	2	A	G	0.214	-2.799697e+00	2.370557e+00	-4.875208e+01	1.000000e-05	1.000000e+05	2.572668e-01	9.068342e-02	1.277714e-01
4	4_1076446	1076446	0	G	A	0.375	1.115880e+00	1.948147e+00	-5.003010e+01	1.000000e-05	1.000000e+05	5.758709e-01	5.800538e-01	5.905395e-01
4	4_1076465	1076465	0	G	A	0.438	5.739087e-01	1.917218e+00	-5.010069e+01	1.000000e-05	1.000000e+05	7.690751e-01	6.846112e-01	6.915018e-01
5	5_7093	7093	0	G	A	0.312	1.279101e-01	2.058193e+00	-5.015114e+01	1.000000e-05	1.000000e+05	9.513245e-01	8.001735e-01	8.040443e-01
5	5_276722	276722	0	G	A	0.125	-1.464331e+00	2.858353e+00	-4.988677e+01	1.000000e-05	1.000000e+05	6.164282e-01	4.413305e-01	4.582024e-01
5	5_475470	475470	0	T	C	0.312	1.120973e+00	2.036557e+00	-4.921024e+01	1.000000e-05	1.000000e+05	5.907026e-01	1.630327e-01	1.973190e-01
5	5_476407	476407	0	A	T	0.375	-1.970300e+00	1.899189e+00	-4.964500e+01	1.000000e-05	1.000000e+05	3.171171e-01	2.995136e-01	3.249081e-01
5	5_500266	500266	1	G	A	0.400	-1.048859e+00	1.991854e+00	-5.017594e+01	1.000000e-05	1.000000e+05	6.067321e-01	9.042325e-01	9.059633e-01
5	5_676974	676974	0	A	C	0.438	6.341582e-01	1.915864e+00	-4.996169e+01	1.000000e-05	1.000000e+05	7.455438e-01	5.056954e-01	5.193579e-01
5	5_835130	835130	1	A	G	0.400	-1.692686e+00	1.959948e+00	-4.983442e+01	1.000000e-05	1.000000e+05	4.023408e-01	4.036218e-01	4.225753e-01
5	5_835251	835251	1	G	C	0.333	-8.268504e-01	2.078679e+00	-5.006017e+01	1.000000e-05	1.000000e+05	6.967939e-01	6.199017e-01	6.289050e-01
5	5_835261	835261	0	A	G	0.312	-7.399494e-01	2.048955e+00	-5.007604e+01	1.000000e-05	1.000000e+05	7.233900e-01	6.434460e-01	6.516404e-01
5	5_836479	836479	0	G	A	0.312	-1.132348e+00	2.036107e+00	-4.992635e+01	1.000000e-05	1.000000e+05	5.868985e-01	4.735642e-01	4.887745e-01
5	5_836568	836568	0	A	G	0.438	1.472278e+00	1.882663e+00	-4.950855e+01	1.000000e-05	1.000000e+05	4.472286e-01	2.454104e-01	2.744209e-01
5	5_836697	836697	0	A	G	0.500	-9.680762e-01	1.890637e+00	-4.986522e+01	1.000000e-05	1.000000e+05	6.166067e-01	4.251927e-01	4.429375e-01
5	5_836899	836899	1	G	A	0.067	-2.107811e+00	3.910096e+00	-5.017654e+01	1.000000e-05	1.000000e+05	5.983079e-01	9.082948e-01	9.099493e-01
5	5_1210544	1210544	0	G	A	0.125	-1.464331e+00	2.858353e+00	-4.988677e+01	1.000000e-05	1.000000e+05	6.164282e-01	4.413305e-01	4.582024e-01
5	5_1245074	1245074	0	A	G	0.250	1.275617e+00	2.176938e+00	-5.005603e+01	1.000000e-05	1.000000e+05	5.672240e-01	6.140660e-01	6.232773e-01
5	5_1770892	1770892	0	G	A	0.438	-8.817053e-01	1.908854e+00	-5.014313e+01	1.000000e-05	1.000000e+05	6.512468e-01	7.771769e-01	7.815839e-01
5	5_1773044	1773044	0	G	A	0.125	-1.464328e+00	2.858348e+00	-4.975256e+01	1.000000e-05	1.000000e+05	6.164282e-01	3.533945e-01	3.753401e-01
5	5_1773047	1773047	0	G	A	0.250	1.497028e+00	2.166838e+00	-4.997991e+01	1.000000e-05	1.000000e+05	5.009354e-01	5.237332e-01	5.365738e-01
6	6_191358	191358	0	C	T	0.062	-2.053098e+00	3.903300e+00	-5.016929e+01	1.000000e-05	1.000000e+05	6.071273e-01	8.676400e-01	8.700789e-01
6	6_220264	220264	1	G	A	0.533	-2.502989e+00	1.858511e+00	-4.923895e+01	1.000000e-05	1.000000e+05	1.994522e-01	1.693764e-01	2.032947e-01
6	6_220267	220267	1	G	A	0.533	-2.502989e+00	1.858511e+00	-4.923895e+01	1.000000e-05	1.000000e+05	1.994522e-01	1.693764e-01	2.032947e-01
6	6_221273	221273	2	A	G	0.429	-1.332167e-01	2.060847e+00	-5.006821e+01	1.000000e-05	1.000000e+05	9.493732e-01	6.315793e-01	6.401754e-01
6	6_221275	221275	1	A	G	0.467	-2.396014e-01	1.974196e+00	-5.004403e+01	1.000000e-05	1.000000e+05	9.051255e-01	5.978248e-01	6.076313e-01
6	6_221282	221282	0	C	A	0.500	4.802674e-01	1.903936e+00	-4.988907e+01	1.000000e-05	1.000000e+05	8.045136e-01	4.431144e-01	4.598916e-01
6	6_739933	739933	0	G	T	0.375	-2.736459e+00	1.830121e+00	-4.859386e+01	1.000000e-05	1.000000e+05	1.570508e-01	7.460686e-02	1.116363e-01
6	6_988043	988043	0	T	C	0.250	7.675378e-01	2.193899e+00	-5.018226e+01	1.000000e-05	1.000000e+05	7.316577e-01	9.659091e-01	9.665136e-01
6	6_988098	988098	0	A	G	0.312	3.656168e+00	1.811768e+00	-4.854782e+01	1.000000e-05	1.000000e+05	6.317624e-02	7.052729e-02	1.074683e-01
6	6_988261	988261	2	A	G	0.143	-7.637017e-01	2.907758e+00	-5.005080e+01	1.000000e-05	1.000000e+05	7.966513e-01	6.068669e-01	6.163390e-01
6	6_988405	988405	1	T	C	0.267	-2.339853e+00	2.138819e+00	-4.930217e+01	1.000000e-05	1.000000e+05	2.924240e-01	1.843735e-01	2.173832e-01
6	6_988465	988465	0	T	C	0.500	-1.333665e+00	1.874676e+00	-5.005830e+01	1.000000e-05	1.000000e+05	4.885146e-01	6.172508e-01	6.263482e-01
6	6_988478	988478	1	G	A	0.467	7.781017e-01	1.964257e+00	-4.962236e+01	1.000000e-05	1.000000e+05	6.979805e-01	2.895692e-01	3.156210e-01
6	6_988549	988549	1	A	G	0.267	6.923023e-01	2.220672e+00	-4.991316e+01	1.000000e-05	1.000000e+05	7.598222e-01	4.624176e-01	4.781901e-01
6	6_988553	988553	1	T	G	0.267	1.712563e-01	2.227897e+00	-5.009815e+01	1.000000e-05	1.000000e+05	9.398155e-01	6.800703e-01	6.870982e-01
6	6_988631	988631	0	G	A	0.188	-1.840966e+00	2.394500e+00	-4.981944e+01	1.000000e-05	1.000000e+05	4.547690e-01	3.937024e-01	4.132275e-01
6	6_988733	988733	1	A	G	0.600	4.936970e-01	2.007148e+00	-5.016466e+01	1.000000e-05	1.000000e+05	8.092754e-01	8.473824e-01	8.502318e-01
6	6_988843	988843	3	A	G	0.462	2.735557e+00	1.993474e+00	-4.913084e+01	1.000000e-05	1.000000e+05	1.915712e-01	1.468496e-01	1.820180e-01
6	6_988922	988922	3	A	G	0.385	2.808626e-01	2.174453e+00	-5.013399e+01	1.000000e-05	1.000000e+05	8.990646e-01	7.537808e-01	7.587636e-01
6	6_988930	988930	1	G	A	0.267	1.356072e+00	2.198694e+00	-4.991965e+01	1.000000e-05	1.000000e+05	5.472909e-01	4.678477e-01	4.833447e-01
6	6_988960	988960	1	T	G	0.267	1.478698e+00	2.193040e+00	-4.972343e+01	1.000000e-05	1.000000e+05	5.111214e-01	3.376089e-01	3.605421e-01
6	6_989188	989188	0	T	C	0.312	3.656169e+00	1.811765e+00	-4.781774e+01	1.000000e-05	1.000000e+05	6.317585e-02	2.962583e-02	6.251597e-02
6	6_989334	989334	2	G	C	0.357	-1.469346e+00	2.092217e+00	-5.016270e+01	1.000000e-05	1.000000e+05	4.940093e-01	8.396233e-01	8.426340e-01
6	6_989453	989453	2	G	A	0.286	-1.073628e+00	2.239576e+00	-5.017420e+01	1.000000e-05	1.000000e+05	6.390641e-01	8.933862e-01	8.953229e-01
6	6_989490	989490	0	T	C	0.312	1.582365e+00	2.014566e+00	-4.988273e+01	1.000000e-05	1.000000e+05	4.452729e-01	4.382357e-01	4.552730e-01
6	6_989528	989528	0	T	C	0.562	-5.739152e-01	1.917219e+00	-4.991202e+01	1.000000e-05	1.000000e+05	7.690727e-01	4.614733e-01	4.772941e-01
6	6_989732	989732	2	T	C	0.286	-2.819043e-01	2.256623e+00	-5.017275e+01	1.000000e-05	1.000000e+05	9.023605e-01	8.851706e-01	8.872655e-01
6	6_989861	989861	2	A	G	0.500	1.524181e+00	1.998929e+00	-5.015852e+01	1.000000e-05	1.000000e+05	4.584174e-01	8.242540e-01	8.275915e-01
6	6_989960	989960	0	A	G	0.500	1.670883e+00	1.855270e+00	-4.956946e+01	1.000000e-05	1.000000e+05	3.830247e-01	2.679058e-01	2.954039e-01
6	6_990258	990258	0	G	T	0.375	3.161627e+00	1.850720e+00	-4.756128e+01	3.260973e-01	1.000000e+05	1.096429e-01	2.202528e-02	5.289251e-02
6	6_990671	990671	4	A	G	0.333	2.300242e+00	2.254827e+00	-4.915809e+01	1.000000e-05	1.000000e+05	3.249675e-01	1.521894e-01	1.870769e-01
6	6_990699	990699	2	A	G	0.286	1.077138e+00	2.239457e+00	-5.000478e+01	1.000000e-05	1.000000e+05	6.379597e-01	5.502978e-01	5.619885e-01
6	6_990701	990701	1	G	A	0.267	-3.261528e-01	2.226664e+00	-5.011943e+01	1.000000e-05	1.000000e+05	8.856339e-01	7.210353e-01	7.268804e-01
6	6_990771	990771	2	T	C	0.286	7.817721e-01	2.248200e+00	-5.018014e+01	1.000000e-05	1.000000e+05	7.332138e-01	9.378941e-01	9.390025e-01
6	6_990777	990777	0	A	G	0.312	2.220682e+00	1.971066e+00	-4.920513e+01	1.000000e-05	1.000000e+05	2.788362e-01	1.619321e-01	1.962812e-01
6	6_990851	990851	1	T	C	0.267	9.048559e-01	2.215211e+00	-5.016202e+01	1.000000e-05	1.000000e+05	6.891050e-01	8.370205e-01	8.400858e-01
6	6_990862	990862	0	G	T	0.250	2.811898e-01	2.202191e+00	-5.015019e+01	1.000000e-05	1.000000e+05	9.002131e-01	7.972888e-01	8.012253e-01
6	6_990885	990885	2	A	G	0.143	2.253986e+00	2.851990e+00	-4.957929e+01	1.000000e-05	1.000000e+05	4.425227e-01	2.717725e-01	2.990114e-01
6	6_990992	990992	1	T	C	0.267	2.563938e+00	2.120396e+00	-4.863751e+01	1.000000e-05	1.000000e+05	2.466191e-01	7.871057e-02	1.157959e-01
6	6_991027	991027	0	T	C	0.188	5.104212e-01	2.440724e+00	-5.014512e+01	1.000000e-05	1.000000e+05	8.373615e-01	7.826480e-01	7.869249e-01
6	6_1031241	1031241	1	G	A	0.267	1.252251e+00	2.203094e+00	-5.005340e+01	1.000000e-05	1.000000e+05	5.787633e-01	6.104298e-01	6.197723e-01
6	6_1160524	1160524	0	A	G	0.312	-2.644850e-01	2.057263e+00	-5.018117e+01	1.000000e-05	1.000000e+05	8.995332e-01	9.494896e-01	9.503882e-01
6	6_1160528	1160528	0	A	G	0.312	-2.644850e-01	2.057263e+00	-5.018117e+01	1.000000e-05	1.000000e+05	8.995332e-01	9.494896e-01	9.503882e-01
6	6_1160532	1160532	0	A	G	0.312	-2.644850e-01	2.057263e+00	-5.018117e+01	1.000000e-05	1.000000e+05	8.995332e-01	9.494896e-01	9.503882e-01
7	7_11056	11056	1	A	C	0.467	2.502989e+00	1.858509e+00	-4.897407e+01	1.000000e-05	1.000000e+05	1.994518e-01	1.199318e-01	1.563099e-01
7	7_14006	14006	1	A	G	0.200	-1.468099e+00	2.432105e+00	-5.012861e+01	1.000000e-05	1.000000e+05	5.557425e-01	7.411251e-01	7.464330e-01
7	7_36839	36839	0	G	A	0.188	3.257470e+00	2.284246e+00	-4.952661e+01	1.000000e-05	1.000000e+05	1.757679e-01	2.518292e-01	2.804080e-01
7	7_49744	49744	0	G	A	0.062	-2.053109e+00	3.903302e+00	-4.994630e+01	1.000000e-05	1.000000e+05	6.071255e-01	4.912652e-01	5.056095e-01
7	7_164473	164473	2	G	A	0.357	-3.021435e+00	1.969646e+00	-4.951703e+01	1.000000e-05	1.000000e+05	1.473143e-01	2.483960e-01	2.772057e-01
7	7_164511	164511	0	C	T	0.438	6.341515e-01	1.915863e+00	-5.016499e+01	1.000000e-05	1.000000e+05	7.455463e-01	8.487461e-01	8.515674e-01
7	7_164589	164589	0	C	T	0.375	-1.144805e+00	1.946949e+00	-4.978947e+01	1.000000e-05	1.000000e+05	5.658976e-01	3.748826e-01	3.955188e-01
7	7_164636	164636	1	A	G	0.400	3.218264e-01	2.009643e+00	-5.006307e+01	1.000000e-05	1.000000e+05	8.750575e-01	6.240453e-01	6.329027e-01
7	7_164887	164887	0	G	A	0.312	-2.407295e+00	1.955347e+00	-4.910639e+01	1.000000e-05	1.000000e+05	2.385547e-01	1.422393e-01	1.776409e-01
7	7_164926	164926	2	G	A	0.214	-1.580813e+00	2.449679e+00	-4.963711e+01	1.000000e-05	1.000000e+05	5.291581e-01	2.959999e-01	3.216261e-01
7	7_165027	165027	1	T	C	0.200	-1.369272e+00	2.436218e+00	-4.971834e+01	1.000000e-05	1.000000e+05	5.829706e-01	3.349458e-01	3.580477e-01
7	7_165292	165292	0	C	A	0.625	-1.699468e+00	1.917788e+00	-4.974631e+01	1.000000e-05	1.000000e+05	3.904992e-01	3.499264e-01	3.720871e-01
7	7_165637	165637	0	G	A	0.562	3.094982e+00	1.736386e+00	-4.847373e+01	1.000000e-05	1.000000e+05	9.637079e-02	6.445385e-02	1.011939e-01
7	7_165657	165657	2	A	G	0.357	-2.852085e+00	1.987599e+00	-4.852401e+01	1.000000e-05	1.000000e+05	1.732661e-01	6.851091e-02	1.053949e-01
7	7_165680	165680	0	T	C	0.375	-2.736458e+00	1.830119e+00	-4.851678e+01	1.000000e-05	1.000000e+05	1.570507e-01	6.791146e-02	1.047767e-01
7	7_165704	165704	1	A	G	0.533	3.504835e+00	1.739002e+00	-4.827701e+01	1.000000e-05	1.000000e+05	6.347508e-02	5.087664e-02	8.678857e-02
7	7_165798	165798	2	C	T	0.286	-2.476792e+00	2.158671e+00	-4.915536e+01	1.000000e-05	1.000000e+05	2.704593e-01	1.516442e-01	1.865609e-01
7	7_165854	165854	2	C	T	0.357	-2.397369e+00	2.030038e+00	-4.908664e+01	1.000000e-05	1.000000e+05	2.572981e-01	1.386320e-01	1.742095e-01
7	7_165873	165873	0	A	G	0.312	-2.113136e+00	1.999137e+00	-4.847104e+01	9.599722e-02	1.000000e+05	3.083998e-01	6.424473e-02	1.009763e-01
7	7_165955	165955	1	T	C	0.467	8.663261e-01	1.961621e+00	-4.963840e+01	1.000000e-05	1.000000e+05	6.654962e-01	2.965694e-01	3.221580e-01
7	7_166056	166056	1	A	C	0.467	-1.964492e+00	1.904182e+00	-4.988955e+01	1.000000e-05	1.000000e+05	3.197199e-01	4.434807e-01	4.602384e-01
7	7_166309	166309	1	G	A	0.467	3.693473e+00	1.710890e+00	-4.852480e+01	1.000000e-05	1.000000e+05	4.871134e-02	6.857728e-02	1.054633e-01
7	7_166838	166838	0	T	A	0.188	-1.815583e+00	2.395883e+00	-5.010184e+01	1.000000e-05	1.000000e+05	4.611410e-01	6.867133e-01	6.935410e-01
7	7_166992	166992	0	A	G	0.312	-2.407289e+00	1.955351e+00	-4.990903e+01	1.000000e-05	1.000000e+05	2.385566e-01	4.590129e-01	4.749597e-01
7	7_167034	167034	2	T	C	0.286	-2.073299e+00	2.188834e+00	-4.969928e+01	1.000000e-05	1.000000e+05	3.595926e-01	3.252296e-01	3.489514e-01
7	7_167035	167035	1	C	A	0.333	-1.803526e+00	2.034062e+00	-4.982942e+01	1.000000e-05	1.000000e+05	3.902381e-01	4.002704e-01	4.194159e-01
7	7_167135	167135	2	A	G	0.500	-2.392134e+00	1.937245e+00	-4.876464e+01	1.000000e-05	1.000000e+05	2.372242e-01	9.211186e-02	1.291863e-01
7	7_167192	167192	0	C	T	0.438	-2.365316e+00	1.816487e+00	-4.877369e+01	1.000000e-05	1.000000e+05	2.138859e-01	9.315651e-02	1.302194e-01
7	7_167224	167224	1	T	A	0.333	-2.236291e+00	2.003127e+00	-4.918516e+01	1.000000e-05	1.000000e+05	2.830460e-01	1.577111e-01	1.922973e-01
7	7_167292	167292	2	A	G	0.429	8.128905e-02	2.061039e+00	-5.017958e+01	1.000000e-05	1.000000e+05	9.690959e-01	9.324279e-01	9.336359e-01
7	7_167370	167370	1	A	G	0.400	1.164270e+00	1.987267e+00	-5.013243e+01	1.000000e-05	1.000000e+05	5.672918e-01	7.500383e-01	7.551161e-01
7	7_167655	167655	2	G	A	0.429	-2.295155e+00	1.967764e+00	-4.935894e+01	1.000000e-05	1.000000e+05	2.629473e-01	1.991662e-01	2.312395e-01
7	7_167687	167687	1	A	C	0.200	-2.004354e+00	2.404604e+00	-4.987621e+01	1.000000e-05	1.000000e+05	4.185302e-01	4.333095e-01	4.506118e-01
7	7_453828	453828	1	T	C	0.200	-1.840146e+00	2.413962e+00	-5.003930e+01	1.000000e-05	1.000000e+05	4.585367e-01	5.916592e-01	6.016980e-01
7	7_479542	479542	0	A	G	0.125	1.075397e+00	2.870663e+00	-4.977253e+01	1.000000e-05	1.000000e+05	7.135593e-01	3.648006e-01	3.860459e-01
7	7_672119	672119	0	G	A	0.312	-1.132353e+00	2.036107e+00	-4.941238e+01	1.000000e-05	1.000000e+05	5.868967e-01	2.143799e-01	2.454614e-01
7	7_752860	752860	2	A	T	0.286	4.747181e+00	1.877514e+00	-4.608602e+01	4.469320e-02	1.000000e+05	2.410370e-02	4.202173e-03	2.392313e-02
7	7_752861	752861	0	A	T	0.188	-1.815584e+00	2.395883e+00	-5.007256e+01	1.000000e-05	1.000000e+05	4.611406e-01	6.380995e-01	6.464734e-01
7	7_908360	908360	1	C	A	0.133	-1.489614e+00	2.871382e+00	-4.971170e+01	1.000000e-05	1.000000e+05	6.120170e-01	3.315186e-01	3.548383e-01
7	7_1196178	1196178	0	C	T	0.625	5.282878e-02	1.970791e+00	-5.010822e+01	1.000000e-05	1.000000e+05	9.789929e-01	6.986208e-01	7.050979e-01
7	7_1205599	1205599	2	G	T	0.286	1.637368e+00	2.215069e+00	-5.015302e+01	1.000000e-05	1.000000e+05	4.720012e-01	8.060031e-01	8.097423e-01
7	7_1205600	1205600	1	G	A	0.267	1.794816e+00	2.176124e+00	-5.014654e+01	1.000000e-05	1.000000e+05	4.233291e-01	7.866417e-01	7.908247e-01
7	7_1205735	1205735	2	T	A	0.214	-2.227446e+00	2.413511e+00	-4.978319e+01	1.000000e-05	1.000000e+05	3.716884e-01	3.710998e-01	3.919634e-01
7	7_1263585	1263585	0	T	C	0.375	-6.064824e-03	1.970844e+00	-5.012290e+01	1.000000e-05	1.000000e+05	9.975881e-01	7.284279e-01	7.340722e-01
7	7_1263610	1263610	0	G	A	0.438	-1.966221e+00	1.850166e+00	-4.985951e+01	1.000000e-05	1.000000e+05	3.058942e-01	4.210657e-01	4.390380e-01
7	7_1263646	1263646	0	G	A	0.125	-2.199745e+00	2.824478e+00	-5.005314e+01	1.000000e-05	1.000000e+05	4.490533e-01	6.100671e-01	6.194227e-01
7	7_1263647	1263647	0	G	T	0.125	-2.199745e+00	2.824478e+00	-5.005314e+01	1.000000e-05	1.000000e+05	4.490533e-01	6.100671e-01	6.194227e-01
7	7_1266484	1266484	1	T	A	0.400	5.376025e-01	2.006343e+00	-5.014453e+01	1.000000e-05	1.000000e+05	7.926442e-01	7.810084e-01	7.853242e-01
7	7_1276916	1276916	0	A	G	0.188	-1.743656e+00	2.399697e+00	-4.929883e+01	1.000000e-05	1.000000e+05	4.794354e-01	1.835437e-01	2.166049e-01
7	7_1276919	1276919	0	G	A	0.125	-1.328781e+00	2.863073e+00	-4.971376e+01	1.000000e-05	1.000000e+05	6.497032e-01	3.325774e-01	3.558298e-01
7	7_1341024	1341024	0	A	C	0.312	-2.407293e+00	1.955352e+00	-4.978525e+01	1.000000e-05	1.000000e+05	2.385562e-01	3.723344e-01	3.931236e-01
8	8_817562	817562	2	T	C	0.071	7.016168e+00	3.488560e+00	-4.740000e+01	1.000000e-05	1.000000e+05	6.396811e-02	1.830892e-02	4.786137e-02
8	8_817567	817567	2	C	T	0.071	7.016168e+00	3.488560e+00	-4.740000e+01	1.000000e-05	1.000000e+05	6.396811e-02	1.830892e-02	4.786137e-02
8	8_817674	817674	1	A	G	0.133	3.505055e+00	2.743324e+00	-4.856535e+01	1.000000e-05	1.000000e+05	2.221474e-01	7.205151e-02	1.090296e-01
8	8_818838	818838	3	G	A	0.385	4.289894e+00	1.849153e+00	-4.709141e+01	1.000000e-05	1.000000e+05	3.596412e-02	1.289441e-02	3.993183e-02
8	8_847517	847517	0	A	G	0.188	2.632159e+00	2.341119e+00	-4.894735e+01	1.000000e-05	1.000000e+05	2.797872e-01	1.159162e-01	1.524372e-01
8	8_874822	874822	1	G	A	0.133	-2.251722e+00	2.835698e+00	-4.967884e+01	1.000000e-05	1.000000e+05	4.404117e-01	3.152229e-01	3.395905e-01
8	8_874895	874895	2	T	C	0.143	-1.677261e+00	2.880236e+00	-4.960770e+01	1.000000e-05	1.000000e+05	5.696017e-01	2.833509e-01	3.098161e-01
8	8_874992	874992	0	C	T	0.125	-2.199746e+00	2.824478e+00	-5.008752e+01	1.000000e-05	1.000000e+05	4.490530e-01	6.618311e-01	6.694264e-01
8	8_1252135	1252135	1	T	C	0.400	-3.271968e+00	1.811456e+00	-4.953794e+01	1.000000e-05	1.000000e+05	9.241493e-02	2.559595e-01	2.842604e-01
8	8_1326133	1326133	0	A	G	0.188	3.557706e+00	2.252027e+00	-4.861494e+01	1.000000e-05	1.000000e+05	1.364797e-01	7.655945e-02	1.136194e-01
8	8_1326140	1326140	0	G	A	0.125	6.055255e+00	2.388368e+00	-4.598854e+01	1.000000e-05	1.000000e+05	2.378505e-02	3.774422e-03	2.288783e-02
8	8_1383765	1383765	0	A	G	0.438	-5.391419e-01	1.917939e+00	-5.014326e+01	1.000000e-05	1.000000e+05	7.827418e-01	7.775357e-01	7.819342e-01
9	9_5213	5213	1	G	C	0.067	-2.199748e+00	3.906477e+00	-5.016059e+01	1.000000e-05	1.000000e+05	5.822716e-01	8.316977e-01	8.348757e-01
9	9_6619	6619	0	C	T	0.250	4.401952e+00	1.863111e+00	-4.725124e+01	1.000000e-05	1.000000e+05	3.315137e-02	1.545470e-02	4.378947e-02
9	9_7470	7470	0	A	G	0.375	5.775161e-01	1.964788e+00	-5.000292e+01	1.000000e-05	1.000000e+05	7.731217e-01	5.482253e-01	5.600032e-01
9	9_7729	7729	0	C	T	0.375	-3.492650e-01	1.968627e+00	-5.010582e+01	1.000000e-05	1.000000e+05	8.617233e-01	6.940671e-01	7.006770e-01
9	9_8171	8171	1	G	A	0.533	4.719966e-01	1.971206e+00	-5.017803e+01	1.000000e-05	1.000000e+05	8.142301e-01	9.191678e-01	9.206196e-01
9	9_10033	10033	0	C	T	0.250	-2.137379e+00	2.128133e+00	-4.945495e+01	1.000000e-05	1.000000e+05	3.322567e-01	2.274957e-01	2.577070e-01
9	9_220237	220237	1	A	G	0.133	-6.530663e-01	2.893594e+00	-5.016249e+01	1.000000e-05	1.000000e+05	8.247010e-01	8.388196e-01	8.418472e-01
9	9_220963	220963	0	C	T	0.188	-1.840957e+00	2.394500e+00	-5.006386e+01	1.000000e-05	1.000000e+05	4.547711e-01	6.251912e-01	6.340086e-01
9	9_705343	705343	1	G	A	0.200	1.064769e+00	2.447061e+00	-5.010161e+01	1.000000e-05	1.000000e+05	6.701070e-01	6.862958e-01	6.931360e-01
9	9_705571	705571	0	C	T	0.500	-4.647982e-01	1.904214e+00	-5.018209e+01	1.000000e-05	1.000000e+05	8.107025e-01	9.628867e-01	9.635452e-01
9	9_706175	706175	1	G	A	0.400	-6.741816e-01	2.003395e+00	-5.006773e+01	1.000000e-05	1.000000e+05	7.414701e-01	6.308678e-01	6.394883e-01
9	9_1115286	1115286	0	G	A	0.500	1.430476e-01	1.907877e+00	-5.018309e+01	1.000000e-05	1.000000e+05	9.412935e-01	9.895173e-01	9.897027e-01
10	10_15220	15220	0	T	A	0.125	-5.933485e-01	2.880657e+00	-4.992953e+01	1.000000e-05	1.000000e+05	8.397743e-01	4.763153e-01	4.913888e-01
10	10_15279	15279	1	A	G	0.267	2.314447e+00	2.140793e+00	-4.952682e+01	1.000000e-05	1.000000e+05	2.979171e-01	2.519022e-01	2.804761e-01
10	10_15288	15288	1	C	T	0.267	2.835495e+00	2.095550e+00	-4.892935e+01	1.000000e-05	1.000000e+05	1.974699e-01	1.132939e-01	1.499016e-01
10	10_15302	15302	2	T	C	0.357	1.577267e+00	2.086595e+00	-4.999698e+01	1.000000e-05	1.000000e+05	4.622364e-01	5.417076e-01	5.537624e-01
10	10_15428	15428	1	C	G	0.133	-1.626455e+00	2.866077e+00	-5.015553e+01	1.000000e-05	1.000000e+05	5.793719e-01	8.140867e-01	8.176461e-01
10	10_15438	15438	0	G	A	0.125	-1.464313e+00	2.858350e+00	-5.017710e+01	1.000000e-05	1.000000e+05	6.164320e-01	9.122042e-01	9.137854e-01
10	10_15441	15441	1	A	G	0.133	-1.626455e+00	2.866077e+00	-5.015553e+01	1.000000e-05	1.000000e+05	5.793719e-01	8.140867e-01	8.176461e-01
10	10_15449	15449	1	C	T	0.067	-8.208202e-01	3.944380e+00	-5.013910e+01	1.000000e-05	1.000000e+05	8.381489e-01	7.665458e-01	7.712105e-01
10	10_15455	15455	0	C	T	0.062	-6.802969e-01	3.937492e+00	-5.016329e+01	1.000000e-05	1.000000e+05	8.653019e-01	8.419336e-01	8.448961e-01
10	10_15458	15458	0	G	A	0.062	-6.802969e-01	3.937492e+00	-5.016329e+01	1.000000e-05	1.000000e+05	8.653019e-01	8.419336e-01	8.448961e-01
10	10_15461	15461	0	T	C	0.062	-6.802969e-01	3.937492e+00	-5.016329e+01	1.000000e-05	1.000000e+05	8.653019e-01	8.419336e-01	8.448961e-01
10	10_15463	15463	0	A	T	0.062	-6.802969e-01	3.937492e+00	-5.016329e+01	1.000000e-05	1.000000e+05	8.653019e-01	8.419336e-01	8.448961e-01
10	10_15473	15473	0	C	T	0.062	-6.802969e-01	3.937492e+00	-5.016329e+01	1.000000e-05	1.000000e+05	8.653019e-01	8.419336e-01	8.448961e-01
10	10_17879	17879	0	T	C	0.250	-6.558768e-01	2.196483e+00	-5.017182e+01	1.000000e-05	1.000000e+05	7.696291e-01	8.802159e-01	8.824070e-01
10	10_17897	17897	0	A	G	0.250	-6.558768e-01	2.196483e+00	-5.017182e+01	1.000000e-05	1.000000e+05	7.696291e-01	8.802159e-01	8.824070e-01
10	10_18092	18092	0	A	G	0.438	-3.259090e-01	1.921371e+00	-5.016858e+01	1.000000e-05	1.000000e+05	8.677331e-01	8.643136e-01	8.668189e-01
10	10_18647	18647	2	C	T	0.143	-8.386337e-01	2.906281e+00	-4.965173e+01	1.000000e-05	1.000000e+05	7.771471e-01	3.025571e-01	3.277516e-01
10	10_18785	18785	0	G	A	0.125	-5.580013e-01	2.881157e+00	-5.007100e+01	1.000000e-05	1.000000e+05	8.492140e-01	6.357376e-01	6.441915e-01
10	10_18869	18869	0	G	A	0.250	-1.608696e+00	2.161113e+00	-4.924826e+01	1.000000e-05	1.000000e+05	4.689561e-01	1.714949e-01	2.052879e-01
10	10_18908	18908	0	G	A	0.438	9.164829e-01	1.907683e+00	-4.968127e+01	1.000000e-05	1.000000e+05	6.383513e-01	3.163875e-01	3.406796e-01
10	10_18915	18915	0	T	C	0.438	9.164829e-01	1.907683e+00	-4.968127e+01	1.000000e-05	1.000000e+05	6.383513e-01	3.163875e-01	3.406796e-01
10	10_18933	18933	0	A	G	0.438	-5.391420e-01	1.917939e+00	-5.013675e+01	1.000000e-05	1.000000e+05	7.827418e-01	7.605822e-01	7.653943e-01
10	10_18941	18941	2	T	C	0.500	-1.156473e+00	2.016464e+00	-5.002541e+01	1.000000e-05	1.000000e+05	5.753935e-01	5.743049e-01	5.850167e-01
10	10_18943	18943	1	G	A	0.533	-5.403760e-01	1.969949e+00	-5.018220e+01	1.000000e-05	1.000000e+05	7.878527e-01	9.647497e-01	9.653749e-01
10	10_18988	18988	3	A	G	0.077	1.063970e+01	2.773745e+00	-4.383339e+01	1.000000e-05	1.000000e+05	1.817517e-03	3.657410e-04	1.032582e-02
10	10_18992	18992	0	A	G	0.062	1.094981e+01	2.640583e+00	-4.297667e+01	1.000000e-05	1.000000e+05	9.878242e-04	1.467841e-04	8.113647e-03
10	10_18997	18997	2	G	A	0.071	1.075897e+01	2.723598e+00	-4.379297e+01	1.000000e-05	1.000000e+05	1.450964e-03	3.502677e-04	1.020080e-02
10	10_19002	19002	0	T	C	0.125	5.637070e+00	2.460399e+00	-4.819365e+01	1.000000e-05	1.000000e+05	3.798414e-02	4.606923e-02	8.152513e-02
10	10_19004	19004	0	G	A	0.125	5.637070e+00	2.460399e+00	-4.819365e+01	1.000000e-05	1.000000e+05	3.798414e-02	4.606923e-02	8.152513e-02
10	10_19015	19015	0	A	G	0.125	5.637070e+00	2.460399e+00	-4.819365e+01	1.000000e-05	1.000000e+05	3.798414e-02	4.606923e-02	8.152513e-02
10	10_19031	19031	0	G	A	0.062	1.094981e+01	2.640583e+00	-4.297667e+01	1.000000e-05	1.000000e+05	9.878242e-04	1.467841e-04	8.113647e-03
10	10_19067	19067	1	A	T	0.133	4.475846e+00	2.640531e+00	-4.888315e+01	1.000000e-05	1.000000e+05	1.121817e-01	1.068604e-01	1.436566e-01
10	10_318276	318276	0	G	A	0.250	-1.179685e+00	2.180794e+00	-5.004033e+01	1.000000e-05	1.000000e+05	5.970497e-01	5.929884e-01	6.029768e-01
10	10_387430	387430	1	G	A	0.133	-1.509226e+00	2.870659e+00	-4.980446e+01	1.000000e-05	1.000000e+05	6.072953e-01	3.841356e-01	4.042212e-01
10	10_583208	583208	1	A	G	0.533	-2.502987e+00	1.858509e+00	-4.909940e+01	1.000000e-05	1.000000e+05	1.994522e-01	1.409495e-01	1.764147e-01
10	10_584652	584652	0	G	T	0.438	1.456571e+00	1.883537e+00	-4.967411e+01	1.000000e-05	1.000000e+05	4.521951e-01	3.129603e-01	3.374748e-01
10	10_724149	724149	0	G	A	0.188	-2.368965e+00	2.361113e+00	-4.983626e+01	1.000000e-05	1.000000e+05	3.327311e-01	4.048625e-01	4.237451e-01
10	10_724150	724150	0	A	G	0.188	-2.368965e+00	2.361113e+00	-4.983626e+01	1.000000e-05	1.000000e+05	3.327311e-01	4.048625e-01	4.237451e-01
11	11_9749	9749	0	A	G	0.125	-1.464334e+00	2.858350e+00	-4.966620e+01	1.000000e-05	1.000000e+05	6.164271e-01	3.092303e-01	3.339879e-01
11	11_10019	10019	1	G	C	0.400	-1.406369e+00	1.976049e+00	-4.958044e+01	1.000000e-05	1.000000e+05	4.883367e-01	2.722287e-01	2.994370e-01
11	11_10896	10896	0	C	G	0.062	-2.053118e+00	3.903301e+00	-4.957084e+01	1.000000e-05	1.000000e+05	6.071239e-01	2.684444e-01	2.959064e-01
11	11_10931	10931	0	T	A	0.125	4.766091e+00	2.588583e+00	-4.866763e+01	1.000000e-05	1.000000e+05	8.687910e-02	8.168334e-02	1.187903e-01
11	11_10934	10934	0	G	T	0.188	2.632149e+00	2.341119e+00	-4.987857e+01	1.000000e-05	1.000000e+05	2.797889e-01	4.350807e-01	4.522875e-01
11	11_104630	104630	0	A	G	0.188	1.759703e+00	2.398860e+00	-4.956346e+01	1.000000e-05	1.000000e+05	4.753239e-01	2.655821e-01	2.932363e-01
11	11_104688	104688	1	G	A	0.200	-2.004353e+00	2.404606e+00	-5.002316e+01	1.000000e-05	1.000000e+05	4.185308e-01	5.715916e-01	5.824112e-01
11	11_384025	384025	0	T	C	0.188	-1.815579e+00	2.395883e+00	-5.017384e+01	1.000000e-05	1.000000e+05	4.611420e-01	8.912991e-01	8.932758e-01
11	11_547884	547884	0	C	T	0.125	-1.464331e+00	2.858353e+00	-4.988677e+01	1.000000e-05	1.000000e+05	6.164282e-01	4.413305e-01	4.582024e-01
11	11_804706	804706	1	A	G	0.267	-1.841319e+00	2.173345e+00	-4.926831e+01	1.000000e-05	1.000000e+05	4.111177e-01	1.761581e-01	2.096716e-01
11	11_804710	804710	3	C	T	0.231	-1.498057e+00	2.480229e+00	-4.976198e+01	1.000000e-05	1.000000e+05	5.555057e-01	3.587110e-01	3.803287e-01
11	11_804742	804742	1	G	A	0.400	1.307321e+00	1.980903e+00	-4.991923e+01	1.000000e-05	1.000000e+05	5.199885e-01	4.674957e-01	4.830105e-01
11	11_804763	804763	1	C	T	0.200	-2.453977e+00	2.374645e+00	-4.967550e+01	1.000000e-05	1.000000e+05	3.189354e-01	3.136238e-01	3.380952e-01
11	11_966513	966513	1	T	A	0.133	-1.698597e+00	2.863086e+00	-5.010946e+01	1.000000e-05	1.000000e+05	5.624597e-01	7.009995e-01	7.074079e-01
11	11_966516	966516	0	C	T	0.125	-2.199753e+00	2.824479e+00	-4.998048e+01	1.000000e-05	1.000000e+05	4.490518e-01	5.243144e-01	5.371292e-01
11	11_966519	966519	0	C	T	0.125	-2.199753e+00	2.824479e+00	-4.998048e+01	1.000000e-05	1.000000e+05	4.490518e-01	5.243144e-01	5.371292e-01
11	11_966569	966569	1	C	G	0.133	-1.698597e+00	2.863086e+00	-5.010946e+01	1.000000e-05	1.000000e+05	5.624597e-01	7.009995e-01	7.074079e-01
11	11_966644	966644	2	C	A	0.214	2.652320e+00	2.382632e+00	-4.968951e+01	1.000000e-05	1.000000e+05	2.843759e-01	3.203940e-01	3.444270e-01
11	11_966669	966669	1	C	T	0.400	3.877315e-01	2.008810e+00	-5.008045e+01	1.000000e-05	1.000000e+05	8.497189e-01	6.503501e-01	6.583161e-01
11	11_966684	966684	2	T	C	0.429	-1.991441e+00	1.991253e+00	-4.898270e+01	1.000000e-05	1.000000e+05	3.342377e-01	1.212620e-01	1.575903e-01
11	11_966699	966699	1	T	C	0.333	5.774151e-01	2.084689e+00	-5.007896e+01	1.000000e-05	1.000000e+05	7.858437e-01	6.479975e-01	6.560409e-01
11	11_966700	966700	1	G	A	0.333	5.774151e-01	2.084689e+00	-5.007896e+01	1.000000e-05	1.000000e+05	7.858437e-01	6.479975e-01	6.560409e-01
11	11_966735	966735	0	A	C	0.250	1.497035e+00	2.166840e+00	-4.969200e+01	1.000000e-05	1.000000e+05	5.009338e-01	3.216183e-01	3.455723e-01
11	11_966738	966738	1	T	A	0.267	1.356080e+00	2.198697e+00	-4.970189e+01	1.000000e-05	1.000000e+05	5.472891e-01	3.265389e-01	3.501768e-01
11	11_966756	966756	0	A	G	0.188	2.632158e+00	2.341120e+00	-4.952313e+01	1.000000e-05	1.000000e+05	2.797877e-01	2.505768e-01	2.792398e-01
11	11_966757	966757	0	T	C	0.188	2.632158e+00	2.341120e+00	-4.952313e+01	1.000000e-05	1.000000e+05	2.797877e-01	2.505768e-01	2.792398e-01
11	11_966771	966771	0	T	C	0.250	1.497036e+00	2.166839e+00	-4.970220e+01	1.000000e-05	1.000000e+05	5.009336e-01	3.266945e-01	3.503224e-01
11	11_1478119	1478119	0	A	G	0.312	2.788312e+00	1.918851e+00	-4.833245e+01	1.000000e-05	1.000000e+05	1.682374e-01	5.436505e-02	9.054859e-02
12	12_11092	11092	0	G	A	0.312	-3.145352e-01	2.056764e+00	-5.013353e+01	1.000000e-05	1.000000e+05	8.806379e-01	7.526757e-01	7.576865e-01
12	12_11094	11094	0	A	G	0.500	1.713893e+00	1.852471e+00	-4.984160e+01	1.000000e-05	1.000000e+05	3.705393e-01	4.085037e-01	4.271795e-01
12	12_11122	11122	0	G	C	0.312	-1.981881e+00	1.989165e+00	-4.961785e+01	1.000000e-05	1.000000e+05	3.359956e-01	2.876348e-01	3.138151e-01
12	12_11170	11170	0	C	T	0.375	-2.330000e+00	1.869879e+00	-4.956989e+01	1.000000e-05	1.000000e+05	2.331878e-01	2.680758e-01	2.955625e-01
12	12_11223	11223	0	G	C	0.312	3.674161e+00	1.809166e+00	-4.836262e+01	1.000000e-05	1.000000e+05	6.170829e-02	5.636956e-02	9.268917e-02
12	12_11400	11400	0	A	C	0.438	2.229930e+00	1.828682e+00	-4.979742e+01	1.000000e-05	1.000000e+05	2.428316e-01	3.797466e-01	4.000923e-01
12	12_11406	11406	0	A	G	0.438	2.229930e+00	1.828682e+00	-4.979742e+01	1.000000e-05	1.000000e+05	2.428316e-01	3.797466e-01	4.000923e-01
12	12_11407	11407	0	C	A	0.438	2.229930e+00	1.828682e+00	-4.979742e+01	1.000000e-05	1.000000e+05	2.428316e-01	3.797466e-01	4.000923e-01
12	12_11410	11410	0	C	T	0.438	2.229930e+00	1.828682e+00	-4.979742e+01	1.000000e-05	1.000000e+05	2.428316e-01	3.797466e-01	4.000923e-01
12	12_11413	11413	1	T	G	0.467	2.111283e+00	1.892928e+00	-4.977645e+01	1.000000e-05	1.000000e+05	2.834790e-01	3.670988e-01	3.882044e-01
12	12_13936	13936	0	C	T	0.125	1.075393e+00	2.870663e+00	-4.984212e+01	1.000000e-05	1.000000e+05	7.135603e-01	4.088602e-01	4.275158e-01
12	12_13979	13979	2	T	C	0.143	7.770016e-01	2.907506e+00	-4.984744e+01	1.000000e-05	1.000000e+05	7.931809e-01	4.125391e-01	4.309871e-01
12	12_14009	14009	0	C	T	0.250	-6.558705e-01	2.196484e+00	-5.002896e+01	1.000000e-05	1.000000e+05	7.696313e-01	5.786406e-01	5.891815e-01
12	12_14035	14035	1	C	T	0.400	-1.406357e+00	1.976053e+00	-5.018054e+01	1.000000e-05	1.000000e+05	4.883409e-01	9.421136e-01	9.431455e-01
12	12_14096	14096	0	C	T	0.375	-5.282528e-02	1.970790e+00	-5.017221e+01	1.000000e-05	1.000000e+05	9.789943e-01	8.822389e-01	8.843906e-01
12	12_14104	14104	1	C	T	0.400	1.085579e+00	1.990446e+00	-5.008037e+01	1.000000e-05	1.000000e+05	5.940656e-01	6.502255e-01	6.581956e-01
12	12_14114	14114	0	T	C	0.312	5.023122e-01	2.054093e+00	-5.015966e+01	1.000000e-05	1.000000e+05	8.103588e-01	8.283074e-01	8.315577e-01
12	12_14125	14125	1	A	G	0.267	1.069844e+00	2.209946e+00	-5.002592e+01	1.000000e-05	1.000000e+05	6.357972e-01	5.749226e-01	5.856100e-01
12	12_14197	14197	0	G	A	0.125	-6.935427e-01	2.879056e+00	-5.017896e+01	1.000000e-05	1.000000e+05	8.131306e-01	9.268247e-01	9.281353e-01
12	12_14202	14202	0	A	G	0.125	-6.935427e-01	2.879056e+00	-5.017896e+01	1.000000e-05	1.000000e+05	8.131306e-01	9.268247e-01	9.281353e-01
12	12_14301	14301	2	G	A	0.571	2.750918e+00	2.014023e+00	-4.806335e+01	5.504996e-01	1.000000e+05	1.935181e-01	3.949033e-02	7.413716e-02
12	12_14318	14318	0	A	G	0.312	1.795262e+00	2.001777e+00	-4.901966e+01	1.000000e-05	1.000000e+05	3.849700e-01	1.271433e-01	1.632371e-01
12	12_14741	14741	1	C	G	0.400	3.218336e-01	2.009642e+00	-5.017692e+01	1.000000e-05	1.000000e+05	8.750547e-01	9.109138e-01	9.125192e-01
12	12_14783	14783	2	A	G	0.071	-2.368984e+00	3.909649e+00	-4.947035e+01	1.000000e-05	1.000000e+05	5.542572e-01	2.324767e-01	2.623551e-01
12	12_15014	15014	1	A	G	0.400	8.658813e-01	1.998123e+00	-4.978905e+01	1.000000e-05	1.000000e+05	6.713649e-01	3.746274e-01	3.952789e-01
12	12_19728	19728	0	A	G	0.125	5.637070e+00	2.460399e+00	-4.819365e+01	1.000000e-05	1.000000e+05	3.798414e-02	4.606923e-02	8.152513e-02
12	12_19741	19741	0	C	T	0.188	3.810849e+00	2.222248e+00	-4.889634e+01	1.000000e-05	1.000000e+05	1.084102e-01	1.086546e-01	1.454018e-01
12	12_356356	356356	0	A	G	0.125	-2.199756e+00	2.824478e+00	-4.975314e+01	1.000000e-05	1.000000e+05	4.490510e-01	3.537193e-01	3.756447e-01
12	12_356358	356358	0	A	G	0.125	-2.199756e+00	2.824478e+00	-4.975314e+01	1.000000e-05	1.000000e+05	4.490510e-01	3.537193e-01	3.756447e-01
12	12_356374	356374	0	G	A	0.125	-2.199756e+00	2.824478e+00	-4.975314e+01	1.000000e-05	1.000000e+05	4.490510e-01	3.537193e-01	3.756447e-01
12	12_502808	502808	2	A	G	0.357	6.964305e+00	1.433200e+00	-4.227694e+01	1.000000e+05	1.000000e+05	2.528341e-04	6.994008e-05	6.824550e-03
12	12_502864	502864	2	T	C	0.500	-3.964022e+00	1.743349e+00	-4.735174e+01	1.000000e-05	1.000000e+05	3.925010e-02	1.732778e-02	4.648496e-02
12	12_502865	502865	2	G	T	0.500	-3.964022e+00	1.743349e+00	-4.735174e+01	1.000000e-05	1.000000e+05	3.925010e-02	1.732778e-02	4.648496e-02
12	12_502882	502882	2	G	A	0.429	-3.405006e+00	1.849382e+00	-4.878687e+01	1.000000e-05	1.000000e+05	8.688490e-02	9.470009e-02	1.317435e-01
12	12_502888	502888	0	G	A	0.500	-3.468516e+00	1.667970e+00	-4.831493e+01	1.000000e-05	1.000000e+05	5.643196e-02	5.323607e-02	8.933672e-02
12	12_502890	502890	3	G	A	0.462	-2.682760e+00	1.998593e+00	-4.930796e+01	1.000000e-05	1.000000e+05	2.008539e-01	1.858233e-01	2.187428e-01
12	12_502909	502909	0	C	T	0.375	6.069646e+00	1.510382e+00	-4.404635e+01	1.000000e+05	1.000000e+05	1.268889e-03	4.593969e-04	1.102582e-02
12	12_502926	502926	2	G	C	0.429	1.568132e+00	2.018098e+00	-4.946795e+01	1.000000e-05	1.000000e+05	4.500690e-01	2.316921e-01	2.616230e-01
12	12_502937	502937	2	C	T	0.357	2.704084e+00	2.002322e+00	-4.925046e+01	1.000000e-05	1.000000e+05	1.982911e-01	1.719980e-01	2.057611e-01
12	12_502942	502942	0	T	C	0.375	2.042675e+00	1.893721e+00	-4.941956e+01	1.000000e-05	1.000000e+05	2.989751e-01	2.165284e-01	2.474681e-01
12	12_502956	502956	1	A	G	0.333	2.817849e+00	1.950021e+00	-4.925983e+01	1.000000e-05	1.000000e+05	1.704577e-01	1.741689e-01	2.078022e-01
12	12_503049	503049	1	C	G	0.200	3.074903e+00	2.322437e+00	-4.923127e+01	1.000000e-05	1.000000e+05	2.067150e-01	1.676516e-01	2.016710e-01
12	12_503112	503112	2	G	A	0.286	3.063973e+00	2.104153e+00	-4.923918e+01	1.000000e-05	1.000000e+05	1.674085e-01	1.694294e-01	2.033446e-01
12	12_503171	503171	3	G	A	0.308	4.757275e+00	1.908748e+00	-4.650166e+01	1.000000e-05	1.000000e+05	2.584554e-02	6.657817e-03	2.918352e-02
12	12_503254	503254	0	C	G	0.312	-2.356287e+00	1.959781e+00	-4.861944e+01	1.000000e-05	1.000000e+05	2.491809e-01	7.698252e-02	1.140481e-01
12	12_503293	503293	1	A	C	0.400	-5.051041e+00	1.947894e+00	-4.704528e+01	1.000000e+05	1.000000e+05	2.126181e-02	1.223978e-02	3.890673e-02
12	12_503311	503311	1	A	C	0.400	-2.998449e+00	1.844955e+00	-4.860578e+01	1.000000e-05	1.000000e+05	1.264087e-01	7.570436e-02	1.127519e-01
12	12_503313	503313	2	T	A	0.571	3.405010e+00	1.849380e+00	-4.816266e+01	1.000000e-05	1.000000e+05	8.688428e-02	4.440679e-02	7.968013e-02
12	12_503321	503321	2	C	T	0.500	3.771329e+00	1.773622e+00	-4.736788e+01	1.000000e-05	1.000000e+05	5.174410e-02	1.764964e-02	4.693898e-02
12	12_503327	503327	1	A	C	0.400	3.977186e+00	1.707688e+00	-4.701350e+01	1.000000e-05	1.000000e+05	3.534973e-02	1.180879e-02	3.822187e-02
12	12_503356	503356	0	A	C	0.312	1.846269e+00	1.998464e+00	-4.993178e+01	1.000000e-05	1.000000e+05	3.712170e-01	4.782787e-01	4.932551e-01
12	12_503357	503357	0	T	G	0.312	1.846269e+00	1.998464e+00	-4.993178e+01	1.000000e-05	1.000000e+05	3.712170e-01	4.782787e-01	4.932551e-01
12	12_503364	503364	0	T	C	0.312	1.846269e+00	1.998464e+00	-4.993178e+01	1.000000e-05	1.000000e+05	3.712170e-01	4.782787e-01	4.932551e-01
12	12_503366	503366	0	C	T	0.312	1.846269e+00	1.998464e+00	-4.993178e+01	1.000000e-05	1.000000e+05	3.712170e-01	4.782787e-01	4.932551e-01
12	12_503401	503401	0	A	G	0.375	-3.492661e-01	1.968629e+00	-5.007437e+01	1.000000e-05	1.000000e+05	8.617230e-01	6.408664e-01	6.491471e-01
12	12_503416	503416	0	G	A	0.188	6.077319e-01	2.439129e+00	-5.017317e+01	1.000000e-05	1.000000e+05	8.068558e-01	8.874834e-01	8.895335e-01
12	12_503422	503422	0	T	G	0.125	1.075387e+00	2.870668e+00	-5.008333e+01	1.000000e-05	1.000000e+05	7.135623e-01	6.549736e-01	6.627890e-01
12	12_503453	503453	0	T	C	0.062	4.060494e+00	3.789348e+00	-4.941604e+01	1.000000e-05	1.000000e+05	3.020454e-01	2.154726e-01	2.464820e-01
12	12_537923	537923	0	G	A	0.375	-7.557186e-01	1.960463e+00	-5.016616e+01	1.000000e-05	1.000000e+05	7.056758e-01	8.536233e-01	8.563446e-01
13	13_11108	11108	0	C	T	0.125	-2.199762e+00	2.824477e+00	-4.978007e+01	1.000000e-05	1.000000e+05	4.490498e-01	3.692424e-01	3.902182e-01
13	13_11118	11118	0	T	C	0.250	-2.137391e+00	2.128133e+00	-4.848917e+01	1.000000e-05	1.000000e+05	3.322540e-01	6.567216e-02	1.024597e-01
13	13_11130	11130	0	A	G	0.250	-2.137382e+00	2.128133e+00	-4.941485e+01	1.000000e-05	1.000000e+05	3.322561e-01	2.151165e-01	2.461494e-01
13	13_52884	52884	0	A	G	0.125	-2.199751e+00	2.824475e+00	-4.990506e+01	1.000000e-05	1.000000e+05	4.490517e-01	4.557836e-01	4.718970e-01
13	13_128625	128625	4	A	G	0.333	1.658682e+00	2.294700e+00	-4.978215e+01	1.000000e-05	1.000000e+05	4.816852e-01	3.704791e-01	3.913802e-01
13	13_128715	128715	3	G	A	0.308	-2.748377e-01	2.292263e+00	-5.016960e+01	1.000000e-05	1.000000e+05	9.062676e-01	8.691268e-01	8.715361e-01
13	13_128729	128729	3	G	A	0.308	-2.748377e-01	2.292263e+00	-5.016960e+01	1.000000e-05	1.000000e+05	9.062676e-01	8.691268e-01	8.715361e-01
13	13_162462	162462	0	A	G	0.188	-2.368960e+00	2.361114e+00	-5.004619e+01	1.000000e-05	1.000000e+05	3.327321e-01	6.006842e-01	6.103841e-01
13	13_219021	219021	1	C	T	0.133	-1.509210e+00	2.870655e+00	-5.014127e+01	1.000000e-05	1.000000e+05	6.072986e-01	7.722011e-01	7.767280e-01
13	13_219311	219311	0	A	T	0.125	1.810825e+00	2.844136e+00	-4.981730e+01	1.000000e-05	1.000000e+05	5.346010e-01	3.923164e-01	4.119222e-01
13	13_219312	219312	0	A	G	0.125	1.810825e+00	2.844136e+00	-4.981730e+01	1.000000e-05	1.000000e+05	5.346010e-01	3.923164e-01	4.119222e-01
13	13_655915	655915	0	A	G	0.438	-4.946088e-01	1.918795e+00	-5.008323e+01	1.000000e-05	1.000000e+05	8.003344e-01	6.548042e-01	6.626251e-01
13	13_742766	742766	2	G	A	0.214	-2.227454e+00	2.413513e+00	-4.924532e+01	1.000000e-05	1.000000e+05	3.716870e-01	1.708224e-01	2.046553e-01
13	13_742771	742771	0	C	A	0.250	-2.116766e+00	2.129606e+00	-4.958883e+01	1.000000e-05	1.000000e+05	3.371071e-01	2.755940e-01	3.025771e-01
14	14_155590	155590	0	T	C	0.125	-1.464332e+00	2.858349e+00	-4.967029e+01	1.000000e-05	1.000000e+05	6.164274e-01	3.111537e-01	3.357859e-01
14	14_342562	342562	0	G	T	0.375	-2.330006e+00	1.869876e+00	-4.890199e+01	1.000000e-05	1.000000e+05	2.331860e-01	1.094338e-01	1.461589e-01
14	14_383626	383626	0	G	A	0.125	-1.464331e+00	2.858353e+00	-4.988677e+01	1.000000e-05	1.000000e+05	6.164282e-01	4.413305e-01	4.582024e-01
14	14_852745	852745	0	G	T	0.125	-1.464331e+00	2.858353e+00	-4.988677e+01	1.000000e-05	1.000000e+05	6.164282e-01	4.413305e-01	4.582024e-01
14	14_908850	908850	0	G	A	0.375	-7.557321e-01	1.960465e+00	-4.938066e+01	1.000000e-05	1.000000e+05	7.056710e-01	2.051927e-01	2.368759e-01
14	14_908994	908994	1	C	T	0.133	-2.368962e+00	2.828867e+00	-5.000710e+01	1.000000e-05	1.000000e+05	4.164215e-01	5.528961e-01	5.644781e-01
14	14_909011	909011	1	T	C	0.133	-2.368962e+00	2.828867e+00	-5.000710e+01	1.000000e-05	1.000000e+05	4.164215e-01	5.528961e-01	5.644781e-01
14	14_909450	909450	0	G	T	0.250	-2.566383e+00	2.093994e+00	-4.894229e+01	1.000000e-05	1.000000e+05	2.405706e-01	1.151716e-01	1.517178e-01
14	14_909472	909472	0	G	T	0.312	-2.407300e+00	1.955350e+00	-4.896880e+01	1.000000e-05	1.000000e+05	2.385545e-01	1.191273e-01	1.555351e-01
14	14_909504	909504	1	T	G	0.333	-2.675009e+00	1.964339e+00	-4.859427e+01	1.000000e-05	1.000000e+05	1.947779e-01	7.464454e-02	1.116746e-01
14	14_909638	909638	0	C	T	0.250	2.005095e+00	2.137312e+00	-5.010167e+01	1.000000e-05	1.000000e+05	3.640770e-01	6.864058e-01	6.932427e-01
14	14_909661	909661	0	G	A	0.250	2.434102e+00	2.105247e+00	-4.975484e+01	1.000000e-05	1.000000e+05	2.669462e-01	3.546739e-01	3.765403e-01
14	14_909704	909704	0	G	A	0.375	9.207277e-01	1.955419e+00	-5.017379e+01	1.000000e-05	1.000000e+05	6.449934e-01	8.910249e-01	8.930069e-01
14	14_910040	910040	1	A	G	0.400	-3.047154e+00	1.839248e+00	-4.945361e+01	1.000000e-05	1.000000e+05	1.198040e-01	2.270681e-01	2.573079e-01
14	14_910103	910103	0	A	G	0.438	-1.623649e+00	1.873754e+00	-5.015687e+01	1.000000e-05	1.000000e+05	4.008113e-01	8.185669e-01	8.220279e-01
14	14_910152	910152	1	A	G	0.333	-2.675000e+00	1.964342e+00	-4.967464e+01	1.000000e-05	1.000000e+05	1.947798e-01	3.132125e-01	3.377106e-01
14	14_910181	910181	1	G	A	0.400	-2.078847e+00	1.933231e+00	-5.010341e+01	1.000000e-05	1.000000e+05	3.004137e-01	6.895926e-01	6.963345e-01
14	14_910258	910258	1	T	G	0.467	-3.297744e+00	1.767703e+00	-4.931409e+01	1.000000e-05	1.000000e+05	8.319668e-02	1.873702e-01	2.201930e-01
14	14_910323	910323	0	T	C	0.375	1.699458e+00	1.917789e+00	-5.017396e+01	1.000000e-05	1.000000e+05	3.905022e-01	8.919917e-01	8.939551e-01
14	14_910328	910328	0	G	A	0.438	1.129698e+00	1.899498e+00	-5.018212e+01	1.000000e-05	1.000000e+05	5.615101e-01	9.633641e-01	9.640141e-01
14	14_910510	910510	1	A	G	0.400	-1.031691e+00	1.992492e+00	-4.945775e+01	1.000000e-05	1.000000e+05	6.126901e-01	2.283896e-01	2.585412e-01
14	14_910555	910555	1	C	T	0.333	-9.555542e-01	2.074734e+00	-4.994918e+01	1.000000e-05	1.000000e+05	6.521819e-01	4.939122e-01	5.081298e-01
14	14_910742	910742	0	A	G	0.312	-1.963886e+00	1.990435e+00	-4.948523e+01	1.000000e-05	1.000000e+05	3.405546e-01	2.374108e-01	2.669586e-01
14	14_910822	910822	0	G	A	0.188	-1.815587e+00	2.395885e+00	-5.005272e+01	1.000000e-05	1.000000e+05	4.611403e-01	6.094986e-01	6.188748e-01
14	14_910834	910834	1	T	A	0.067	-2.199746e+00	3.906479e+00	-5.016358e+01	1.000000e-05	1.000000e+05	5.822721e-01	8.430841e-01	8.460226e-01
14	14_910926	910926	2	G	A	0.357	-2.797766e+00	1.993107e+00	-4.897001e+01	1.000000e-05	1.000000e+05	1.821936e-01	1.193115e-01	1.557125e-01
14	14_910939	910939	2	A	C	0.429	-3.133135e+00	1.883393e+00	-4.839815e+01	1.000000e-05	1.000000e+05	1.184153e-01	5.883046e-02	9.529881e-02
14	14_910964	910964	1	A	G	0.467	2.158251e+00	1.889136e+00	-4.960527e+01	1.000000e-05	1.000000e+05	2.724282e-01	2.823358e-01	3.088687e-01
14	14_910966	910966	0	T	C	0.500	-1.757728e+00	1.849531e+00	-4.989310e+01	1.000000e-05	1.000000e+05	3.580464e-01	4.462546e-01	4.628656e-01
14	14_910979	910979	1	A	G	0.400	2.385106e+00	1.907805e+00	-4.890631e+01	1.000000e-05	1.000000e+05	2.317265e-01	1.100343e-01	1.467420e-01
14	14_911099	911099	2	A	G	0.429	-2.591621e+00	1.941291e+00	-4.918288e+01	1.000000e-05	1.000000e+05	2.031805e-01	1.572369e-01	1.918494e-01
14	14_911129	911129	0	T	C	0.438	-8.660046e-01	1.909368e+00	-4.996207e+01	1.000000e-05	1.000000e+05	6.570995e-01	5.060580e-01	5.197036e-01
14	14_911206	911206	0	G	A	0.250	3.385434e-01	2.201608e+00	-5.011989e+01	1.000000e-05	1.000000e+05	8.799849e-01	7.220019e-01	7.278206e-01
14	14_911262	911262	0	A	C	0.125	2.780110e+00	2.787696e+00	-4.962014e+01	1.000000e-05	1.000000e+05	3.355548e-01	2.886133e-01	3.147286e-01
14	14_911292	911292	1	A	G	0.200	-2.566380e+00	2.366144e+00	-4.975223e+01	1.000000e-05	1.000000e+05	2.964129e-01	3.532107e-01	3.751677e-01
14	14_911297	911297	2	A	C	0.214	-2.007435e+00	2.427261e+00	-5.000842e+01	1.000000e-05	1.000000e+05	4.220891e-01	5.543926e-01	5.659123e-01
14	14_911308	911308	0	C	T	0.125	-2.199759e+00	2.824478e+00	-4.977756e+01	1.000000e-05	1.000000e+05	4.490504e-01	3.677531e-01	3.888190e-01
14	14_911314	911314	0	A	G	0.125	-2.199759e+00	2.824478e+00	-4.977756e+01	1.000000e-05	1.000000e+05	4.490504e-01	3.677531e-01	3.888190e-01
14	14_911321	911321	0	G	A	0.188	1.206323e+00	2.423175e+00	-4.990391e+01	1.000000e-05	1.000000e+05	6.263339e-01	4.548514e-01	4.710131e-01
14	14_911352	911352	1	G	A	0.400	-1.031694e+00	1.992491e+00	-4.932628e+01	1.000000e-05	1.000000e+05	6.126890e-01	1.904934e-01	2.231198e-01
14	14_911375	911375	1	G	A	0.267	1.712630e-01	2.227896e+00	-4.994737e+01	1.000000e-05	1.000000e+05	9.398131e-01	4.922426e-01	5.065400e-01
14	14_911385	911385	0	G	A	0.312	-2.644757e-01	2.057263e+00	-5.001359e+01	1.000000e-05	1.000000e+05	8.995367e-01	5.603092e-01	5.715848e-01
14	14_911414	911414	1	G	A	0.200	1.064774e+00	2.447061e+00	-4.989334e+01	1.000000e-05	1.000000e+05	6.701056e-01	4.464435e-01	4.630446e-01
14	14_924025	924025	0	C	T	0.375	-8.483543e-01	1.957758e+00	-5.016519e+01	1.000000e-05	1.000000e+05	6.713775e-01	8.495595e-01	8.523641e-01
14	14_924047	924047	0	A	C	0.312	-7.579369e-01	2.048489e+00	-5.016749e+01	1.000000e-05	1.000000e+05	7.169212e-01	8.594070e-01	8.620109e-01
14	14_924049	924049	0	A	T	0.312	-7.579369e-01	2.048489e+00	-5.016749e+01	1.000000e-05	1.000000e+05	7.169212e-01	8.594070e-01	8.620109e-01
14	14_924050	924050	0	G	C	0.312	-7.579369e-01	2.048489e+00	-5.016749e+01	1.000000e-05	1.000000e+05	7.169212e-01	8.594070e-01	8.620109e-01
14	14_924059	924059	0	T	C	0.250	-2.268684e-01	2.202634e+00	-4.999695e+01	1.000000e-05	1.000000e+05	9.194249e-01	5.416690e-01	5.537255e-01
14	14_924128	924128	0	G	A	0.125	-1.464316e+00	2.858350e+00	-5.016057e+01	1.000000e-05	1.000000e+05	6.164314e-01	8.316284e-01	8.348079e-01
14	14_924776	924776	0	A	G	0.125	-1.464316e+00	2.858350e+00	-5.016057e+01	1.000000e-05	1.000000e+05	6.164314e-01	8.316284e-01	8.348079e-01
14	14_924866	924866	0	G	A	0.438	3.342982e+00	1.703232e+00	-4.849631e+01	1.000000e-05	1.000000e+05	6.986409e-02	6.624345e-02	1.030520e-01
