chr	rs	ps	n_miss	allele1	allele0	af	beta	se	logl_H1	l_remle	l_mle	p_wald	p_lrt	p_score
1	1_44747	44747	0	C	G	0.200	1.224997e+01	1.173622e+01	-9.875776e+01	1.000000e-05	1.000000e+05	3.104059e-01	5.566319e-01	5.655981e-01
1	1_44753	44753	1	G	A	0.211	1.464998e+01	1.166619e+01	-9.859967e+01	1.000000e-05	1.000000e+05	2.252582e-01	4.159438e-01	4.303161e-01
1	1_44785	44785	1	G	A	0.158	2.412498e+01	1.235698e+01	-9.769460e+01	1.000000e-05	1.000000e+05	6.663026e-02	1.158996e-01	1.446698e-01
1	1_47564	47564	0	G	A	0.450	-8.798002e+00	9.493820e+00	-9.835190e+01	1.000000e-05	1.000000e+05	3.663376e-01	2.820316e-01	3.029889e-01
1	1_47575	47575	0	G	A	0.500	-2.000008e+00	9.657451e+00	-9.890134e+01	1.000000e-05	1.000000e+05	8.382606e-01	8.090321e-01	8.118985e-01
1	1_47671	47671	1	G	A	0.421	6.267053e+00	9.936957e+00	-9.882259e+01	1.000000e-05	1.000000e+05	5.361751e-01	6.421797e-01	6.486302e-01
1	1_47684	47684	2	C	G	0.444	5.462514e+00	1.017432e+01	-9.878142e+01	1.000000e-05	1.000000e+05	5.979166e-01	5.849911e-01	5.930632e-01
1	1_47686	47686	2	A	G	0.444	5.462514e+00	1.017432e+01	-9.878142e+01	1.000000e-05	1.000000e+05	5.979166e-01	5.849911e-01	5.930632e-01
1	1_309593	309593	1	A	G	0.421	-5.999986e+00	9.946108e+00	-9.888149e+01	1.000000e-05	1.000000e+05	5.538687e-01	7.541130e-01	7.580001e-01
1	1_477160	477160	0	A	C	0.100	3.666689e+00	1.609171e+01	-9.885320e+01	1.000000e-05	1.000000e+05	8.223218e-01	6.940955e-01	6.992659e-01
1	1_678413	678413	0	C	T	0.100	-7.999949e+00	1.600421e+01	-9.892757e+01	1.000000e-05	1.000000e+05	6.232255e-01	9.385496e-01	9.394046e-01
1	1_971811	971811	3	G	T	0.118	3.876664e+01	1.346817e+01	-9.564263e+01	1.000000e-05	1.000000e+05	1.000109e-02	1.033739e-02	2.932632e-02
1	1_975012	975012	0	C	T	0.100	8.944494e+00	1.597641e+01	-9.850523e+01	1.000000e-05	1.000000e+05	5.824783e-01	3.563763e-01	3.735291e-01
1	1_975152	975152	2	T	C	0.333	-4.458335e+00	1.075900e+01	-9.883401e+01	1.000000e-05	1.000000e+05	6.834909e-01	6.603865e-01	6.663685e-01
1	1_975212	975212	0	C	T	0.400	5.604192e+00	9.779522e+00	-9.859338e+01	1.000000e-05	1.000000e+05	5.736982e-01	4.115469e-01	4.261148e-01
1	1_975397	975397	2	T	C	0.389	-1.766264e+00	1.044504e+01	-9.864276e+01	1.000000e-05	1.000000e+05	8.676032e-01	4.480564e-01	4.610488e-01
1	1_975445	975445	2	T	C	0.333	6.166681e+00	1.071204e+01	-9.875663e+01	1.000000e-05	1.000000e+05	5.719609e-01	5.553471e-01	5.643554e-01
1	1_975457	975457	1	A	G	0.421	9.482963e+00	9.794337e+00	-9.851505e+01	1.000000e-05	1.000000e+05	3.457705e-01	3.619887e-01	3.788680e-01
1	1_975510	975510	1	T	C	0.105	-1.138233e+01	1.593800e+01	-9.884731e+01	1.000000e-05	1.000000e+05	4.842851e-01	6.832718e-01	6.886951e-01
1	1_1231132	1231132	0	A	G	0.100	-1.661119e+01	1.563204e+01	-9.746994e+01	1.000000e-05	1.000000e+05	3.019959e-01	8.742326e-02	1.165734e-01
1	1_1231136	1231136	0	G	C	0.100	-1.661119e+01	1.563204e+01	-9.746994e+01	1.000000e-05	1.000000e+05	3.019959e-01	8.742326e-02	1.165734e-01
1	1_1231137	1231137	0	G	A	0.100	-1.661119e+01	1.563204e+01	-9.746994e+01	1.000000e-05	1.000000e+05	3.019959e-01	8.742326e-02	1.165734e-01
1	1_1581524	1581524	1	A	G	0.105	-1.329405e+01	1.585558e+01	-9.892952e+01	1.000000e-05	1.000000e+05	4.127761e-01	9.640383e-01	9.645356e-01
2	2_270700	270700	2	T	C	0.444	5.337494e+00	1.017801e+01	-9.886494e+01	1.000000e-05	1.000000e+05	6.063890e-01	7.171957e-01	7.218490e-01
2	2_270855	270855	0	G	A	0.400	-5.750005e+00	9.774830e+00	-9.878000e+01	1.000000e-05	1.000000e+05	5.636759e-01	5.832010e-01	5.913277e-01
2	2_270969	270969	1	T	G	0.421	-2.585214e+00	1.002766e+01	-9.892294e+01	1.000000e-05	1.000000e+05	7.994793e-01	9.018918e-01	9.032761e-01
2	2_270970	270970	1	T	A	0.421	-2.585214e+00	1.002766e+01	-9.892294e+01	1.000000e-05	1.000000e+05	7.994793e-01	9.018918e-01	9.032761e-01
2	2_270971	270971	1	C	A	0.421	-2.585214e+00	1.002766e+01	-9.892294e+01	1.000000e-05	1.000000e+05	7.994793e-01	9.018918e-01	9.032761e-01
2	2_270994	270994	0	A	G	0.450	-6.777771e+00	9.585455e+00	-9.882163e+01	1.000000e-05	1.000000e+05	4.885651e-01	6.407132e-01	6.472024e-01
2	2_294465	294465	1	G	A	0.105	8.161860e+00	1.604734e+01	-9.822091e+01	1.000000e-05	1.000000e+05	6.172019e-01	2.335250e-01	2.570633e-01
2	2_697983	697983	0	G	A	0.100	8.111086e+00	1.600113e+01	-9.893030e+01	1.000000e-05	1.000000e+05	6.183734e-01	9.824969e-01	9.827384e-01
2	2_983795	983795	0	C	G	0.100	8.111086e+00	1.600113e+01	-9.893030e+01	1.000000e-05	1.000000e+05	6.183734e-01	9.824969e-01	9.827384e-01
2	2_1225303	1225303	0	G	A	0.100	8.111086e+00	1.600113e+01	-9.893030e+01	1.000000e-05	1.000000e+05	6.183734e-01	9.824969e-01	9.827384e-01
3	3_10892	10892	1	C	G	0.105	6.323185e-01	1.616154e+01	-9.886693e+01	1.000000e-05	1.000000e+05	9.692215e-01	7.213413e-01	7.259050e-01
3	3_207299	207299	1	A	G	0.158	-1.412502e+01	1.318881e+01	-9.834569e+01	1.000000e-05	1.000000e+05	2.983272e-01	2.794650e-01	3.005582e-01
3	3_750294	750294	0	T	G	0.300	3.047615e+00	1.052520e+01	-9.892878e+01	1.000000e-05	1.000000e+05	7.754662e-01	9.527453e-01	9.534003e-01
3	3_860957	860957	0	A	T	0.500	-7.499980e+00	9.505974e+00	-9.889015e+01	1.000000e-05	1.000000e+05	4.403953e-01	7.762455e-01	7.797054e-01
3	3_862065	862065	0	G	A	0.250	7.533307e+00	1.102263e+01	-9.888739e+01	1.000000e-05	1.000000e+05	5.030323e-01	7.689233e-01	7.725220e-01
3	3_862068	862068	0	G	A	0.250	7.533307e+00	1.102263e+01	-9.888739e+01	1.000000e-05	1.000000e+05	5.030323e-01	7.689233e-01	7.725220e-01
3	3_862069	862069	2	A	G	0.278	9.446130e+00	1.115743e+01	-9.877980e+01	1.000000e-05	1.000000e+05	4.083211e-01	5.829545e-01	5.910887e-01
3	3_1071924	1071924	0	G	A	0.300	-9.571417e+00	1.030565e+01	-9.871005e+01	1.000000e-05	1.000000e+05	3.653048e-01	5.066475e-01	5.173456e-01
3	3_1071929	1071929	0	C	T	0.300	-9.571417e+00	1.030565e+01	-9.871005e+01	1.000000e-05	1.000000e+05	3.653048e-01	5.066475e-01	5.173456e-01
3	3_1234218	1234218	0	G	A	0.350	-9.483568e+00	9.886256e+00	-9.760305e+01	1.000000e-05	1.000000e+05	3.501328e-01	1.032265e-01	1.322539e-01
4	4_667433	667433	0	G	T	0.250	2.066621e+00	1.115410e+01	-9.881489e+01	1.000000e-05	1.000000e+05	8.550820e-01	6.305634e-01	6.373245e-01
4	4_667446	667446	0	G	A	0.250	2.066621e+00	1.115410e+01	-9.881489e+01	1.000000e-05	1.000000e+05	8.550820e-01	6.305634e-01	6.373245e-01
4	4_667490	667490	1	G	A	0.316	8.794836e+00	1.046742e+01	-9.889677e+01	1.000000e-05	1.000000e+05	4.118124e-01	7.949448e-01	7.980608e-01
4	4_995956	995956	3	A	G	0.176	-1.742858e+01	1.312734e+01	-9.780082e+01	1.000000e-05	1.000000e+05	2.008848e-01	1.328025e-01	1.610703e-01
4	4_1076446	1076446	0	G	A	0.400	-7.499647e-01	9.866746e+00	-9.885658e+01	1.000000e-05	1.000000e+05	9.402501e-01	7.005278e-01	7.055511e-01
4	4_1076465	1076465	0	G	A	0.450	-4.252500e+00	9.665824e+00	-9.890997e+01	1.000000e-05	1.000000e+05	6.652088e-01	8.392505e-01	8.416061e-01
5	5_7093	7093	0	G	A	0.300	-1.969053e+01	9.473972e+00	-9.556388e+01	1.000000e-05	1.000000e+05	5.225307e-02	9.462802e-03	2.793579e-02
5	5_276722	276722	0	G	A	0.100	8.111086e+00	1.600113e+01	-9.893030e+01	1.000000e-05	1.000000e+05	6.183734e-01	9.824969e-01	9.827384e-01
5	5_475470	475470	1	T	C	0.316	7.884560e+00	1.050764e+01	-9.892965e+01	1.000000e-05	1.000000e+05	4.627316e-01	9.663086e-01	9.667744e-01
5	5_476407	476407	0	A	T	0.450	2.010102e+00	9.706096e+00	-9.887053e+01	1.000000e-05	1.000000e+05	8.382590e-01	7.290109e-01	7.334112e-01
5	5_500266	500266	1	G	A	0.421	-2.931831e+00	1.002236e+01	-9.891332e+01	1.000000e-05	1.000000e+05	7.732274e-01	8.527563e-01	8.548935e-01
5	5_676974	676974	0	A	C	0.450	-1.405053e+01	9.135934e+00	-9.789079e+01	1.000000e-05	1.000000e+05	1.414564e-01	1.492900e-01	1.769395e-01
5	5_835130	835130	1	A	G	0.316	2.339721e+00	1.065645e+01	-9.892487e+01	1.000000e-05	1.000000e+05	8.286852e-01	9.152144e-01	9.164038e-01
5	5_835251	835251	2	G	C	0.389	-2.207770e-01	1.045321e+01	-9.892978e+01	1.000000e-05	1.000000e+05	9.833819e-01	9.688713e-01	9.693014e-01
5	5_835261	835261	0	A	G	0.350	-2.010980e+00	1.012472e+01	-9.892726e+01	1.000000e-05	1.000000e+05	8.447855e-01	9.354077e-01	9.363072e-01
5	5_836479	836479	0	G	A	0.250	-1.913333e+01	1.021338e+01	-9.698666e+01	1.000000e-05	1.000000e+05	7.734996e-02	4.863919e-02	7.643766e-02
5	5_836568	836568	0	A	G	0.350	-2.209512e+01	8.918380e+00	-9.478664e+01	6.143805e-01	1.000000e+05	2.337554e-02	3.991215e-03	1.791646e-02
5	5_836697	836697	0	A	G	0.500	1.130006e+01	9.294865e+00	-9.648949e+01	1.000000e-05	1.000000e+05	2.397917e-01	2.713649e-02	5.195414e-02
5	5_836899	836899	1	G	A	0.105	3.705816e+00	1.613861e+01	-9.886110e+01	1.000000e-05	1.000000e+05	8.209728e-01	7.094059e-01	7.142302e-01
5	5_1210544	1210544	0	G	A	0.100	8.111086e+00	1.600113e+01	-9.893030e+01	1.000000e-05	1.000000e+05	6.183734e-01	9.824969e-01	9.827384e-01
5	5_1245074	1245074	0	A	G	0.200	-4.937514e+00	1.203004e+01	-9.883613e+01	1.000000e-05	1.000000e+05	6.863332e-01	6.639004e-01	6.697945e-01
5	5_1770892	1770892	0	G	A	0.500	2.480001e+01	7.701914e+00	-9.489047e+01	1.000000e-05	1.000000e+05	4.749148e-03	4.475289e-03	1.894641e-02
5	5_1773044	1773044	0	G	A	0.100	1.450001e+01	1.574832e+01	-9.837996e+01	1.000000e-05	1.000000e+05	3.693652e-01	2.940128e-01	3.143385e-01
5	5_1773047	1773047	0	G	A	0.250	5.533307e+00	1.108830e+01	-9.893026e+01	1.000000e-05	1.000000e+05	6.238075e-01	9.811789e-01	9.814386e-01
6	6_191358	191358	0	C	T	0.100	-1.888928e+00	1.610874e+01	-9.875842e+01	1.000000e-05	1.000000e+05	9.079517e-01	5.573909e-01	5.663324e-01
6	6_220264	220264	1	G	A	0.474	1.270561e+01	9.471744e+00	-9.715419e+01	1.000000e-05	1.000000e+05	1.964639e-01	5.944901e-02	8.796545e-02
6	6_220267	220267	1	G	A	0.474	1.270561e+01	9.471744e+00	-9.715419e+01	1.000000e-05	1.000000e+05	1.964639e-01	5.944901e-02	8.796545e-02
6	6_221273	221273	2	A	G	0.444	6.074993e+00	1.015501e+01	-9.872797e+01	1.000000e-05	1.000000e+05	5.571421e-01	5.244469e-01	5.345050e-01
6	6_221275	221275	1	A	G	0.474	9.588879e+00	9.673371e+00	-9.848169e+01	1.000000e-05	1.000000e+05	3.346951e-01	3.433985e-01	3.611921e-01
6	6_221282	221282	0	C	A	0.450	-1.516163e+01	9.036702e+00	-9.722387e+01	1.000000e-05	1.000000e+05	1.106674e-01	6.467134e-02	9.341926e-02
6	6_739933	739933	0	G	T	0.400	4.249976e+00	9.817354e+00	-9.891906e+01	1.000000e-05	1.000000e+05	6.702269e-01	8.795382e-01	8.812577e-01
6	6_988043	988043	1	T	C	0.211	1.414174e+01	1.170099e+01	-9.710816e+01	1.000000e-05	1.000000e+05	2.424570e-01	5.624575e-02	8.458605e-02
6	6_988098	988098	1	A	G	0.263	7.857191e+00	1.111070e+01	-9.830371e+01	1.000000e-05	1.000000e+05	4.885139e-01	2.628551e-01	2.848313e-01
6	6_988261	988261	2	A	G	0.111	-1.603132e+01	1.576890e+01	-9.745085e+01	1.000000e-05	1.000000e+05	3.227951e-01	8.538037e-02	1.145263e-01
6	6_988405	988405	1	T	C	0.211	8.350686e-03	1.216649e+01	-9.889460e+01	1.000000e-05	1.000000e+05	9.994599e-01	7.886309e-01	7.918613e-01
6	6_988465	988465	0	T	C	0.400	7.375054e+00	9.714031e+00	-9.818583e+01	1.000000e-05	1.000000e+05	4.575510e-01	2.223076e-01	2.464382e-01
6	6_988478	988478	1	G	A	0.368	-2.083334e+00	1.027083e+01	-9.889158e+01	1.000000e-05	1.000000e+05	8.415354e-01	7.801431e-01	7.835301e-01
6	6_988549	988549	1	A	G	0.211	-4.683329e+00	1.211632e+01	-9.885680e+01	1.000000e-05	1.000000e+05	7.036349e-01	7.009570e-01	7.059706e-01
6	6_988553	988553	1	T	G	0.211	-1.816657e+00	1.215896e+01	-9.892091e+01	1.000000e-05	1.000000e+05	8.828923e-01	8.896014e-01	8.911686e-01
6	6_988631	988631	0	G	A	0.300	3.523773e+00	1.051694e+01	-9.891707e+01	1.000000e-05	1.000000e+05	7.414553e-01	8.696041e-01	8.714763e-01
6	6_988733	988733	1	A	G	0.474	-6.644422e+00	9.809667e+00	-9.890253e+01	1.000000e-05	1.000000e+05	5.068070e-01	8.128921e-01	8.156914e-01
6	6_988843	988843	3	A	G	0.353	-2.234849e+01	9.625711e+00	-9.654605e+01	1.000000e-05	1.000000e+05	3.217776e-02	2.897697e-02	5.417293e-02
6	6_988922	988922	3	A	G	0.294	-7.924999e+00	1.135573e+01	-9.865125e+01	1.000000e-05	1.000000e+05	4.941664e-01	4.548358e-01	4.675479e-01
6	6_988930	988930	1	G	A	0.211	-4.108329e+00	1.212789e+01	-9.883818e+01	1.000000e-05	1.000000e+05	7.387172e-01	6.673520e-01	6.731605e-01
6	6_988960	988960	1	T	G	0.211	-3.550009e+00	1.213767e+01	-9.882532e+01	1.000000e-05	1.000000e+05	7.732654e-01	6.464232e-01	6.527625e-01
6	6_989188	989188	0	T	C	0.300	1.340480e+01	1.006544e+01	-9.770817e+01	1.000000e-05	1.000000e+05	1.995569e-01	1.179190e-01	1.466378e-01
6	6_989334	989334	3	G	C	0.471	-1.245836e+01	1.008690e+01	-9.805418e+01	1.000000e-05	1.000000e+05	2.326717e-01	1.855343e-01	2.115423e-01
6	6_989453	989453	2	G	A	0.444	3.762503e+00	1.021705e+01	-9.875757e+01	1.000000e-05	1.000000e+05	7.169765e-01	5.564245e-01	5.653975e-01
6	6_989490	989490	1	T	C	0.263	-4.757126e+00	1.120803e+01	-9.892890e+01	1.000000e-05	1.000000e+05	6.762755e-01	9.543306e-01	9.549634e-01
6	6_989528	989528	0	T	C	0.500	-1.620004e+01	8.883044e+00	-9.705309e+01	1.000000e-05	1.000000e+05	8.484627e-02	5.265284e-02	8.076055e-02
6	6_989732	989732	3	T	C	0.294	-8.508342e+00	1.133225e+01	-9.861988e+01	1.000000e-05	1.000000e+05	4.624717e-01	4.305566e-01	4.442903e-01
6	6_989861	989861	3	A	G	0.412	-1.039999e+01	1.036883e+01	-9.859402e+01	1.000000e-05	1.000000e+05	3.291524e-01	4.119912e-01	4.265393e-01
6	6_989960	989960	0	A	G	0.400	-1.583324e+00	9.861261e+00	-9.893043e+01	1.000000e-05	1.000000e+05	8.742282e-01	9.881500e-01	9.883134e-01
6	6_990258	990258	0	G	T	0.450	9.999823e-01	9.714798e+00	-9.891202e+01	1.000000e-05	1.000000e+05	9.191535e-01	8.473746e-01	8.495982e-01
6	6_990671	990671	4	A	G	0.438	5.103192e+00	1.082908e+01	-9.863632e+01	1.000000e-05	1.000000e+05	6.431241e-01	4.430258e-01	4.562286e-01
6	6_990699	990699	2	A	G	0.444	-5.487502e+00	1.017358e+01	-9.887158e+01	1.000000e-05	1.000000e+05	5.962293e-01	7.313108e-01	7.356628e-01
6	6_990701	990701	1	G	A	0.421	-2.693183e+00	1.002608e+01	-9.892846e+01	1.000000e-05	1.000000e+05	7.912784e-01	9.485243e-01	9.492385e-01
6	6_990771	990771	2	T	C	0.333	-1.250085e-01	1.081019e+01	-9.892266e+01	1.000000e-05	1.000000e+05	9.909007e-01	9.001193e-01	9.015298e-01
6	6_990777	990777	0	A	G	0.350	-5.197834e+00	1.006152e+01	-9.877475e+01	1.000000e-05	1.000000e+05	6.117205e-01	5.767088e-01	5.850356e-01
6	6_990851	990851	1	T	C	0.211	-3.508341e+00	1.213838e+01	-9.892980e+01	1.000000e-05	1.000000e+05	7.758618e-01	9.693555e-01	9.697789e-01
6	6_990862	990862	0	G	T	0.200	-2.281254e+00	1.207424e+01	-9.892704e+01	1.000000e-05	1.000000e+05	8.522572e-01	9.332952e-01	9.342248e-01
6	6_990885	990885	3	A	G	0.118	1.213335e+01	1.602204e+01	-9.860725e+01	1.000000e-05	1.000000e+05	4.586746e-01	4.213392e-01	4.354737e-01
6	6_990992	990992	1	T	C	0.263	2.735718e+00	1.124552e+01	-9.892934e+01	1.000000e-05	1.000000e+05	8.105457e-01	9.609946e-01	9.615343e-01
6	6_991027	991027	0	T	C	0.200	5.999997e+00	1.200318e+01	-9.890882e+01	1.000000e-05	1.000000e+05	6.232239e-01	8.349003e-01	8.373275e-01
6	6_1031241	1031241	1	G	A	0.211	-5.766685e+00	1.209034e+01	-9.877993e+01	1.000000e-05	1.000000e+05	6.391256e-01	5.831166e-01	5.912459e-01
6	6_1160524	1160524	0	A	G	0.300	-1.052384e+01	1.025393e+01	-9.802042e+01	1.000000e-05	1.000000e+05	3.183350e-01	1.772838e-01	2.036902e-01
6	6_1160528	1160528	0	A	G	0.300	-1.052384e+01	1.025393e+01	-9.802042e+01	1.000000e-05	1.000000e+05	3.183350e-01	1.772838e-01	2.036902e-01
6	6_1160532	1160532	0	A	G	0.300	-1.052384e+01	1.025393e+01	-9.802042e+01	1.000000e-05	1.000000e+05	3.183350e-01	1.772838e-01	2.036902e-01
7	7_11056	11056	1	A	C	0.368	-2.755955e+00	1.026202e+01	-9.887233e+01	1.000000e-05	1.000000e+05	7.913231e-01	7.329488e-01	7.372665e-01
7	7_14006	14006	1	A	G	0.211	2.616637e+00	1.215084e+01	-9.892446e+01	1.000000e-05	1.000000e+05	8.319187e-01	9.121610e-01	9.133948e-01
7	7_36839	36839	0	G	A	0.150	-1.405880e+01	1.312746e+01	-9.876486e+01	1.000000e-05	1.000000e+05	2.983442e-01	5.648587e-01	5.735592e-01
7	7_49744	49744	0	G	A	0.150	6.529463e+00	1.345148e+01	-9.838701e+01	1.000000e-05	1.000000e+05	6.332421e-01	2.971224e-01	3.172850e-01
7	7_164473	164473	2	G	A	0.389	6.318120e+00	1.034672e+01	-9.885880e+01	1.000000e-05	1.000000e+05	5.490715e-01	7.048529e-01	7.097787e-01
7	7_164511	164511	1	C	T	0.421	-1.182952e+01	9.651468e+00	-9.873343e+01	1.000000e-05	1.000000e+05	2.361181e-01	5.300866e-01	5.399473e-01
7	7_164589	164589	0	C	T	0.300	-1.671433e+01	9.786498e+00	-9.754598e+01	1.000000e-05	1.000000e+05	1.048440e-01	9.609904e-02	1.252131e-01
7	7_164636	164636	2	A	G	0.500	7.444454e+00	1.003979e+01	-9.865987e+01	1.000000e-05	1.000000e+05	4.679582e-01	4.618819e-01	4.743067e-01
7	7_164887	164887	0	G	A	0.300	1.261881e+00	1.054548e+01	-9.892681e+01	1.000000e-05	1.000000e+05	9.060772e-01	9.312147e-01	9.321739e-01
7	7_164926	164926	3	G	A	0.176	-1.344048e+01	1.338532e+01	-9.856271e+01	1.000000e-05	1.000000e+05	3.286289e-01	3.910541e-01	4.065545e-01
7	7_165027	165027	1	T	C	0.211	-1.448332e+01	1.167774e+01	-9.844948e+01	1.000000e-05	1.000000e+05	2.308074e-01	3.266516e-01	3.452886e-01
7	7_165292	165292	0	C	A	0.500	2.400012e+00	9.652382e+00	-9.885195e+01	1.000000e-05	1.000000e+05	8.064506e-01	6.917656e-01	6.969899e-01
7	7_165637	165637	1	G	A	0.474	-1.405535e+00	9.928366e+00	-9.891063e+01	1.000000e-05	1.000000e+05	8.889940e-01	8.418440e-01	8.441573e-01
7	7_165657	165657	2	A	G	0.389	6.129875e+00	1.035300e+01	-9.873497e+01	1.000000e-05	1.000000e+05	5.611567e-01	5.317012e-01	5.415059e-01
7	7_165680	165680	0	T	C	0.400	3.937491e+00	9.824580e+00	-9.890942e+01	1.000000e-05	1.000000e+05	6.932996e-01	8.371480e-01	8.395382e-01
7	7_165704	165704	2	A	G	0.444	-9.999662e-01	1.025275e+01	-9.886866e+01	1.000000e-05	1.000000e+05	9.233821e-01	7.249946e-01	7.294801e-01
7	7_165798	165798	3	C	T	0.412	6.292833e+00	1.055092e+01	-9.892985e+01	1.000000e-05	1.000000e+05	5.583185e-01	9.702999e-01	9.707102e-01
7	7_165854	165854	3	C	T	0.412	7.728535e+00	1.049779e+01	-9.889934e+01	1.000000e-05	1.000000e+05	4.710915e-01	8.027409e-01	8.057178e-01
7	7_165873	165873	0	A	G	0.350	1.590112e+01	9.417415e+00	-9.732240e+01	1.000000e-05	1.000000e+05	1.085678e-01	7.290888e-02	1.019027e-01
7	7_165955	165955	1	T	C	0.474	-3.600002e+00	9.897600e+00	-9.888692e+01	1.000000e-05	1.000000e+05	7.203006e-01	7.677198e-01	7.713416e-01
7	7_166056	166056	1	A	C	0.421	9.926178e+00	9.769934e+00	-9.818814e+01	1.000000e-05	1.000000e+05	3.230958e-01	2.230247e-01	2.471176e-01
7	7_166309	166309	1	G	A	0.474	-6.577751e+00	9.812161e+00	-9.891712e+01	1.000000e-05	1.000000e+05	5.111338e-01	8.698437e-01	8.717122e-01
7	7_166838	166838	0	T	A	0.200	5.374964e+00	1.201959e+01	-9.892959e+01	1.000000e-05	1.000000e+05	6.600770e-01	9.652428e-01	9.657234e-01
7	7_166992	166992	0	A	G	0.400	-4.604187e+00	9.808471e+00	-9.866223e+01	1.000000e-05	1.000000e+05	6.444132e-01	4.638405e-01	4.761863e-01
7	7_167034	167034	2	T	C	0.333	-4.625032e+00	1.075510e+01	-9.848684e+01	1.000000e-05	1.000000e+05	6.722771e-01	3.461839e-01	3.638390e-01
7	7_167035	167035	1	C	A	0.368	-6.053610e+00	1.018308e+01	-9.819318e+01	1.000000e-05	1.000000e+05	5.595919e-01	2.246024e-01	2.486122e-01
7	7_167135	167135	3	A	G	0.471	5.555581e+00	1.042370e+01	-9.841293e+01	1.000000e-05	1.000000e+05	6.005695e-01	3.089355e-01	3.284826e-01
7	7_167192	167192	0	C	T	0.400	-7.499903e-01	9.866736e+00	-9.891151e+01	1.000000e-05	1.000000e+05	9.402480e-01	8.453175e-01	8.475743e-01
7	7_167224	167224	2	T	A	0.389	1.138963e+01	1.010273e+01	-9.754882e+01	1.000000e-05	1.000000e+05	2.743860e-01	9.644052e-02	1.255515e-01
7	7_167292	167292	2	A	G	0.444	1.658751e+01	9.480958e+00	-9.722249e+01	1.000000e-05	1.000000e+05	9.722338e-02	6.456303e-02	9.330680e-02
7	7_167370	167370	1	A	G	0.368	-1.523808e+01	9.634881e+00	-9.801756e+01	1.000000e-05	1.000000e+05	1.311634e-01	1.766060e-01	2.030446e-01
7	7_167655	167655	2	G	A	0.389	-2.967526e+00	1.042991e+01	-9.892987e+01	1.000000e-05	1.000000e+05	7.792587e-01	9.707902e-01	9.711937e-01
7	7_167687	167687	1	A	C	0.263	3.464266e+00	1.123434e+01	-9.893050e+01	1.000000e-05	1.000000e+05	7.613455e-01	9.925647e-01	9.926672e-01
7	7_453828	453828	1	T	C	0.158	-1.273962e+01	1.326698e+01	-9.812100e+01	1.000000e-05	1.000000e+05	3.496518e-01	2.032189e-01	2.283404e-01
7	7_479542	479542	0	A	G	0.200	2.240627e+01	1.087127e+01	-9.656179e+01	1.000000e-05	1.000000e+05	5.404731e-02	2.951184e-02	5.481193e-02
7	7_672119	672119	0	G	A	0.300	8.047625e+00	1.037775e+01	-9.858426e+01	1.000000e-05	1.000000e+05	4.481314e-01	4.052965e-01	4.201453e-01
7	7_752860	752860	3	A	T	0.294	-1.060833e+01	1.123343e+01	-9.832323e+01	1.000000e-05	1.000000e+05	3.574933e-01	2.704189e-01	2.919923e-01
7	7_752861	752861	0	A	T	0.150	-1.621575e+01	1.298854e+01	-9.683124e+01	1.000000e-05	1.000000e+05	2.278556e-01	4.045751e-02	6.743005e-02
7	7_908360	908360	2	C	A	0.167	1.853336e+01	1.295740e+01	-9.725875e+01	1.000000e-05	1.000000e+05	1.697527e-01	6.746752e-02	9.631403e-02
7	7_1196178	1196178	0	C	T	0.500	-7.400012e+00	9.510328e+00	-9.857761e+01	1.000000e-05	1.000000e+05	4.466165e-01	4.008237e-01	4.158753e-01
7	7_1205599	1205599	3	G	T	0.353	5.689410e+00	1.089052e+01	-9.860391e+01	1.000000e-05	1.000000e+05	6.077493e-01	4.189507e-01	4.331902e-01
7	7_1205600	1205600	2	G	A	0.333	6.416691e+00	1.070388e+01	-9.844975e+01	1.000000e-05	1.000000e+05	5.563285e-01	3.267884e-01	3.454185e-01
7	7_1205735	1205735	2	T	A	0.278	-1.514615e+01	1.080281e+01	-9.815225e+01	1.000000e-05	1.000000e+05	1.779083e-01	2.121662e-01	2.368267e-01
7	7_1263585	1263585	0	T	C	0.400	5.812527e+00	9.772775e+00	-9.841244e+01	1.000000e-05	1.000000e+05	5.594021e-01	3.087092e-01	3.282679e-01
7	7_1263610	1263610	0	G	A	0.400	1.020870e+00	9.865402e+00	-9.875053e+01	1.000000e-05	1.000000e+05	9.187264e-01	5.484912e-01	5.577258e-01
7	7_1263646	1263646	0	G	A	0.100	3.727782e+01	1.350882e+01	-9.507667e+01	1.000000e-05	1.000000e+05	1.290743e-02	5.498472e-03	2.099730e-02
7	7_1263647	1263647	0	G	T	0.100	3.727782e+01	1.350882e+01	-9.507667e+01	1.000000e-05	1.000000e+05	1.290743e-02	5.498472e-03	2.099730e-02
7	7_1266484	1266484	1	T	A	0.474	8.555561e+00	9.727064e+00	-9.860468e+01	1.000000e-05	1.000000e+05	3.906880e-01	4.195013e-01	4.337165e-01
7	7_1276916	1276916	0	A	G	0.300	-1.111905e+01	1.021897e+01	-9.862502e+01	1.000000e-05	1.000000e+05	2.909150e-01	4.343960e-01	4.479648e-01
7	7_1276919	1276919	0	G	A	0.250	-7.399983e+00	1.102765e+01	-9.892308e+01	1.000000e-05	1.000000e+05	5.107157e-01	9.027639e-01	9.041353e-01
7	7_1341024	1341024	0	A	C	0.250	8.333362e+00	1.099061e+01	-9.862613e+01	1.000000e-05	1.000000e+05	4.581294e-01	4.352320e-01	4.487651e-01
8	8_817562	817562	2	T	C	0.111	-1.825001e+01	1.563435e+01	-9.820151e+01	1.000000e-05	1.000000e+05	2.583195e-01	2.272376e-01	2.511085e-01
8	8_817567	817567	2	C	T	0.111	-1.825001e+01	1.563435e+01	-9.820151e+01	1.000000e-05	1.000000e+05	2.583195e-01	2.272376e-01	2.511085e-01
8	8_817674	817674	1	A	G	0.211	4.683306e+00	1.211631e+01	-9.893009e+01	1.000000e-05	1.000000e+05	7.036362e-01	9.761487e-01	9.764780e-01
8	8_818838	818838	3	G	A	0.412	-4.699998e+00	1.059690e+01	-9.877842e+01	1.000000e-05	1.000000e+05	6.626707e-01	5.812381e-01	5.894249e-01
8	8_847517	847517	0	A	G	0.200	-6.343787e+00	1.199333e+01	-9.850523e+01	1.000000e-05	1.000000e+05	6.033073e-01	3.563751e-01	3.735280e-01
8	8_874822	874822	1	G	A	0.158	5.218767e+00	1.354681e+01	-9.872367e+01	1.000000e-05	1.000000e+05	7.045744e-01	5.200739e-01	5.302868e-01
8	8_874895	874895	3	T	C	0.235	-3.951878e+00	1.232680e+01	-9.885672e+01	1.000000e-05	1.000000e+05	7.522113e-01	7.007998e-01	7.058170e-01
8	8_874992	874992	1	C	T	0.158	8.687550e+00	1.344754e+01	-9.829281e+01	1.000000e-05	1.000000e+05	5.264096e-01	2.587446e-01	2.809399e-01
8	8_1252135	1252135	1	T	C	0.368	1.133930e+01	9.929147e+00	-9.848519e+01	1.000000e-05	1.000000e+05	2.684097e-01	3.452899e-01	3.629894e-01
8	8_1326133	1326133	0	A	G	0.150	-1.366662e+01	1.315045e+01	-9.879556e+01	1.000000e-05	1.000000e+05	3.124474e-01	6.033583e-01	6.108838e-01
8	8_1326140	1326140	0	G	A	0.100	-1.522218e+01	1.571041e+01	-9.871738e+01	1.000000e-05	1.000000e+05	3.454237e-01	5.138018e-01	5.242395e-01
8	8_1383765	1383765	0	A	G	0.450	1.423237e+01	9.120280e+00	-9.697470e+01	1.000000e-05	1.000000e+05	1.360464e-01	4.795151e-02	7.569124e-02
9	9_5213	5213	1	G	C	0.105	-1.333823e+01	1.585352e+01	-9.853971e+01	1.000000e-05	1.000000e+05	4.111948e-01	3.766322e-01	3.928087e-01
9	9_6619	6619	0	C	T	0.250	-2.411249e+01	9.887001e+00	-9.474803e+01	5.090849e-01	1.000000e+05	2.532183e-02	3.825108e-03	1.755233e-02
9	9_7470	7470	0	A	G	0.400	-1.252084e+01	9.416702e+00	-9.829468e+01	1.000000e-05	1.000000e+05	2.002421e-01	2.594454e-01	2.816033e-01
9	9_7729	7729	0	C	T	0.450	7.363648e+00	9.561392e+00	-9.858434e+01	1.000000e-05	1.000000e+05	4.512046e-01	4.053502e-01	4.201965e-01
9	9_8171	8171	1	G	A	0.421	4.607991e+00	9.987283e+00	-9.877184e+01	1.000000e-05	1.000000e+05	6.500485e-01	5.731784e-01	5.816154e-01
9	9_10033	10033	0	C	T	0.250	-1.133351e+00	1.116154e+01	-9.892545e+01	1.000000e-05	1.000000e+05	9.202437e-01	9.196254e-01	9.207509e-01
9	9_220237	220237	1	A	G	0.105	1.138236e+01	1.593801e+01	-9.873369e+01	1.000000e-05	1.000000e+05	4.842845e-01	5.303640e-01	5.402151e-01
9	9_220963	220963	2	C	T	0.222	1.764288e+01	1.153068e+01	-9.732127e+01	1.000000e-05	1.000000e+05	1.433810e-01	7.280899e-02	1.018006e-01
9	9_705343	705343	1	G	A	0.263	-1.610712e+01	1.060490e+01	-9.836287e+01	1.000000e-05	1.000000e+05	1.461728e-01	2.866395e-01	3.073533e-01
9	9_705571	705571	0	C	T	0.450	-1.334350e+01	9.194644e+00	-9.645223e+01	1.000000e-05	1.000000e+05	1.639228e-01	2.599099e-02	5.055640e-02
9	9_706175	706175	1	G	A	0.368	-4.763619e-02	1.028255e+01	-9.893033e+01	1.000000e-05	1.000000e+05	9.963546e-01	9.837195e-01	9.839441e-01
9	9_1115286	1115286	0	G	A	0.450	9.092686e-02	9.717637e+00	-9.887541e+01	1.000000e-05	1.000000e+05	9.926373e-01	7.398414e-01	7.440164e-01
10	10_15220	15220	0	T	A	0.100	1.172226e+01	1.587629e+01	-9.829791e+01	1.000000e-05	1.000000e+05	4.698200e-01	2.606580e-01	2.827513e-01
10	10_15279	15279	1	A	G	0.211	1.433335e+01	1.168802e+01	-9.783771e+01	1.000000e-05	1.000000e+05	2.358765e-01	1.393017e-01	1.673386e-01
10	10_15288	15288	2	C	T	0.222	1.071430e+01	1.199466e+01	-9.830746e+01	1.000000e-05	1.000000e+05	3.835077e-01	2.642889e-01	2.861887e-01
10	10_15302	15302	2	T	C	0.333	2.450000e+01	9.138556e+00	-9.502669e+01	1.000000e-05	1.000000e+05	1.525605e-02	5.202406e-03	2.041924e-02
10	10_15428	15428	1	C	G	0.158	2.372918e+01	1.239950e+01	-9.710301e+01	1.000000e-05	1.000000e+05	7.169425e-02	5.589938e-02	8.421894e-02
10	10_15438	15438	0	G	A	0.150	2.143138e+01	1.256161e+01	-9.758799e+01	1.000000e-05	1.000000e+05	1.051837e-01	1.012911e-01	1.303467e-01
10	10_15441	15441	1	A	G	0.158	2.372918e+01	1.239950e+01	-9.710301e+01	1.000000e-05	1.000000e+05	7.169425e-02	5.589938e-02	8.421894e-02
10	10_15449	15449	1	C	T	0.105	1.376470e+01	1.583327e+01	-9.864973e+01	1.000000e-05	1.000000e+05	3.960990e-01	4.536087e-01	4.663712e-01
10	10_15455	15455	0	C	T	0.100	1.172220e+01	1.587630e+01	-9.878890e+01	1.000000e-05	1.000000e+05	4.698224e-01	5.945538e-01	6.023381e-01
10	10_15458	15458	0	G	A	0.100	1.172220e+01	1.587630e+01	-9.878890e+01	1.000000e-05	1.000000e+05	4.698224e-01	5.945538e-01	6.023381e-01
10	10_15461	15461	0	T	C	0.100	1.172220e+01	1.587630e+01	-9.878890e+01	1.000000e-05	1.000000e+05	4.698224e-01	5.945538e-01	6.023381e-01
10	10_15463	15463	0	A	T	0.100	1.172220e+01	1.587630e+01	-9.878890e+01	1.000000e-05	1.000000e+05	4.698224e-01	5.945538e-01	6.023381e-01
10	10_15473	15473	0	C	T	0.100	1.172220e+01	1.587630e+01	-9.878890e+01	1.000000e-05	1.000000e+05	4.698224e-01	5.945538e-01	6.023381e-01
10	10_17879	17879	0	T	C	0.300	-9.690483e+00	1.029946e+01	-9.841617e+01	1.000000e-05	1.000000e+05	3.592263e-01	3.104566e-01	3.299248e-01
10	10_17897	17897	0	A	G	0.350	-1.168133e+01	9.754681e+00	-9.811718e+01	1.000000e-05	1.000000e+05	2.466401e-01	2.021583e-01	2.273340e-01
10	10_18092	18092	0	A	G	0.450	-2.939393e+00	9.692925e+00	-9.887241e+01	1.000000e-05	1.000000e+05	7.651753e-01	7.331364e-01	7.374502e-01
10	10_18647	18647	2	C	T	0.111	1.003134e+01	1.604199e+01	-9.762263e+01	1.000000e-05	1.000000e+05	5.396102e-01	1.058032e-01	1.347883e-01
10	10_18785	18785	1	G	A	0.105	-1.394115e+01	1.582466e+01	-9.879676e+01	1.000000e-05	1.000000e+05	3.899427e-01	6.049701e-01	6.124489e-01
10	10_18869	18869	0	G	A	0.200	-2.906249e+00	1.206674e+01	-9.891098e+01	1.000000e-05	1.000000e+05	8.123950e-01	8.432058e-01	8.454969e-01
10	10_18908	18908	0	G	A	0.350	2.274722e+00	1.012161e+01	-9.891854e+01	1.000000e-05	1.000000e+05	8.247138e-01	8.768786e-01	8.786388e-01
10	10_18915	18915	0	T	C	0.350	2.274722e+00	1.012161e+01	-9.891854e+01	1.000000e-05	1.000000e+05	8.247138e-01	8.768786e-01	8.786388e-01
10	10_18933	18933	0	A	G	0.350	9.087917e+00	9.906882e+00	-9.860690e+01	1.000000e-05	1.000000e+05	3.710961e-01	4.210899e-01	4.352353e-01
10	10_18941	18941	2	T	C	0.389	7.448053e+00	1.030487e+01	-9.877364e+01	1.000000e-05	1.000000e+05	4.791080e-01	5.753575e-01	5.837263e-01
10	10_18943	18943	1	G	A	0.421	4.301132e+00	9.994868e+00	-9.891878e+01	1.000000e-05	1.000000e+05	6.720610e-01	8.781218e-01	8.798629e-01
10	10_18988	18988	4	A	G	0.188	-1.280768e+01	1.351509e+01	-9.860211e+01	1.000000e-05	1.000000e+05	3.558538e-01	4.176712e-01	4.319671e-01
10	10_18992	18992	0	A	G	0.150	-1.523529e+01	1.305432e+01	-9.836853e+01	1.000000e-05	1.000000e+05	2.584115e-01	2.890526e-01	3.096392e-01
10	10_18997	18997	2	G	A	0.167	-1.729999e+01	1.305180e+01	-9.824181e+01	1.000000e-05	1.000000e+05	2.015880e-01	2.405328e-01	2.636989e-01
10	10_19002	19002	0	T	C	0.150	-1.523527e+01	1.305433e+01	-9.869531e+01	1.000000e-05	1.000000e+05	2.584126e-01	4.927746e-01	5.039898e-01
10	10_19004	19004	0	G	A	0.150	-1.523527e+01	1.305433e+01	-9.869531e+01	1.000000e-05	1.000000e+05	2.584126e-01	4.927746e-01	5.039898e-01
10	10_19015	19015	0	A	G	0.150	-1.523527e+01	1.305433e+01	-9.869531e+01	1.000000e-05	1.000000e+05	2.584126e-01	4.927746e-01	5.039898e-01
10	10_19031	19031	0	G	A	0.100	-1.466666e+01	1.573974e+01	-9.852430e+01	1.000000e-05	1.000000e+05	3.637589e-01	3.673893e-01	3.840075e-01
10	10_19067	19067	1	A	T	0.105	-1.795583e+01	1.559827e+01	-9.875627e+01	1.000000e-05	1.000000e+05	2.647360e-01	5.549416e-01	5.639631e-01
10	10_318276	318276	0	G	A	0.250	8.599981e+00	1.097918e+01	-9.871857e+01	1.000000e-05	1.000000e+05	4.436364e-01	5.149761e-01	5.253715e-01
10	10_387430	387430	1	G	A	0.105	7.426449e+00	1.606719e+01	-9.893053e+01	1.000000e-05	1.000000e+05	6.494672e-01	9.959236e-01	9.959798e-01
10	10_583208	583208	1	A	G	0.474	5.627797e+00	9.844929e+00	-9.841985e+01	1.000000e-05	1.000000e+05	5.746327e-01	3.121910e-01	3.315696e-01
10	10_584652	584652	0	G	T	0.450	4.838382e+00	9.650507e+00	-9.884210e+01	1.000000e-05	1.000000e+05	6.221938e-01	6.740666e-01	6.797107e-01
10	10_724149	724149	0	G	A	0.150	-1.405885e+01	1.312746e+01	-9.798652e+01	1.000000e-05	1.000000e+05	2.983424e-01	1.694238e-01	1.961982e-01
10	10_724150	724150	0	A	G	0.150	-1.405885e+01	1.312746e+01	-9.798652e+01	1.000000e-05	1.000000e+05	2.983424e-01	1.694238e-01	1.961982e-01
11	11_9749	9749	0	A	G	0.100	8.111049e+00	1.600111e+01	-9.891032e+01	1.000000e-05	1.000000e+05	6.183745e-01	8.406383e-01	8.429713e-01
11	11_10019	10019	3	G	C	0.353	-8.962054e+00	1.076752e+01	-9.892880e+01	1.000000e-05	1.000000e+05	4.161334e-01	9.528969e-01	9.535498e-01
11	11_10896	10896	0	C	G	0.100	3.666689e+00	1.609171e+01	-9.885320e+01	1.000000e-05	1.000000e+05	8.223218e-01	6.940955e-01	6.992659e-01
11	11_10931	10931	0	T	A	0.150	1.221567e+01	1.322953e+01	-9.869142e+01	1.000000e-05	1.000000e+05	3.680302e-01	4.892229e-01	5.005731e-01
11	11_10934	10934	0	G	T	0.200	7.406267e+00	1.195944e+01	-9.868942e+01	1.000000e-05	1.000000e+05	5.434901e-01	4.874086e-01	4.988282e-01
11	11_104630	104630	0	A	G	0.250	-9.266680e+00	1.094900e+01	-9.841729e+01	1.000000e-05	1.000000e+05	4.084691e-01	3.109816e-01	3.304227e-01
11	11_104688	104688	1	G	A	0.211	-1.450005e+01	1.167659e+01	-9.753063e+01	1.000000e-05	1.000000e+05	2.302463e-01	9.427466e-02	1.234031e-01
11	11_384025	384025	0	T	C	0.200	-1.968792e+00	1.207726e+01	-9.866767e+01	1.000000e-05	1.000000e+05	8.723217e-01	4.683993e-01	4.805623e-01
11	11_547884	547884	0	C	T	0.100	8.111086e+00	1.600113e+01	-9.893030e+01	1.000000e-05	1.000000e+05	6.183734e-01	9.824969e-01	9.827384e-01
11	11_804706	804706	1	A	G	0.316	1.529488e+01	1.004329e+01	-9.725762e+01	1.000000e-05	1.000000e+05	1.451601e-01	6.737488e-02	9.621839e-02
11	11_804710	804710	3	C	T	0.294	1.889166e+01	1.061199e+01	-9.726157e+01	1.000000e-05	1.000000e+05	9.192672e-02	6.769961e-02	9.655357e-02
11	11_804742	804742	2	G	A	0.389	-1.928117e+01	9.418786e+00	-9.522038e+01	1.223615e-01	1.000000e+05	5.553277e-02	6.449104e-03	2.278343e-02
11	11_804763	804763	2	C	T	0.167	-1.616670e+01	1.313228e+01	-9.775112e+01	1.000000e-05	1.000000e+05	2.341419e-01	1.245754e-01	1.531073e-01
11	11_966513	966513	1	T	A	0.158	5.072918e+00	1.354989e+01	-9.883178e+01	1.000000e-05	1.000000e+05	7.124897e-01	6.567247e-01	6.627991e-01
11	11_966516	966516	0	C	T	0.150	6.137256e+00	1.346173e+01	-9.878438e+01	1.000000e-05	1.000000e+05	6.539114e-01	5.887390e-01	5.966975e-01
11	11_966519	966519	0	C	T	0.150	6.137256e+00	1.346173e+01	-9.878438e+01	1.000000e-05	1.000000e+05	6.539114e-01	5.887390e-01	5.966975e-01
11	11_966569	966569	1	C	G	0.105	-1.105885e+01	1.595066e+01	-9.862174e+01	1.000000e-05	1.000000e+05	4.969607e-01	4.319440e-01	4.456179e-01
11	11_966644	966644	3	C	A	0.176	-1.467850e+01	1.331287e+01	-9.883519e+01	1.000000e-05	1.000000e+05	2.847339e-01	6.623327e-01	6.682659e-01
11	11_966669	966669	1	C	T	0.316	-8.685910e+00	1.047247e+01	-9.853889e+01	1.000000e-05	1.000000e+05	4.177399e-01	3.761360e-01	3.923361e-01
11	11_966684	966684	2	T	C	0.444	-5.275018e+00	1.017982e+01	-9.866111e+01	1.000000e-05	1.000000e+05	6.106411e-01	4.629042e-01	4.752878e-01
11	11_966699	966699	1	T	C	0.263	-6.142886e+00	1.117053e+01	-9.844251e+01	1.000000e-05	1.000000e+05	5.891343e-01	3.231751e-01	3.419893e-01
11	11_966700	966700	2	G	A	0.278	-5.230802e+00	1.131042e+01	-9.847994e+01	1.000000e-05	1.000000e+05	6.492812e-01	3.424600e-01	3.603005e-01
11	11_966735	966735	0	A	C	0.200	-2.500079e-01	1.208604e+01	-9.892399e+01	1.000000e-05	1.000000e+05	9.837240e-01	9.088681e-01	9.101499e-01
11	11_966738	966738	1	T	A	0.211	-9.833493e-01	1.216429e+01	-9.888030e+01	1.000000e-05	1.000000e+05	9.364620e-01	7.512454e-01	7.551896e-01
11	11_966756	966756	0	A	G	0.150	3.980417e+00	1.350669e+01	-9.881802e+01	1.000000e-05	1.000000e+05	7.715952e-01	6.352324e-01	6.418676e-01
11	11_966757	966757	0	T	C	0.150	3.980417e+00	1.350669e+01	-9.881802e+01	1.000000e-05	1.000000e+05	7.715952e-01	6.352324e-01	6.418676e-01
11	11_966771	966771	0	T	C	0.200	-2.500098e-01	1.208604e+01	-9.891100e+01	1.000000e-05	1.000000e+05	9.837239e-01	8.432946e-01	8.455843e-01
11	11_1478119	1478119	0	A	G	0.300	-4.809531e+00	1.048860e+01	-9.880946e+01	1.000000e-05	1.000000e+05	6.520466e-01	6.226553e-01	6.296332e-01
12	12_11092	11092	0	G	A	0.450	1.404038e+00	9.712040e+00	-9.889972e+01	1.000000e-05	1.000000e+05	8.866593e-01	8.039074e-01	8.068637e-01
12	12_11094	11094	0	A	G	0.400	-1.314589e+01	9.369282e+00	-9.733795e+01	1.000000e-05	1.000000e+05	1.776065e-01	7.430906e-02	1.033320e-01
12	12_11122	11122	0	G	C	0.350	1.590113e+01	9.417423e+00	-9.766192e+01	1.000000e-05	1.000000e+05	1.085678e-01	1.111886e-01	1.400683e-01
12	12_11170	11170	0	C	T	0.450	9.888899e+00	9.434004e+00	-9.860124e+01	1.000000e-05	1.000000e+05	3.084096e-01	4.170531e-01	4.313764e-01
12	12_11223	11223	0	G	C	0.250	-5.266643e+00	1.109552e+01	-9.891786e+01	1.000000e-05	1.000000e+05	6.407345e-01	8.734796e-01	8.752919e-01
12	12_11400	11400	0	A	C	0.400	-1.158335e+01	9.483146e+00	-9.834237e+01	1.000000e-05	1.000000e+05	2.376666e-01	2.781038e-01	2.992691e-01
12	12_11406	11406	0	A	G	0.400	-1.158335e+01	9.483146e+00	-9.834237e+01	1.000000e-05	1.000000e+05	2.376666e-01	2.781038e-01	2.992691e-01
12	12_11407	11407	0	C	A	0.400	-1.158335e+01	9.483146e+00	-9.834237e+01	1.000000e-05	1.000000e+05	2.376666e-01	2.781038e-01	2.992691e-01
12	12_11410	11410	0	C	T	0.400	-1.158335e+01	9.483146e+00	-9.834237e+01	1.000000e-05	1.000000e+05	2.376666e-01	2.781038e-01	2.992691e-01
12	12_11413	11413	1	T	G	0.421	-1.359095e+01	9.521744e+00	-9.782021e+01	1.000000e-05	1.000000e+05	1.705951e-01	1.361741e-01	1.643244e-01
12	12_13936	13936	0	C	T	0.150	-1.190195e+01	1.324541e+01	-9.868177e+01	1.000000e-05	1.000000e+05	3.807439e-01	4.805874e-01	4.922702e-01
12	12_13979	13979	2	T	C	0.167	-1.106666e+01	1.342285e+01	-9.870795e+01	1.000000e-05	1.000000e+05	4.204675e-01	5.046374e-01	5.154094e-01
12	12_14009	14009	0	C	T	0.250	-3.799999e+00	1.112875e+01	-9.886927e+01	1.000000e-05	1.000000e+05	7.367127e-01	7.262891e-01	7.307471e-01
12	12_14035	14035	1	C	T	0.368	-9.095245e+00	1.005661e+01	-9.862136e+01	1.000000e-05	1.000000e+05	3.777266e-01	4.316598e-01	4.453459e-01
12	12_14096	14096	1	C	T	0.421	3.607925e+00	1.001009e+01	-9.891509e+01	1.000000e-05	1.000000e+05	7.227212e-01	8.604470e-01	8.624623e-01
12	12_14104	14104	2	C	T	0.389	-5.357186e+00	1.037679e+01	-9.818420e+01	1.000000e-05	1.000000e+05	6.119527e-01	2.218007e-01	2.459579e-01
12	12_14114	14114	0	T	C	0.300	1.499966e+00	1.054376e+01	-9.884463e+01	1.000000e-05	1.000000e+05	8.884540e-01	6.785032e-01	6.840403e-01
12	12_14125	14125	1	A	G	0.263	-5.000056e+00	1.120216e+01	-9.818486e+01	1.000000e-05	1.000000e+05	6.606694e-01	2.220056e-01	2.461520e-01
12	12_14197	14197	0	G	A	0.200	-9.377992e-02	1.208616e+01	-9.890124e+01	1.000000e-05	1.000000e+05	9.938944e-01	8.087195e-01	8.115913e-01
12	12_14202	14202	0	A	G	0.200	-9.377992e-02	1.208616e+01	-9.890124e+01	1.000000e-05	1.000000e+05	9.938944e-01	8.087195e-01	8.115913e-01
12	12_14301	14301	2	G	A	0.500	-1.388894e+01	9.651909e+00	-9.719428e+01	1.000000e-05	1.000000e+05	1.673180e-01	6.239645e-02	9.105150e-02
12	12_14318	14318	0	A	G	0.300	-1.933337e+01	9.514738e+00	-9.602411e+01	1.000000e-05	1.000000e+05	5.718781e-02	1.590944e-02	3.749801e-02
12	12_14741	14741	1	C	G	0.474	6.433317e+00	9.817486e+00	-9.889493e+01	1.000000e-05	1.000000e+05	5.205676e-01	7.895695e-01	7.927828e-01
12	12_14783	14783	2	A	G	0.222	5.392872e+00	1.219153e+01	-9.866056e+01	1.000000e-05	1.000000e+05	6.635083e-01	4.624459e-01	4.748479e-01
12	12_15014	15014	2	A	G	0.389	-4.292252e+00	1.040426e+01	-9.843377e+01	1.000000e-05	1.000000e+05	6.848102e-01	3.188773e-01	3.379115e-01
12	12_19728	19728	0	A	G	0.100	-1.605554e+01	1.566426e+01	-9.868664e+01	1.000000e-05	1.000000e+05	3.189514e-01	4.849062e-01	4.964219e-01
12	12_19741	19741	0	C	T	0.250	-1.033335e+01	1.089583e+01	-9.841637e+01	1.000000e-05	1.000000e+05	3.554974e-01	3.105488e-01	3.300122e-01
12	12_356356	356356	0	A	G	0.100	-1.022222e+01	1.593377e+01	-9.875583e+01	1.000000e-05	1.000000e+05	5.292544e-01	5.544407e-01	5.634787e-01
12	12_356358	356358	0	A	G	0.100	-1.022222e+01	1.593377e+01	-9.875583e+01	1.000000e-05	1.000000e+05	5.292544e-01	5.544407e-01	5.634787e-01
12	12_356374	356374	0	G	A	0.100	-1.022222e+01	1.593377e+01	-9.875583e+01	1.000000e-05	1.000000e+05	5.292544e-01	5.544407e-01	5.634787e-01
12	12_502808	502808	2	A	G	0.444	-3.500120e-01	1.025513e+01	-9.885224e+01	1.000000e-05	1.000000e+05	9.731488e-01	6.923085e-01	6.975201e-01
12	12_502864	502864	2	T	C	0.444	-4.625108e-01	1.025488e+01	-9.893054e+01	1.000000e-05	1.000000e+05	9.645230e-01	9.996982e-01	9.997024e-01
12	12_502865	502865	2	G	T	0.444	-4.625108e-01	1.025488e+01	-9.893054e+01	1.000000e-05	1.000000e+05	9.645230e-01	9.996982e-01	9.997024e-01
12	12_502882	502882	2	G	A	0.389	3.655852e+00	1.041776e+01	-9.870301e+01	1.000000e-05	1.000000e+05	7.297184e-01	4.999445e-01	5.108905e-01
12	12_502888	502888	0	G	A	0.450	5.949508e+00	9.615941e+00	-9.839435e+01	1.000000e-05	1.000000e+05	5.438566e-01	3.004096e-01	3.204003e-01
12	12_502890	502890	3	G	A	0.412	8.485750e+00	1.046524e+01	-9.781905e+01	1.000000e-05	1.000000e+05	4.280428e-01	1.359705e-01	1.641280e-01
12	12_502909	502909	0	C	T	0.350	-1.461560e+00	1.012996e+01	-9.877837e+01	1.000000e-05	1.000000e+05	8.868817e-01	5.811732e-01	5.893620e-01
12	12_502926	502926	2	G	C	0.444	-9.837528e+00	9.989899e+00	-9.833317e+01	1.000000e-05	1.000000e+05	3.378007e-01	2.743741e-01	2.957373e-01
12	12_502937	502937	3	C	T	0.353	3.053025e+00	1.094916e+01	-9.892404e+01	1.000000e-05	1.000000e+05	7.835485e-01	9.092288e-01	9.105053e-01
12	12_502942	502942	1	T	C	0.421	2.732936e+00	1.002548e+01	-9.892747e+01	1.000000e-05	1.000000e+05	7.882641e-01	9.374978e-01	9.383677e-01
12	12_502956	502956	2	A	G	0.333	3.916669e+00	1.077072e+01	-9.888377e+01	1.000000e-05	1.000000e+05	7.203625e-01	7.597144e-01	7.634912e-01
12	12_503049	503049	1	C	G	0.158	-1.644795e+01	1.303838e+01	-9.726736e+01	1.000000e-05	1.000000e+05	2.232317e-01	6.817735e-02	9.704630e-02
12	12_503112	503112	3	G	A	0.235	-2.237501e+01	1.118053e+01	-9.673490e+01	1.000000e-05	1.000000e+05	6.067563e-02	3.612318e-02	6.252604e-02
12	12_503171	503171	3	G	A	0.235	-3.740398e+00	1.233047e+01	-9.869720e+01	1.000000e-05	1.000000e+05	7.651043e-01	4.945170e-01	5.056664e-01
12	12_503254	503254	0	C	G	0.350	-1.131873e+00	1.013229e+01	-9.893027e+01	1.000000e-05	1.000000e+05	9.122900e-01	9.814585e-01	9.817143e-01
12	12_503293	503293	1	A	C	0.421	9.130685e+00	9.812928e+00	-9.861650e+01	1.000000e-05	1.000000e+05	3.644373e-01	4.280618e-01	4.419032e-01
12	12_503311	503311	1	A	C	0.474	7.866657e+00	9.759317e+00	-9.863081e+01	1.000000e-05	1.000000e+05	4.307258e-01	4.387868e-01	4.521687e-01
12	12_503313	503313	2	T	A	0.500	-6.111094e+00	1.008967e+01	-9.882213e+01	1.000000e-05	1.000000e+05	5.522896e-01	6.414680e-01	6.479373e-01
12	12_503321	503321	3	C	T	0.471	-1.358334e+01	1.000590e+01	-9.792764e+01	1.000000e-05	1.000000e+05	1.913893e-01	1.566997e-01	1.840400e-01
12	12_503327	503327	2	A	C	0.389	-2.009091e+01	9.319208e+00	-9.709023e+01	1.000000e-05	1.000000e+05	4.487397e-02	5.504808e-02	8.331516e-02
12	12_503356	503356	1	A	C	0.316	-1.748077e+01	9.843168e+00	-9.828829e+01	1.000000e-05	1.000000e+05	9.265243e-02	2.570652e-01	2.793501e-01
12	12_503357	503357	1	T	G	0.316	-1.748077e+01	9.843168e+00	-9.828829e+01	1.000000e-05	1.000000e+05	9.265243e-02	2.570652e-01	2.793501e-01
12	12_503364	503364	1	T	C	0.316	-1.748077e+01	9.843168e+00	-9.828829e+01	1.000000e-05	1.000000e+05	9.265243e-02	2.570652e-01	2.793501e-01
12	12_503366	503366	1	C	T	0.316	-1.748077e+01	9.843168e+00	-9.828829e+01	1.000000e-05	1.000000e+05	9.265243e-02	2.570652e-01	2.793501e-01
12	12_503401	503401	1	A	G	0.421	-1.968749e+01	8.910211e+00	-9.737792e+01	1.000000e-05	1.000000e+05	4.033366e-02	7.804076e-02	1.071256e-01
12	12_503416	503416	0	G	A	0.200	-1.587502e+01	1.149240e+01	-9.856171e+01	1.000000e-05	1.000000e+05	1.840799e-01	3.904147e-01	4.059447e-01
12	12_503422	503422	0	T	G	0.150	-1.503924e+01	1.306697e+01	-9.835285e+01	1.000000e-05	1.000000e+05	2.648190e-01	2.824251e-01	3.033616e-01
12	12_503453	503453	0	T	C	0.100	-1.077773e+01	1.591342e+01	-9.891953e+01	1.000000e-05	1.000000e+05	5.068448e-01	8.820139e-01	8.836957e-01
12	12_537923	537923	0	G	A	0.400	1.112501e+01	9.513558e+00	-9.818794e+01	1.000000e-05	1.000000e+05	2.575014e-01	2.229622e-01	2.470584e-01
13	13_11108	11108	0	C	T	0.150	-8.764761e+00	1.338068e+01	-9.788533e+01	1.000000e-05	1.000000e+05	5.207317e-01	1.482252e-01	1.759176e-01
13	13_11118	11118	0	T	C	0.250	1.473332e+01	1.061092e+01	-9.819165e+01	1.000000e-05	1.000000e+05	1.819279e-01	2.241225e-01	2.481577e-01
13	13_11130	11130	1	A	G	0.263	1.779999e+01	1.045346e+01	-9.758065e+01	1.000000e-05	1.000000e+05	1.058136e-01	1.003627e-01	1.294305e-01
13	13_52884	52884	0	A	G	0.100	3.727780e+01	1.350880e+01	-9.476462e+01	1.000000e-05	1.000000e+05	1.290742e-02	3.895600e-03	1.770757e-02
13	13_128625	128625	4	A	G	0.375	3.249992e+00	1.113842e+01	-9.892552e+01	1.000000e-05	1.000000e+05	7.737892e-01	9.202103e-01	9.213274e-01
13	13_128715	128715	3	G	A	0.353	9.613634e+00	1.073625e+01	-9.858243e+01	1.000000e-05	1.000000e+05	3.823724e-01	4.040559e-01	4.189608e-01
13	13_128729	128729	3	G	A	0.294	1.384167e+01	1.103621e+01	-9.831890e+01	1.000000e-05	1.000000e+05	2.258109e-01	2.687170e-01	2.903810e-01
13	13_162462	162462	0	A	G	0.200	-2.750047e+00	1.206879e+01	-9.873719e+01	1.000000e-05	1.000000e+05	8.223200e-01	5.340392e-01	5.437631e-01
13	13_219021	219021	1	C	T	0.158	4.229146e+00	1.356597e+01	-9.892941e+01	1.000000e-05	1.000000e+05	7.588152e-01	9.621566e-01	9.626801e-01
13	13_219311	219311	0	A	T	0.150	5.549054e+00	1.347592e+01	-9.864910e+01	1.000000e-05	1.000000e+05	6.853659e-01	4.531034e-01	4.658867e-01
13	13_219312	219312	0	A	G	0.150	5.549054e+00	1.347592e+01	-9.864910e+01	1.000000e-05	1.000000e+05	6.853659e-01	4.531034e-01	4.658867e-01
13	13_655915	655915	0	A	G	0.400	-1.200004e+01	9.454300e+00	-9.761762e+01	1.000000e-05	1.000000e+05	2.205125e-01	1.051373e-01	1.341339e-01
13	13_742766	742766	3	G	A	0.176	-1.002380e+01	1.355069e+01	-9.884545e+01	1.000000e-05	1.000000e+05	4.690047e-01	6.799580e-01	6.854602e-01
13	13_742771	742771	0	C	A	0.200	-1.353127e+01	1.165779e+01	-9.823461e+01	1.000000e-05	1.000000e+05	2.609241e-01	2.380896e-01	2.613856e-01
14	14_155590	155590	0	T	C	0.200	3.584380e+01	8.642872e+00	-9.151974e+01	1.000000e-05	1.000000e+05	6.052179e-04	1.181743e-04	4.590350e-03
14	14_342562	342562	0	G	T	0.450	-2.030362e+00	9.705875e+00	-9.845123e+01	1.000000e-05	1.000000e+05	8.366499e-01	3.275325e-01	3.461247e-01
14	14_383626	383626	0	G	A	0.100	8.111086e+00	1.600113e+01	-9.893030e+01	1.000000e-05	1.000000e+05	6.183734e-01	9.824969e-01	9.827384e-01
14	14_852745	852745	0	G	T	0.100	8.111086e+00	1.600113e+01	-9.893030e+01	1.000000e-05	1.000000e+05	6.183734e-01	9.824969e-01	9.827384e-01
14	14_908850	908850	0	G	A	0.450	5.444501e+00	9.632549e+00	-9.802642e+01	1.000000e-05	1.000000e+05	5.789023e-01	1.787195e-01	2.050574e-01
14	14_908994	908994	1	C	T	0.105	-1.064709e+01	1.596621e+01	-9.854763e+01	1.000000e-05	1.000000e+05	5.133251e-01	3.815152e-01	3.974611e-01
14	14_909011	909011	1	T	C	0.105	-1.064709e+01	1.596621e+01	-9.854763e+01	1.000000e-05	1.000000e+05	5.133251e-01	3.815152e-01	3.974611e-01
14	14_909450	909450	0	G	T	0.250	2.748645e+01	9.050267e+00	-9.415649e+01	3.943998e+00	1.000000e+05	7.089262e-03	2.001565e-03	1.302169e-02
14	14_909472	909472	0	G	T	0.300	5.071479e+00	1.048175e+01	-9.838806e+01	1.000000e-05	1.000000e+05	6.343342e-01	2.975915e-01	3.177296e-01
14	14_909504	909504	1	T	G	0.316	4.615442e+00	1.061513e+01	-9.836263e+01	1.000000e-05	1.000000e+05	6.688768e-01	2.865361e-01	3.072553e-01
14	14_909638	909638	0	C	T	0.350	-4.318704e+00	1.008457e+01	-9.880818e+01	1.000000e-05	1.000000e+05	6.735506e-01	6.208180e-01	6.278469e-01
14	14_909661	909661	1	G	A	0.316	2.410248e+00	1.065559e+01	-9.887336e+01	1.000000e-05	1.000000e+05	8.235979e-01	7.352421e-01	7.395120e-01
14	14_909704	909704	0	G	A	0.400	2.062464e+00	9.856349e+00	-9.890408e+01	1.000000e-05	1.000000e+05	8.366012e-01	8.180638e-01	8.207741e-01
14	14_910040	910040	1	A	G	0.368	7.851169e+00	1.011467e+01	-9.891426e+01	1.000000e-05	1.000000e+05	4.477016e-01	8.568023e-01	8.588752e-01
14	14_910103	910103	0	A	G	0.400	-2.312514e+00	9.853269e+00	-9.876702e+01	1.000000e-05	1.000000e+05	8.170944e-01	5.674064e-01	5.760256e-01
14	14_910152	910152	1	A	G	0.316	5.429512e+00	1.059372e+01	-9.874372e+01	1.000000e-05	1.000000e+05	6.145175e-01	5.410217e-01	5.505070e-01
14	14_910181	910181	1	G	A	0.368	8.452412e-01	1.028065e+01	-9.892652e+01	1.000000e-05	1.000000e+05	9.353817e-01	9.285339e-01	9.295314e-01
14	14_910258	910258	1	T	G	0.474	1.594431e+00	9.926794e+00	-9.892136e+01	1.000000e-05	1.000000e+05	8.741824e-01	8.922042e-01	8.937325e-01
14	14_910323	910323	0	T	C	0.400	2.062517e+00	9.856344e+00	-9.885368e+01	1.000000e-05	1.000000e+05	8.365970e-01	6.949972e-01	7.001468e-01
14	14_910328	910328	0	G	A	0.450	-1.525246e+00	9.711002e+00	-9.891072e+01	1.000000e-05	1.000000e+05	8.769430e-01	8.421862e-01	8.444939e-01
14	14_910510	910510	1	A	G	0.368	-4.702335e+00	1.022265e+01	-9.887098e+01	1.000000e-05	1.000000e+05	6.510298e-01	7.299815e-01	7.343614e-01
14	14_910555	910555	2	C	T	0.333	-6.916652e+00	1.068657e+01	-9.886577e+01	1.000000e-05	1.000000e+05	5.256532e-01	7.189017e-01	7.235180e-01
14	14_910742	910742	0	A	G	0.400	-4.812504e+00	9.802914e+00	-9.884394e+01	1.000000e-05	1.000000e+05	6.294106e-01	6.772825e-01	6.828489e-01
14	14_910822	910822	0	G	A	0.250	4.866647e+00	1.110566e+01	-9.891533e+01	1.000000e-05	1.000000e+05	6.664454e-01	8.615432e-01	8.635412e-01
14	14_910834	910834	1	T	A	0.158	1.407291e+01	1.319192e+01	-9.857652e+01	1.000000e-05	1.000000e+05	3.001702e-01	4.000930e-01	4.151780e-01
14	14_910926	910926	3	G	A	0.412	1.131432e+01	1.031551e+01	-9.746982e+01	1.000000e-05	1.000000e+05	2.871747e-01	8.740951e-02	1.165597e-01
14	14_910939	910939	3	A	C	0.471	5.923626e+00	1.041244e+01	-9.870961e+01	1.000000e-05	1.000000e+05	5.764548e-01	5.062241e-01	5.169378e-01
14	14_910964	910964	1	A	G	0.474	-1.321112e+01	9.433237e+00	-9.785076e+01	1.000000e-05	1.000000e+05	1.783702e-01	1.416850e-01	1.696329e-01
14	14_910966	910966	0	T	C	0.500	1.330001e+01	9.146654e+00	-9.791419e+01	1.000000e-05	1.000000e+05	1.631379e-01	1.539469e-01	1.814040e-01
14	14_910979	910979	2	A	G	0.389	5.129919e-01	1.045264e+01	-9.893008e+01	1.000000e-05	1.000000e+05	9.613978e-01	9.759341e-01	9.762663e-01
14	14_911099	911099	2	A	G	0.444	7.500030e+00	1.010196e+01	-9.849594e+01	1.000000e-05	1.000000e+05	4.674036e-01	3.511752e-01	3.685835e-01
14	14_911129	911129	2	T	C	0.389	-7.240267e+00	1.031310e+01	-9.859918e+01	1.000000e-05	1.000000e+05	4.916299e-01	4.156016e-01	4.299891e-01
14	14_911206	911206	1	G	A	0.316	6.512848e+00	1.055971e+01	-9.839348e+01	1.000000e-05	1.000000e+05	5.451133e-01	3.000148e-01	3.200261e-01
14	14_911262	911262	2	A	C	0.111	-1.131245e+01	1.599459e+01	-9.885113e+01	1.000000e-05	1.000000e+05	4.884569e-01	6.902398e-01	6.954995e-01
14	14_911292	911292	1	A	G	0.158	5.520869e+00	1.354017e+01	-9.874842e+01	1.000000e-05	1.000000e+05	6.882733e-01	5.461643e-01	5.554765e-01
14	14_911297	911297	3	A	C	0.176	5.619084e+00	1.369120e+01	-9.876468e+01	1.000000e-05	1.000000e+05	6.863450e-01	5.646424e-01	5.733498e-01
14	14_911308	911308	1	C	T	0.105	-1.308823e+01	1.586509e+01	-9.862685e+01	1.000000e-05	1.000000e+05	4.201875e-01	4.357748e-01	4.492847e-01
14	14_911314	911314	0	A	G	0.100	-1.383332e+01	1.578161e+01	-9.860371e+01	1.000000e-05	1.000000e+05	3.922809e-01	4.188098e-01	4.330554e-01
14	14_911321	911321	0	G	A	0.150	-1.680393e+01	1.294696e+01	-9.804374e+01	1.000000e-05	1.000000e+05	2.107059e-01	1.829373e-01	2.090720e-01
14	14_911352	911352	2	G	A	0.500	-2.499956e+00	1.017491e+01	-9.875084e+01	1.000000e-05	1.000000e+05	8.086956e-01	5.488385e-01	5.580615e-01
14	14_911375	911375	1	G	A	0.211	-2.049988e+00	1.215689e+01	-9.890907e+01	1.000000e-05	1.000000e+05	8.679699e-01	8.358565e-01	8.382680e-01
14	14_911385	911385	1	G	A	0.263	-4.492863e+00	1.121409e+01	-9.870060e+01	1.000000e-05	1.000000e+05	6.933975e-01	4.976815e-01	5.087120e-01
14	14_911414	911414	1	G	A	0.158	-1.486459e+01	1.314360e+01	-9.826202e+01	1.000000e-05	1.000000e+05	2.729255e-01	2.475578e-01	2.703497e-01
14	14_924025	924025	0	C	T	0.350	1.395586e+00	1.013048e+01	-9.889790e+01	1.000000e-05	1.000000e+05	8.919586e-01	7.983328e-01	8.013880e-01
14	14_924047	924047	1	A	C	0.263	6.642850e+00	1.115464e+01	-9.889884e+01	1.000000e-05	1.000000e+05	5.589078e-01	8.012065e-01	8.042105e-01
14	14_924049	924049	1	A	T	0.263	6.642850e+00	1.115464e+01	-9.889884e+01	1.000000e-05	1.000000e+05	5.589078e-01	8.012065e-01	8.042105e-01
14	14_924050	924050	1	G	C	0.263	6.642850e+00	1.115464e+01	-9.889884e+01	1.000000e-05	1.000000e+05	5.589078e-01	8.012065e-01	8.042105e-01
14	14_924059	924059	0	T	C	0.200	1.459375e+01	1.158636e+01	-9.831578e+01	1.000000e-05	1.000000e+05	2.239151e-01	2.675001e-01	2.892288e-01
14	14_924128	924128	0	G	A	0.100	1.255550e+01	1.584085e+01	-9.891957e+01	1.000000e-05	1.000000e+05	4.383320e-01	8.822543e-01	8.839325e-01
14	14_924776	924776	0	A	G	0.100	1.255550e+01	1.584085e+01	-9.891957e+01	1.000000e-05	1.000000e+05	4.383320e-01	8.822543e-01	8.839325e-01
14	14_924866	924866	0	G	A	0.400	6.645896e+00	9.743207e+00	-9.803678e+01	1.000000e-05	1.000000e+05	5.038558e-01	1.812291e-01	2.074464e-01
